Version 1.25
******************************************** Units *******************************************
System CGS
TemperatureUnit K
MomentUnit emu
AppliedFieldUnit G
 
******************************************** Setup ********************************************
 
Experiment CustomField
Minor False
Acquisition PointByPoint
EditedPoint No
MaxField 2500
FieldIncrement 100
Points 123
MinField 0
RampRate 7.5187969924812
AverageTime 3
TimeInterval 0
TimeConstant 0.3
TimeConstantIndex 1
Sensitivity -0.0013
SensitivityIndex 5
SensitivityY -0.4
SensitivityIndexY 1
SaturationField 8000
ExperimentTime 369
Use735Domains False
AutoRangeEnabled False
NumberOfVertices 7
VertexPts
0
17
44
61
78
105
122
VertexField
2500
100
-100
-2500
-100
100
2500
StartAngle 0
EndAngle 0
AngleIncrement 0
StartTemp 0
FinishTemp 0
TempIncrement 0
TempPoints 0
LengthofSetPointsArray 123
SetPointArray
2500
2358.82352941176
2217.64705882353
2076.47058823529
1935.29411764706
1794.11764705882
1652.94117647059
1511.76470588235
1370.58823529412
1229.41176470588
1088.23529411765
947.058823529412
805.882352941176
664.705882352941
523.529411764706
382.35294117647
241.176470588235
100
92.5925925925926
85.1851851851852
77.7777777777778
70.3703703703704
62.962962962963
55.5555555555556
48.1481481481482
40.7407407407408
33.3333333333334
25.9259259259259
18.5185185185185
11.1111111111111
3.70370370370372
-3.70370370370368
-11.1111111111111
-18.5185185185185
-25.9259259259259
-33.3333333333333
-40.7407407407407
-48.1481481481481
-55.5555555555555
-62.9629629629629
-70.3703703703703
-77.7777777777777
-85.1851851851851
-92.5925925925926
-100
-241.176470588235
-382.352941176471
-523.529411764706
-664.705882352941
-805.882352941177
-947.058823529412
-1088.23529411765
-1229.41176470588
-1370.58823529412
-1511.76470588235
-1652.94117647059
-1794.11764705882
-1935.29411764706
-2076.47058823529
-2217.64705882353
-2358.82352941176
-2500
-2358.82352941176
-2217.64705882353
-2076.47058823529
-1935.29411764706
-1794.11764705882
-1652.94117647059
-1511.76470588235
-1370.58823529412
-1229.41176470588
-1088.23529411765
-947.058823529412
-805.882352941176
-664.705882352941
-523.529411764706
-382.35294117647
-241.176470588235
-100
-92.5925925925926
-85.1851851851852
-77.7777777777778
-70.3703703703704
-62.962962962963
-55.5555555555556
-48.1481481481482
-40.7407407407408
-33.3333333333334
-25.9259259259259
-18.5185185185185
-11.1111111111111
-3.70370370370372
3.70370370370368
11.1111111111111
18.5185185185185
25.9259259259259
33.3333333333333
40.7407407407407
48.1481481481481
55.5555555555555
62.9629629629629
70.3703703703703
77.7777777777777
85.1851851851851
92.5925925925926
100
241.176470588235
382.352941176471
523.529411764706
664.705882352941
805.882352941177
947.058823529412
1088.23529411765
1229.41176470588
1370.58823529412
1511.76470588235
1652.94117647059
1794.11764705882
1935.29411764706
2076.47058823529
2217.64705882353
2358.82352941176
2500
FieldDomainFile c:\Ideasvsm\Default UserID\Experiments\Hannah_2p5kG\fdomain.ini
TempDomainFile c:\Ideasvsm\Default UserID\Experiments\Hannah_2p5kG\tdomain.ini
NumSelectedResults 0
ResultsSelected 
UserName1 
UserValue1 
UserName2 
UserValue2 
LinearBackgroundCorrection Off
MaxLinearFieldCorrection 
MinLinearFieldCorrection 
AutoLinearCorrection Off
FitOneRegion Off
BackgroundMode Off
BackgroundFilename 
AutoCenter Off
OffsetCorrection 
SmoothDeriv Off
DerivOrder 0
DerivPoints 0
MinExFieldOne 
MaxExFieldOne 
MinExFieldTwo 
MaxExFieldTwo 
MinPinFieldOne 
MaxPinFieldOne 
MinPinFieldTwo 
MaxPinFieldTwo 
HCenterStart 
Mass 
Volume 
Density 
MolarWeight 
NumberOfMoles 
Demagnetization 
SampleArea 
Thickness 
MomentScaling 0
XAxis 0
YAxis 0
SimpleSpinValve False
HsatMax 0
HsatMin 0
FieldAutoRange True
 
*************************************************** Experiment Data ********************************************
 
DataPoints 123
MomentX Data
0.0000783662
0.000085029
0.0000881728
0.0000914605
0.0000952869
0.0000979486
0.000103123
0.000107299
0.000111079
0.000112543
0.000118643
0.000122815
0.000124783
0.000129563
0.000133715
0.000136525
0.000140537
0.000147463
0.000145293
0.000146185
0.000146072
0.000145631
0.000144504
0.000146934
0.000144387
0.000147699
0.00014713
0.000147405
0.000148217
0.000146664
0.000148013
0.000147422
0.000148894
0.000149049
0.000148325
0.000148757
0.00014882
0.0001483
0.000150947
0.000148896
0.000149711
0.000150494
0.000150202
0.000150634
0.000152036
0.000154899
0.000160209
0.000165613
0.00016822
0.000172348
0.000174016
0.000181222
0.000183877
0.000188312
0.000192019
0.00019812
0.000199315
0.000206189
0.000210041
0.000215441
0.000219
0.000222187
0.000217722
0.000214246
0.000210436
0.000205376
0.000202074
0.000198027
0.000192751
0.000190315
0.000184388
0.000181845
0.000176697
0.000174467
0.000168308
0.000162514
0.00015852
0.000154646
0.000151496
0.000150045
0.000150431
0.000149829
0.000149761
0.00015095
0.000149016
0.000150953
0.000149949
0.000147624
0.000149078
0.000149472
0.000147454
0.000148203
0.000147883
0.000146527
0.000148056
0.000146554
0.000145878
0.000146285
0.000146569
0.000148347
0.000146008
0.00014687
0.000145668
0.000144788
0.000145971
0.000146129
0.000141846
0.000136386
0.000133998
0.000128573
0.000123317
0.000119678
0.000115303
0.000110056
0.000107552
0.000102233
0.0000973765
0.0000951417
0.0000892124
0.0000847971
0.0000836279
0.0000763515
0.0000719277
MomentY Data
0.000000330607
0.000000193914
0.000000073115
0.0000000222524
-0.000000317891
-0.00000000794729
-0.000000123978
-0.000000665983
-0.000000357628
-0.000000162125
-0.000000168482
-0.000000166893
-0.000000286102
-0.000000073115
-0.000000120799
-0.000000128746
0.0000000413259
0.000000017484
-0.000000303586
-0.000000384649
-0.000000109673
-0.0000000683467
0.000000073115
-0.000000190735
-0.000000141462
-0.00000011762
-0.000000182788
-0.000000303586
-0.000000185966
-0.0000000158946
0.0000000508626
-0.000000230471
-0.000000267029
0.0000000842412
0.00000040849
-0.0000000969569
0.000000111262
0.0000000858307
0.0000000921885
0.000000101725
0.000000017484
0.000000244776
-0.000000224113
-0.0000000508626
-0.000000274976
0.0000000476837
-0.0000000429153
0.000000189145
0.000000255903
-0.000000247955
-0.000000120799
-0.0000000635783
0.000000123978
0.000000286102
0.000000486374
0.000000224113
0.000000295639
-0.000000120799
0.000000100136
0.000000445048
0.000000317891
0.000000551542
0.000000745455
0.000000441869
0.000000727971
0.0000000715256
-0.000000123978
-0.000000168482
0.0000000413259
-0.0000000699361
0.000000165304
-0.000000155767
0.0000000985463
-0.0000000365575
0.000000122388
0.000000336965
0.0000000238419
0.0000000238419
0.000000389417
-0.00000000635783
0.000000187556
0.000000227292
0.000000143051
0.0000000190735
0.000000452995
0.000000441869
0.0000000794729
0.000000232061
0.000000128746
0.0000000858307
-0.000000141462
-0.0000000667572
0.0000000492732
0.0000000715256
0.0000000794729
-0.000000276566
0.0000000317891
0.0000000254313
0.000000295639
0.000000303586
0.000000228882
-0.000000244776
0.00000000158947
0.0000000778834
0.000000432332
-0.000000133514
-0.0000000158946
2.36848E-15
-0.000000131925
-0.00000014623
-0.000000279744
-0.000000422796
-0.000000300407
-0.00000014782
-0.00000000635783
-0.000000182788
-0.0000000969569
-0.000000241597
-0.000000384649
-0.000000267029
-0.0000000651677
-0.000000241597
-0.000000510216
Field Data
2500.02
2358.82
2217.65
2076.47
1935.29
1794.11
1652.94
1511.76
1370.58
1229.41
1088.23
947.049
805.879
664.7
523.515
382.34
241.158
99.987
92.5882
85.1815
77.7756
70.3648
62.9675
55.5516
48.1486
40.7356
33.3272
25.9222
18.5127
11.1103
3.70099
-3.70371
-11.1109
-18.5226
-25.9257
-33.3338
-40.7347
-48.1488
-55.5559
-62.9626
-70.3706
-77.781
-85.1893
-92.5929
-100.001
-241.188
-382.37
-523.544
-664.729
-805.901
-947.082
-1088.26
-1229.42
-1370.61
-1511.78
-1652.95
-1794.14
-1935.31
-2076.5
-2217.67
-2358.85
-2500.01
-2358.83
-2217.64
-2076.47
-1935.29
-1794.11
-1652.94
-1511.75
-1370.58
-1229.4
-1088.22
-947.057
-805.867
-664.696
-523.519
-382.344
-241.166
-99.9873
-92.588
-85.1828
-77.7777
-70.3708
-62.9634
-55.5567
-48.1436
-40.7396
-33.3352
-25.9221
-18.5165
-11.1112
-3.70188
3.70604
11.1141
18.5181
25.9351
33.3365
40.7458
48.1508
55.5618
62.9623
70.3771
77.7765
85.1864
92.5942
100.004
241.185
382.355
523.539
664.714
805.892
947.067
1088.25
1229.42
1370.6
1511.78
1652.95
1794.13
1935.31
2076.49
2217.65
2358.84
2500.01
Time Data
0
10.468
20.889
31.294
41.715
52.12
62.541
72.962
83.414
93.866
104.287
114.754
125.16
135.581
146.001
156.391
167.873
178.341
188.761
199.198
209.634
220.055
230.476
240.928
251.333
261.785
272.191
282.627
293.032
303.453
313.843
324.264
334.685
345.074
355.448
365.854
376.259
386.68
397.116
407.522
417.927
428.348
438.784
450.235
460.64
472.075
483.556
493.993
504.414
514.881
525.302
535.739
546.144
556.549
566.939
577.329
587.796
598.202
609.636
620.073
630.478
640.93
651.367
661.803
672.24
682.645
693.035
703.455
713.845
724.25
734.687
745.092
755.544
765.949
776.37
786.807
797.212
808.647
819.052
829.489
839.91
850.33
860.751
871.188
881.64
892.076
902.528
912.965
923.386
933.791
944.196
954.601
966.052
976.52
986.94
997.377
1007.8
1018.2
1028.66
1039.06
1049.48
1059.92
1070.34
1080.78
1091.21
1101.66
1112.08
1123.52
1133.94
1144.35
1154.75
1165.17
1175.61
1186.03
1196.45
1206.87
1217.29
1227.73
1238.18
1248.68
1259.07
1269.51
1279.93
Temperature Data
0
0
0
0
0
0
0
0
0
0
0
0
0
0
0
0
0
0
0
0
0
0
0
0
0
0
0
0
0
0
0
0
0
0
0
0
0
0
0
0
0
0
0
0
0
0
0
0
0
0
0
0
0
0
0
0
0
0
0
0
0
0
0
0
0
0
0
0
0
0
0
0
0
0
0
0
0
0
0
0
0
0
0
0
0
0
0
0
0
0
0
0
0
0
0
0
0
0
0
0
0
0
0
0
0
0
0
0
0
0
0
0
0
0
0
0
0
0
0
0
0
0
0
Angle Data
0
0
0
0
0
0
0
0
0
0
0
0
0
0
0
0
0
0
0
0
0
0
0
0
0
0
0
0
0
0
0
0
0
0
0
0
0
0
0
0
0
0
0
0
0
0
0
0
0
0
0
0
0
0
0
0
0
0
0
0
0
0
0
0
0
0
0
0
0
0
0
0
0
0
0
0
0
0
0
0
0
0
0
0
0
0
0
0
0
0
0
0
0
0
0
0
0
0
0
0
0
0
0
0
0
0
0
0
0
0
0
0
0
0
0
0
0
0
0
0
0
0
0
Bx Data
0
0
0
0
0
0
0
0
0
0
0
0
0
0
0
0
0
0
0
0
0
0
0
0
0
0
0
0
0
0
0
0
0
0
0
0
0
0
0
0
0
0
0
0
0
0
0
0
0
0
0
0
0
0
0
0
0
0
0
0
0
0
0
0
0
0
0
0
0
0
0
0
0
0
0
0
0
0
0
0
0
0
0
0
0
0
0
0
0
0
0
0
0
0
0
0
0
0
0
0
0
0
0
0
0
0
0
0
0
0
0
0
0
0
0
0
0
0
0
0
0
0
0
Hint Data
0
0
0
0
0
0
0
0
0
0
0
0
0
0
0
0
0
0
0
0
0
0
0
0
0
0
0
0
0
0
0
0
0
0
0
0
0
0
0
0
0
0
0
0
0
0
0
0
0
0
0
0
0
0
0
0
0
0
0
0
0
0
0
0
0
0
0
0
0
0
0
0
0
0
0
0
0
0
0
0
0
0
0
0
0
0
0
0
0
0
0
0
0
0
0
0
0
0
0
0
0
0
0
0
0
0
0
0
0
0
0
0
0
0
0
0
0
0
0
0
0
0
0
Torque Data
0.00082652411214
0.00045740822148
0.00016214347975
0.000046206441028
-0.00061521127339
-1.42583124619E-05
-0.00020492819532
-0.00100680646008
-0.00049015778424
-0.00019931809625
-0.00018334716686
-0.000158055848757
-0.000230563593658
-0.0000485995405
-0.000063240088485
-0.00004922474564
9.9660713922E-06
0.000001748172708
-2.81084812852E-05
-3.27649787935E-05
-8.5298833788E-06
-4.80920187616E-06
4.6038687625E-06
-0.000010595634426
-6.8111972532E-06
-0.000004791321272
-6.0918122336E-06
-7.8696170092E-06
-3.4427327682E-06
-1.7659377438E-07
1.88241973974E-07
8.5359774741E-07
2.9669325161E-06
-1.56036605112E-06
-0.000010590389193
3.23194191322E-06
-4.5322241914E-06
-4.13264520816E-06
-5.12161508715E-06
-0.000006404870485
-1.2303595704E-06
-0.000019038922056
1.90920295909E-05
4.70951563554E-06
0.000027497874976
-1.15007362356E-05
0.000016409523261
-0.00009902572988
-0.000170106145287
0.000199827182455
0.000114406558518
0.000069189720758
-0.00015242103276
-0.00039213426222
-0.00073529048572
-0.00037044758335
-0.00053041775546
0.00023378351269
-0.000207932404
-0.00098696959816
-0.00074985718535
-0.00137886051542
-0.00175840161765
-0.00097990636916
-0.00151160994237
-0.000138422778424
0.00022243016958
0.00027849063708
-0.000062474429325
0.000095853019938
-0.0002032247376
0.00016950876474
-9.33289632391E-05
2.94604828525E-05
-0.000081350814048
-0.000176407579835
-9.1158074136E-06
-5.7498556554E-06
-3.89367544041E-05
5.8865876404E-07
-1.59765452368E-05
-1.76782489884E-05
-1.00666133108E-05
-1.2009324099E-06
-2.51669073165E-05
-2.12731643884E-05
-3.23769415684E-06
-7.7357998472E-06
-3.3373666866E-06
-1.58928415655E-06
1.5718125744E-06
2.47127143536E-07
1.82608450128E-07
7.9494267096E-07
1.47168710949E-06
-7.1727668666E-06
1.05973733215E-06
1.03621866354E-06
1.42352543612E-05
1.68677846148E-05
1.44109371486E-05
-1.72266250296E-05
1.23623413455E-07
6.63460646576E-06
4.00314356744E-05
-0.000013351934056
-0.000003833539101
9.056001704E-13
-0.000069067882575
-0.00009720112822
-0.000225443451648
-0.000400416139332
-0.00032691791775
-0.0001817328644
-0.000008714041798
-0.00027633524264
-0.000160264907855
-0.00043345642561
-0.00074441505619
-0.00055448304821
-0.000144519149905
-0.00056988866748
-0.00127554510216
dMdH Data
-4.7186968838527E-08
-2.22696040235177E-08
-2.32872928176796E-08
-2.71029890919394E-08
-1.88532370024083E-08
-3.66536799603315E-08
-2.95792605184871E-08
-2.67743306417339E-08
-1.03704753134519E-08
-4.32072531520045E-08
-2.95507185811122E-08
-1.39406389459517E-08
-3.38577267157296E-08
-2.94082232531784E-08
-1.99043740038959E-08
-2.84172203255374E-08
-4.90610677830431E-08
2.93290803914147E-07
-1.20431501208366E-07
1.52581050243748E-08
5.95077454525834E-08
1.5235288551228E-07
-3.27674321390528E-07
3.44049709577201E-07
-4.46782679077296E-07
7.68047081691036E-08
-3.71370695476021E-08
-1.09589041095889E-07
2.09796822652113E-07
-1.82068235773644E-07
7.98141720798963E-08
-1.98725832603187E-07
-2.09128809854691E-08
9.77968688792554E-08
-5.83145475898038E-08
-8.51247821210786E-09
7.01366315533917E-08
-3.57359830432962E-07
2.76911445042999E-07
-1.10016198704102E-07
-1.05662312425783E-07
3.94152504623216E-08
-5.83499918958343E-08
-1.89252304909492E-07
-2.027807092721E-08
-3.76110269014463E-08
-3.82790032158897E-08
-1.84651343981302E-08
-2.92409259626555E-08
-1.18146209475779E-08
-5.10419470455737E-08
-1.88084443185037E-08
-3.14115730575821E-08
-2.62591202096763E-08
-4.32173974640504E-08
-8.46377222182877E-09
-4.86930650988169E-08
-2.72823854380623E-08
-3.82517532053552E-08
-2.52089531095057E-08
-2.25772173420231E-08
-3.16262926760163E-08
-2.46193073163822E-08
-2.69887369837785E-08
-3.58407706474004E-08
-2.33885819521179E-08
-2.86675639300135E-08
-3.73680855584673E-08
-1.72557908904158E-08
-4.19818671199887E-08
-1.80124663550078E-08
-3.64684797007715E-08
-1.57943197110276E-08
-4.36279405826977E-08
-4.10406794307854E-08
-2.82911280325837E-08
-2.74405360608592E-08
-2.23121476540018E-08
-1.96099631046179E-07
5.21255334089567E-08
-8.1295323493267E-08
-9.18062887307965E-09
1.60515160515163E-07
-2.61114936476435E-07
2.61294195410828E-07
-1.35602377093464E-07
-3.14002485008912E-07
1.9613926697333E-07
5.32029815274922E-08
-2.72507528391828E-07
1.01088898846318E-07
-4.31970107668545E-08
-1.83043873834714E-07
2.06509994597516E-07
-2.02507752460565E-07
-9.1334071932336E-08
5.49309651384087E-08
3.8352464550979E-08
2.39913641883686E-07
-3.16059725694212E-07
1.1625397852943E-07
-1.62445603697598E-07
-1.18760037247467E-07
1.59696536083588E-07
2.13231126346182E-08
-3.03369433564006E-08
-3.86767726854147E-08
-1.69140979147779E-08
-3.84274836196211E-08
-3.72295966793692E-08
-2.57765185054012E-08
-3.09881501313897E-08
-3.71679535312035E-08
-1.77362232610852E-08
-3.76753081172971E-08
-3.44017850818162E-08
-1.58294375973934E-08
-4.19981583793739E-08
-3.12742598101714E-08
-8.28279965996033E-09
-5.15362277781713E-08
-3.13366862647871E-08
-3.13366862647871E-08
dMdT Data
0
0
0
0
0
0
0
0
0
0
0
0
0
0
0
0
0
0
0
0
0
0
0
0
0
0
0
0
0
0
0
0
0
0
0
0
0
0
0
0
0
0
0
0
0
0
0
0
0
0
0
0
0
0
0
0
0
0
0
0
0
0
0
0
0
0
0
0
0
0
0
0
0
0
0
0
0
0
0
0
0
0
0
0
0
0
0
0
0
0
0
0
0
0
0
0
0
0
0
0
0
0
0
0
0
0
0
0
0
0
0
0
0
0
0
0
0
0
0
0
0
0
0
 
*********************************************** Results ***************************************
 
TotalArea 0.007564194136565
AreaFirstQuad 8.03503603603978E-03
AreaSecondQuad -4.70841899474753E-04
AreaThirdQuad 0
AreaFourthQuad 0
Coercivity 0
PositiveCoercivity 0
NegativeCoercivity 0
Retentivity 1.62740651254184E-07
PositiveRetentivity 1.47717608547274E-04
NegativeRetentivity 1.48043089849782E-04
Magnetization 0.000222187
PositiveMagnetization 0.000222187
NegativeMagnetization 0.0000719277
Flatness -906.687215264701
Squareness 7.32449023814102E-04
SStar 0
SFD1 0
SFD2 0
Slope 0
Intercept 0
SlopeAtHc -3.13366862647871E-08
dH1 0
dH2 96.5024
InitialSlope -4.7186968838527E-08
FieldAtHalfMs 0
FieldAtMs -2500.01
MomentMean 1.47865884552846E-04
MomentRMS 3.2947912911353E-05
SFD3 0
dH3 0
UserField1 0
UserField2 0
CenterField 0
ExchangeField 0
ExchangeMoment 0
ExRegionOneIntercept 0
ExRegionOneSlope 0
ExRegionTwoIntercept 0
ExRegionTwoSlope 0
NegativeIntercept 0
NegativeSlope 0
AutoCenterOffset 0
PinningField 0
PinningMoment 0
PinRegionOneIntercept 0
PinRegionOneSlope 0
PinRegionTwoIntercept 0
PinRegionTwoSlope 0
PositiveIntercept 0
PositiveSlope 0
TotalOffset 0
BHMax 0
BCoercivity 0
BRetentivity 0
BNegativeCoercivity 0
BPositiveCoercivity 0
BNegativeRetentivity 0
BPositiveRetentivity 0
MomentYMean 7.04268554771123E-09
MomentYRMS 2.44547427527974E-07
YOffCorrection 0
Mrt 0
Ms1 0
Ms2 0
Ms3 0
Hc2 0
Hex2 0
HsatValue 0
HsatIntercept 0
HsatSlope 0
CenterH 0
Span .0001502593
SpanAsPercentOfRange -11.5584076923077
RMSAsPercentOfRange -2.53445483933485
SpanAsPercentOfMean 101.618639386896
RMSAsPercentOfMean 22.2822952102774
