Version 1.25
******************************************** Units *******************************************
System CGS
TemperatureUnit K
MomentUnit emu
AppliedFieldUnit G
 
******************************************** Setup ********************************************
 
Experiment CustomField
Minor False
Acquisition PointByPoint
EditedPoint No
MaxField 15000
FieldIncrement 681.818181818182
Points 101
MinField 0
RampRate 0
AverageTime 5
TimeInterval 10
TimeConstant 1
TimeConstantIndex 2
Sensitivity -0.0013
SensitivityIndex 5
SensitivityY -4
SensitivityIndexY 0
SaturationField 8000
ExperimentTime 505
Use735Domains False
AutoRangeEnabled False
NumberOfVertices 11
VertexPts
0
8
17
33
42
50
58
67
83
92
100
VertexField
15000
5000
500
-500
-5000
-15000
-5000
-500
500
5000
15000
StartAngle 0
EndAngle 0
AngleIncrement 0
StartTemp 0
FinishTemp 0
TempIncrement 0
TempPoints 0
LengthofSetPointsArray 101
SetPointArray
15000
13750
12500
11250
10000
8750
7500
6250
5000
4500
4000
3500
3000
2500
2000
1500
1000
500
437.5
375
312.5
250
187.5
125
62.5
0
-62.5
-125
-187.5
-250
-312.5
-375
-437.5
-500
-1000
-1500
-2000
-2500
-3000
-3500
-4000
-4500
-5000
-6250
-7500
-8750
-10000
-11250
-12500
-13750
-15000
-13750
-12500
-11250
-10000
-8750
-7500
-6250
-5000
-4500
-4000
-3500
-3000
-2500
-2000
-1500
-1000
-500
-437.5
-375
-312.5
-250
-187.5
-125
-62.5
0
62.5
125
187.5
250
312.5
375
437.5
500
1000
1500
2000
2500
3000
3500
4000
4500
5000
6250
7500
8750
10000
11250
12500
13750
15000
FieldDomainFile c:\Ideasvsm\Default UserID\Experiments\Jason_1p5T_cus\fdomain.ini
TempDomainFile c:\Ideasvsm\Default UserID\Experiments\Jason_1p5T_cus\tdomain.ini
NumSelectedResults 0
ResultsSelected 
UserName1 
UserValue1 
UserName2 
UserValue2 
LinearBackgroundCorrection Off
MaxLinearFieldCorrection 
MinLinearFieldCorrection 
AutoLinearCorrection Off
FitOneRegion Off
BackgroundMode Off
BackgroundFilename 
AutoCenter Off
OffsetCorrection 
SmoothDeriv Off
DerivOrder 0
DerivPoints 0
MinExFieldOne 
MaxExFieldOne 
MinExFieldTwo 
MaxExFieldTwo 
MinPinFieldOne 
MaxPinFieldOne 
MinPinFieldTwo 
MaxPinFieldTwo 
HCenterStart 
Mass 
Volume 
Density 
MolarWeight 
NumberOfMoles 
Demagnetization 
SampleArea 
Thickness 
MomentScaling 0
XAxis 0
YAxis 0
SimpleSpinValve False
HsatMax 0
HsatMin 0
FieldAutoRange True
 
*************************************************** Experiment Data ********************************************
 
DataPoints 101
MomentX Data
-0.000123874
-0.0000980538
-0.0000702375
-0.0000367197
-0.0000118574
0.0000181952
0.0000546684
0.0000754696
0.000115039
0.000125096
0.000135218
0.000152836
0.000163411
0.000177643
0.000191018
0.000202035
0.000215783
0.000223784
0.000227183
0.000228124
0.000229216
0.000230318
0.000230837
0.000230989
0.00023012
0.000203653
0.000074637
0.0000739121
0.000075781
0.000075846
0.0000775947
0.000077865
0.0000783097
0.0000782659
0.0000919366
0.000101014
0.00011423
0.000127164
0.000144321
0.000156963
0.00017409
0.000181535
0.000203328
0.00022944
0.000250951
0.000293015
0.000320289
0.000350431
0.000379718
0.000407801
0.000430594
0.000404554
0.000377776
0.0003423
0.000319854
0.000292241
0.000258995
0.000228048
0.000192516
0.000179059
0.000167853
0.000152196
0.000143784
0.000128418
0.000114201
0.000100776
0.0000902404
0.0000787074
0.0000766024
0.000076229
0.0000753837
0.0000742116
0.0000745936
0.0000735932
0.0000745272
0.0000951999
0.000229004
0.000230841
0.000230492
0.000230465
0.000228761
0.00022653
0.000224879
0.000224456
0.000213013
0.000199882
0.00018715
0.000173889
0.000158947
0.000145357
0.000131399
0.000120368
0.000110365
0.0000857812
0.0000371123
0.0000144857
-0.0000151486
-0.000044348
-0.0000764436
-0.000103327
-0.000125476
MomentY Data
0.00000366211
0.00000146866
0.00000166893
0.0000017643
0.000000362396
-0.00000149727
0
0.00000119209
-0.0000015831
-0.000000152588
-0.000000553131
0.00000205994
0.000000753403
-0.000000572205
-0.00000172615
-0.000000305176
-0.00000350952
-0.00000239372
-0.0000014782
-0.0000022316
-0.00000277519
0.0000000286102
-0.00000200272
-0.00000191689
-0.000000524521
-0.00000200272
0.00000117302
-0.00000084877
-0.000000972748
-0.00000123024
-0.000000886917
-0.00000082016
0.00000000953674
-0.000000600815
-0.00000258446
-0.00000278473
0.000000534058
0.00000243187
0.00000213623
0.00000270844
0.000000486374
0.0000000572205
0.00000150681
0.000000782013
-0.000000286102
-0.000000905991
-0.000000829697
0.00000367165
-0.00000123978
0.00000182152
-0.00000331879
0.000000991821
-0.0000028801
-0.00000242233
0.00000043869
0.000000610352
0.00000184059
-0.00000173569
0.00000204086
0.00000106812
0.00000110626
0.0000012207
0.0000000286102
0.00000350952
-0.0000028038
-0.00000225067
0.00000106812
-0.00000236511
-0.00000249863
0.00000250816
-0.00000247002
-0.00000041008
-0.00000408173
-0.00000266075
-0.000000667572
-0.00000117302
-0.000000143051
-0.00000161171
-0.00000187874
-0.000000705719
-0.0000000762939
0.000000686646
-0.00000079155
-0.000000638962
-0.00000199318
-0.00000178337
-0.00000258446
0.00000142097
-0.000000534058
0.000000619888
0.0000026226
0.00000259399
0.00000103951
-0.0000000762939
0.0000000858307
0.00000139236
0.000000219345
0.00000267982
0.00000204086
0.00000362396
0.0000041008
Field Data
14755.9
13750
12500
11250
9999.98
8749.98
7499.96
6249.98
4999.96
4499.97
3999.98
3499.96
2999.97
2499.97
1999.97
1499.97
999.969
499.971
437.487
374.986
312.489
249.991
187.487
124.991
62.4949
-0.0120129
-62.5067
-125.009
-187.507
-250.005
-312.507
-375.009
-437.506
-500.001
-1000.02
-1500.03
-2000.03
-2500.04
-3000.04
-3500.04
-4000.05
-4500.05
-5000.03
-6250.06
-7500.05
-8750.04
-10000
-11250
-12500
-13750
-14761.9
-13750
-12500
-11250
-10000
-8749.97
-7499.96
-6249.97
-4999.96
-4499.97
-3999.96
-3499.98
-2999.99
-2499.98
-1999.97
-1499.97
-999.977
-499.973
-437.491
-374.995
-312.489
-249.995
-187.487
-124.988
-62.4915
0.0140983
62.5089
125.008
187.514
250.008
312.505
375.011
437.505
500.005
1000.02
1500.03
2000.03
2500.03
3000.04
3500.04
4000.05
4500.02
5000.03
6250.05
7500.07
8750.03
10000
11250
12500
13750
14762.4
Time Data
0
13.478
26.972
40.498
54.039
67.548
81.027
94.536
108.062
120.557
133.069
146.61
159.09
171.632
184.143
196.67
209.135
221.63
234.142
246.622
260.163
272.658
285.154
297.65
310.145
322.61
335.106
347.632
360.113
372.624
385.088
398.66
411.203
423.745
436.225
448.737
461.17
473.681
486.161
498.688
512.214
524.694
537.174
550.746
564.255
577.812
591.322
604.878
618.388
631.913
645.423
658.932
672.489
686.014
699.493
713.002
726.528
740.037
753.578
766.043
778.554
792.095
804.575
817.055
829.582
842.093
855.619
868.114
880.579
893.059
906.584
919.064
931.544
944.04
956.489
968.984
981.465
993.976
1006.5
1018.95
1031.39
1044.9
1057.38
1069.9
1082.41
1094.92
1107.44
1119.96
1132.41
1144.92
1158.46
1171.02
1184.55
1198.15
1211.72
1225.23
1238.76
1252.24
1265.76
1279.27
1292.83
Temperature Data
0
0
0
0
0
0
0
0
0
0
0
0
0
0
0
0
0
0
0
0
0
0
0
0
0
0
0
0
0
0
0
0
0
0
0
0
0
0
0
0
0
0
0
0
0
0
0
0
0
0
0
0
0
0
0
0
0
0
0
0
0
0
0
0
0
0
0
0
0
0
0
0
0
0
0
0
0
0
0
0
0
0
0
0
0
0
0
0
0
0
0
0
0
0
0
0
0
0
0
0
0
Angle Data
0
0
0
0
0
0
0
0
0
0
0
0
0
0
0
0
0
0
0
0
0
0
0
0
0
0
0
0
0
0
0
0
0
0
0
0
0
0
0
0
0
0
0
0
0
0
0
0
0
0
0
0
0
0
0
0
0
0
0
0
0
0
0
0
0
0
0
0
0
0
0
0
0
0
0
0
0
0
0
0
0
0
0
0
0
0
0
0
0
0
0
0
0
0
0
0
0
0
0
0
0
Bx Data
0
0
0
0
0
0
0
0
0
0
0
0
0
0
0
0
0
0
0
0
0
0
0
0
0
0
0
0
0
0
0
0
0
0
0
0
0
0
0
0
0
0
0
0
0
0
0
0
0
0
0
0
0
0
0
0
0
0
0
0
0
0
0
0
0
0
0
0
0
0
0
0
0
0
0
0
0
0
0
0
0
0
0
0
0
0
0
0
0
0
0
0
0
0
0
0
0
0
0
0
0
Hint Data
0
0
0
0
0
0
0
0
0
0
0
0
0
0
0
0
0
0
0
0
0
0
0
0
0
0
0
0
0
0
0
0
0
0
0
0
0
0
0
0
0
0
0
0
0
0
0
0
0
0
0
0
0
0
0
0
0
0
0
0
0
0
0
0
0
0
0
0
0
0
0
0
0
0
0
0
0
0
0
0
0
0
0
0
0
0
0
0
0
0
0
0
0
0
0
0
0
0
0
0
0
Torque Data
0.054037728949
0.020194075
0.020861625
0.019848375
0.00362395275208
-0.0131010825546
0
0.0074505386582
-0.007915436676
-0.00068664142236
-0.00221251293738
0.0072097076024
0.00226018639791
-0.00143049533385
-0.0034522482155
-0.00045775484472
-0.00350941120488
-0.00119679058212
-0.0006466932834
-0.0008368187576
-0.00086721634791
7.1522925082E-06
-0.00037548396464
-0.00023959399799
-3.27798874429E-05
2.4058475088E-08
-0.000073321609234
0.00010610388893
0.000182397059236
0.0003075661512
0.000277167770919
0.00030756738144
-4.17238097044E-06
0.000300408100815
0.0025845116892
0.0041771785419
-0.00106813202174
-0.0060797722748
-0.0064087754492
-0.0094796483376
-0.0019455203187
-0.000257495111025
-0.0075340952043
-0.00488762817078
0.0021457793051
0.00792745748964
0.00829697
-0.0413060625
0.01549725
-0.0250459
0.048991646101
-0.01363753875
0.03600125
0.0272512125
-0.0043869
-0.00534056168944
-0.0138043513764
0.0108480104293
-0.0102042183656
-0.0048065079564
-0.0044249957496
-0.004272425586
-0.000085830313898
-0.0087737298096
0.005607515886
0.0033759374799
-0.00106809543324
0.00118249114203
0.00109312813733
-0.0009405474592
0.00077185407978
0.0001025179496
0.00076527131251
0.000332561821
0.000041717575638
-1.6537587866E-08
-8.9419606539E-06
-0.00020147664368
-0.00035229005236
-0.000176435395752
-2.38422252195E-05
0.000257499803106
-0.00034630708275
-0.00031948419481
-0.0019932198636
-0.0026751085011
-0.0051689975338
0.0035524676291
-0.00160219536232
0.00216963279552
0.01049053113
0.0116730068798
0.0051975811853
-0.000476840689695
0.000643736258149
0.0121831917708
0.00219345
0.030147975
0.02551075
0.04982945
0.06053764992
dMdH Data
-2.56687543493389E-08
-0.00000002225304
-0.00000002681424
-1.98895217676517E-08
-0.00000002404208
-2.91780931505096E-08
-1.66412262596202E-08
-3.16550135197837E-08
-2.01144022880458E-08
-2.02444048880977E-08
-3.52345906163754E-08
-2.11504230084602E-08
-0.000000028464
-0.00000002675
-0.000000022034
-2.74959450081099E-08
-1.60020640082561E-08
-5.43979258690223E-08
-1.50557591078545E-08
-1.74728386962571E-08
-1.76325642420558E-08
-8.30346857801122E-09
-2.4321556579618E-09
1.39048676637421E-08
4.23425166466668E-07
2.064431489889E-06
1.15979731945864E-08
-2.9903356907421E-08
-1.04003328106511E-09
-2.79783046942497E-08
-4.3246616108285E-09
-7.11554154599409E-09
7.00856068485281E-10
-2.73403610662795E-08
-1.81544369112618E-08
-0.000000026432
-2.5867482650347E-08
-0.000000034314
-0.000000025284
-3.42533149337013E-08
-0.00000001489
-4.35877435097404E-08
-2.08890986616321E-08
-1.72089376715014E-08
-3.36514692117537E-08
-2.18198982367436E-08
-0.0000000241136
-0.0000000234296
-0.0000000224664
-2.25249530586026E-08
-2.5733768158909E-08
-0.0000000214224
-0.0000000283808
-0.0000000179568
-2.20898698431238E-08
-2.65965872273022E-08
-2.47577980623845E-08
-2.84253725970192E-08
-2.69145382907658E-08
-2.24115517689646E-08
-3.13152526101044E-08
-1.68243364867298E-08
-3.07313853722926E-08
-2.84334313313734E-08
-0.00000002685
-2.107149500093E-08
-2.30658154734762E-08
-3.36897026343588E-08
-5.97478238607258E-09
-1.35235017438326E-08
-1.87554005184498E-08
6.11121776412615E-09
-1.60066561064977E-08
1.4944836910867E-08
3.30733575267609E-07
2.1410436765975E-06
2.93924232508949E-08
-5.58346398745709E-09
-4.32041475981557E-10
-2.72653087348196E-08
-3.56925735129427E-08
-2.64185361794728E-08
-6.76800000000031E-09
-2.28853134405968E-08
-2.62614747705046E-08
-0.000000025464
-0.000000026522
-2.98834023319534E-08
-0.00000002718
-2.79154416911662E-08
-2.2063323799428E-08
-2.00055998880023E-08
-1.96667253323947E-08
-3.89344970480472E-08
-1.81018592594963E-08
-2.37080089922158E-08
-0.00000002335952
-0.00000002567648
-0.00000002150672
-2.1877716317661E-08
-2.1877716317661E-08
dMdT Data
0
0
0
0
0
0
0
0
0
0
0
0
0
0
0
0
0
0
0
0
0
0
0
0
0
0
0
0
0
0
0
0
0
0
0
0
0
0
0
0
0
0
0
0
0
0
0
0
0
0
0
0
0
0
0
0
0
0
0
0
0
0
0
0
0
0
0
0
0
0
0
0
0
0
0
0
0
0
0
0
0
0
0
0
0
0
0
0
0
0
0
0
0
0
0
0
0
0
0
0
0
 
*********************************************** Results ***************************************
 
TotalArea 9.31237117757349E-02
AreaFirstQuad 3.62166900930969E-02
AreaSecondQuad 3.07296001372833E-02
AreaThirdQuad 0
AreaFourthQuad 2.61774215453552E-02
Coercivity 72.8759535253339
PositiveCoercivity 9361.03449239564
NegativeCoercivity 9506.7863994463
Retentivity 5.42314246726732E-05
PositiveRetentivity 2.03658086564182E-04
NegativeRetentivity 9.51952372188358E-05
Magnetization 0.000278035
PositiveMagnetization 0.000430594
NegativeMagnetization -0.000125476
Flatness -0.675084886157887
Squareness 0.195052510197181
SStar 31.9524282442165
SFD1 14.2179344818354
SFD2 102.570718987594
Slope 0
Intercept 0
SlopeAtHc -0.00000002404208
dH1 -963.269578999142
dH2 7474.93895
InitialSlope -2.56687543493389E-08
FieldAtHalfMs 0
FieldAtMs -14761.9
MomentMean 1.4969523960396E-04
MomentRMS 1.15438792640454E-04
SFD3 32.874432591329
dH3 -2322.87966817208
UserField1 0
UserField2 0
CenterField 0
ExchangeField 0
ExchangeMoment 0
ExRegionOneIntercept 0
ExRegionOneSlope 0
ExRegionTwoIntercept 0
ExRegionTwoSlope 0
NegativeIntercept 0
NegativeSlope 0
AutoCenterOffset 0
PinningField 0
PinningMoment 0
PinRegionOneIntercept 0
PinRegionOneSlope 0
PinRegionTwoIntercept 0
PinRegionTwoSlope 0
PositiveIntercept 0
PositiveSlope 0
TotalOffset 0
BHMax 0
BCoercivity 0
BRetentivity 0
BNegativeCoercivity 0
BPositiveCoercivity 0
BNegativeRetentivity 0
BPositiveRetentivity 0
MomentYMean -1.37952737227723E-07
MomentYRMS 1.84764948382733E-06
YOffCorrection 0
Mrt 0
Ms1 0
Ms2 0
Ms3 0
Hc2 0
Hex2 0
HsatValue 0
HsatIntercept 0
HsatSlope 0
CenterH 0
Span .00055607
SpanAsPercentOfRange -42.7746153846154
RMSAsPercentOfRange -8.8799071261888
SpanAsPercentOfMean 371.468058350526
RMSAsPercentOfMean 77.1158741893621
