Version 1.25
******************************************** Units *******************************************
System CGS
TemperatureUnit K
MomentUnit emu
AppliedFieldUnit G
 
******************************************** Setup ********************************************
 
Experiment CustomField
Minor False
Acquisition PointByPoint
EditedPoint No
MaxField 15000
FieldIncrement 681.818181818182
Points 101
MinField 0
RampRate 0
AverageTime 5
TimeInterval 10
TimeConstant 1
TimeConstantIndex 2
Sensitivity -0.0013
SensitivityIndex 5
SensitivityY -4
SensitivityIndexY 0
SaturationField 8000
ExperimentTime 505
Use735Domains False
AutoRangeEnabled False
NumberOfVertices 11
VertexPts
0
8
17
33
42
50
58
67
83
92
100
VertexField
15000
5000
500
-500
-5000
-15000
-5000
-500
500
5000
15000
StartAngle 0
EndAngle 0
AngleIncrement 0
StartTemp 0
FinishTemp 0
TempIncrement 0
TempPoints 0
LengthofSetPointsArray 101
SetPointArray
15000
13750
12500
11250
10000
8750
7500
6250
5000
4500
4000
3500
3000
2500
2000
1500
1000
500
437.5
375
312.5
250
187.5
125
62.5
0
-62.5
-125
-187.5
-250
-312.5
-375
-437.5
-500
-1000
-1500
-2000
-2500
-3000
-3500
-4000
-4500
-5000
-6250
-7500
-8750
-10000
-11250
-12500
-13750
-15000
-13750
-12500
-11250
-10000
-8750
-7500
-6250
-5000
-4500
-4000
-3500
-3000
-2500
-2000
-1500
-1000
-500
-437.5
-375
-312.5
-250
-187.5
-125
-62.5
0
62.5
125
187.5
250
312.5
375
437.5
500
1000
1500
2000
2500
3000
3500
4000
4500
5000
6250
7500
8750
10000
11250
12500
13750
15000
FieldDomainFile c:\Ideasvsm\Default UserID\Experiments\Jason_1p5T_cus\fdomain.ini
TempDomainFile c:\Ideasvsm\Default UserID\Experiments\Jason_1p5T_cus\tdomain.ini
NumSelectedResults 0
ResultsSelected 
UserName1 
UserValue1 
UserName2 
UserValue2 
LinearBackgroundCorrection Off
MaxLinearFieldCorrection 
MinLinearFieldCorrection 
AutoLinearCorrection Off
FitOneRegion Off
BackgroundMode Off
BackgroundFilename 
AutoCenter Off
OffsetCorrection 
SmoothDeriv Off
DerivOrder 0
DerivPoints 0
MinExFieldOne 
MaxExFieldOne 
MinExFieldTwo 
MaxExFieldTwo 
MinPinFieldOne 
MaxPinFieldOne 
MinPinFieldTwo 
MaxPinFieldTwo 
HCenterStart 
Mass 
Volume 
Density 
MolarWeight 
NumberOfMoles 
Demagnetization 
SampleArea 
Thickness 
MomentScaling 0
XAxis 0
YAxis 0
SimpleSpinValve False
HsatMax 0
HsatMin 0
FieldAutoRange True
 
*************************************************** Experiment Data ********************************************
 
DataPoints 101
MomentX Data
-0.000191679
-0.000164321
-0.000135321
-0.000106366
-0.0000776528
-0.0000474883
-0.000010881
0.0000176447
0.0000615253
0.0000709406
0.0000829792
0.0000955474
0.000112989
0.000121987
0.000139582
0.000152338
0.000165
0.000175897
0.000176691
0.000177668
0.000179323
0.000180876
0.000180563
0.000182516
0.000182282
0.000146881
0.000128942
0.000130126
0.000129699
0.000130539
0.000130977
0.000131996
0.0001338
0.000135034
0.000147684
0.000159468
0.000172966
0.000186027
0.000203615
0.000215437
0.000228135
0.000243742
0.000256567
0.000291137
0.000317357
0.000351148
0.000387816
0.000420522
0.000450869
0.000481509
0.000505305
0.000481503
0.000450256
0.000419125
0.000387019
0.000353762
0.000322696
0.000289597
0.00025931
0.000240605
0.000225721
0.000211755
0.000200244
0.000183824
0.000170424
0.000155609
0.000142618
0.000133281
0.000127177
0.000128004
0.000125415
0.000125252
0.000124549
0.000122003
0.000123219
0.000136254
0.00017507
0.000173997
0.000174074
0.000171854
0.000170097
0.000170562
0.000167075
0.00016541
0.000152835
0.000137693
0.000126037
0.000113302
0.0000976285
0.0000805518
0.0000665556
0.0000535005
0.0000425407
0.00000717425
-0.0000408779
-0.0000574598
-0.0000925291
-0.000121851
-0.000154788
-0.000186
-0.000211556
MomentY Data
0.00000707626
0.00000498772
0.00000734329
0.0000064373
0.00000500679
0.00000558853
0.0000067234
0.00000581741
0.00000720978
0.00000642776
0.00000634193
0.00000738144
0.00000669479
0.00000652313
0.00000468254
0.00000228882
0.000000648499
0.000000333786
0.00000270844
0.00000440598
0.00000584602
0.00000639915
0.00000650406
0.0000055027
0.0000065136
0.00000743866
0.00000536919
0.00000558853
0.00000488281
0.00000549316
0.00000440598
0.00000452042
0.00000315666
0.00000489235
0.00000570297
0.0000031662
0.00000160217
0.00000536919
0.00000668526
0.00000409126
0.00000535965
0.00000653267
0.00000543594
0.00000431061
0.00000500679
0.00000538826
0.00000544548
0.00000673294
0.000000247955
0.00000193596
0.000000982285
0.00000087738
0.00000278473
0.00000452995
0.00000556946
0.00000335693
0.00000563622
0.00000347137
0.00000701904
0.00000871658
0.00000709534
0.00000768661
0.00000919342
0.00000837326
0.00000482559
0.00000684738
0.00000571251
0.00000344276
0.00000427246
0.0000038147
0.00000548363
0.00000694275
0.00000622749
0.0000061512
0.00000699997
0.00000452995
0.00000515938
0.00000579834
0.00000614166
0.00000541687
0.00000484467
0.00000210762
0.00000308037
0.00000486374
0.00000480652
0.00000551224
0.00000774384
0.00000622749
0.00000787735
0.00000800133
0.00000630379
0.0000049305
0.00000537872
0.00000528336
0.00000608444
0.0000069809
0.00000729561
0.00000795364
0.0000088501
0.00000650406
0.0000106621
Field Data
14751.1
13750
12500
11250
9999.97
8749.98
7499.98
6249.96
4999.96
4499.96
3999.97
3499.98
2999.97
2499.97
1999.98
1499.98
999.97
499.967
437.492
374.989
312.49
249.992
187.489
124.991
62.4915
-0.0089787
-62.5068
-125.006
-187.51
-250.012
-312.503
-375.007
-437.513
-500.008
-1000.02
-1500.02
-2000.03
-2500.03
-3000.04
-3500.05
-4000.03
-4500.05
-5000.04
-6250.06
-7500.05
-8750.04
-10000
-11250
-12500
-13750
-14756.9
-13750
-12500
-11250
-9999.98
-8749.96
-7499.97
-6249.95
-4999.97
-4499.98
-3999.97
-3499.99
-2999.97
-2499.97
-1999.98
-1499.97
-999.97
-499.97
-437.487
-374.988
-312.488
-249.993
-187.489
-124.992
-62.4904
0.00880578
62.5098
125.003
187.506
250.008
312.505
375.005
437.504
500.005
1000.02
1500.03
2000.03
2500.03
3000.04
3500.03
4000.03
4500.04
5000.03
6250.07
7500.06
8750.04
10000
11250
12500
13750
14759.1
Time Data
0
13.541
27.019
40.545
54.039
67.58
81.089
94.583
108.077
120.589
133.053
146.578
159.09
171.601
184.065
196.546
209.026
221.506
233.97
246.45
259.944
272.456
284.951
297.447
309.912
322.392
334.872
347.383
359.863
372.359
384.839
398.38
410.86
423.371
435.836
448.378
460.874
473.385
485.896
498.408
511.886
524.397
536.909
550.434
563.881
577.406
590.932
604.441
617.967
631.492
645.002
658.543
672.037
685.562
699.056
712.581
726.075
739.585
753.079
765.575
778.055
791.549
804.06
816.54
829.052
841.547
854.043
866.523
879.019
891.546
905.071
917.598
930.125
943.634
956.146
968.626
981.106
993.648
1006.16
1018.67
1031.2
1044.72
1057.2
1069.68
1082.16
1094.68
1107.17
1119.7
1132.19
1144.69
1159.23
1171.79
1184.33
1198.87
1212.38
1225.87
1239.44
1252.94
1266.45
1280
1293.59
Temperature Data
0
0
0
0
0
0
0
0
0
0
0
0
0
0
0
0
0
0
0
0
0
0
0
0
0
0
0
0
0
0
0
0
0
0
0
0
0
0
0
0
0
0
0
0
0
0
0
0
0
0
0
0
0
0
0
0
0
0
0
0
0
0
0
0
0
0
0
0
0
0
0
0
0
0
0
0
0
0
0
0
0
0
0
0
0
0
0
0
0
0
0
0
0
0
0
0
0
0
0
0
0
Angle Data
0
0
0
0
0
0
0
0
0
0
0
0
0
0
0
0
0
0
0
0
0
0
0
0
0
0
0
0
0
0
0
0
0
0
0
0
0
0
0
0
0
0
0
0
0
0
0
0
0
0
0
0
0
0
0
0
0
0
0
0
0
0
0
0
0
0
0
0
0
0
0
0
0
0
0
0
0
0
0
0
0
0
0
0
0
0
0
0
0
0
0
0
0
0
0
0
0
0
0
0
0
Bx Data
0
0
0
0
0
0
0
0
0
0
0
0
0
0
0
0
0
0
0
0
0
0
0
0
0
0
0
0
0
0
0
0
0
0
0
0
0
0
0
0
0
0
0
0
0
0
0
0
0
0
0
0
0
0
0
0
0
0
0
0
0
0
0
0
0
0
0
0
0
0
0
0
0
0
0
0
0
0
0
0
0
0
0
0
0
0
0
0
0
0
0
0
0
0
0
0
0
0
0
0
0
Hint Data
0
0
0
0
0
0
0
0
0
0
0
0
0
0
0
0
0
0
0
0
0
0
0
0
0
0
0
0
0
0
0
0
0
0
0
0
0
0
0
0
0
0
0
0
0
0
0
0
0
0
0
0
0
0
0
0
0
0
0
0
0
0
0
0
0
0
0
0
0
0
0
0
0
0
0
0
0
0
0
0
0
0
0
0
0
0
0
0
0
0
0
0
0
0
0
0
0
0
0
0
0
Torque Data
0.104382618886
0.06858115
0.091791125
0.072419625
0.0500677497963
0.0488995257294
0.050425365532
0.0363585798036
0.0360486116088
0.0289246628896
0.0253675297421
0.0258348923712
0.0200841691563
0.0163076293061
0.0093649863492
0.0034331842236
0.00064847954503
0.000166881985062
0.00118492083248
0.00165219403422
0.0018268227898
0.0015997363068
0.00121943970534
0.0006877879757
0.0004070446344
-6.6789496542E-08
-0.000335610885492
-0.00069859978118
-0.0009155757031
-0.00137335591792
-0.00137688196794
-0.00169518914294
-0.00138107978658
-0.0024462141388
-0.0057030840594
-0.004749363324
-0.0032043880651
-0.0134231360757
-0.0200560474104
-0.014319614563
-0.0214387607895
-0.0293973416335
-0.0271799174376
-0.0269415711366
-0.0375511753395
-0.0471474905304
-0.0544548
-0.075745575
-0.0030994375
-0.02661945
-0.0144954815165
-0.012063975
-0.034809125
-0.0509619375
-0.0556944886108
-0.0293730032228
-0.0422714809134
-0.0216958889315
-0.0350949894288
-0.0392244356684
-0.0283811471398
-0.0269030581339
-0.0275799841974
-0.0209328988022
-0.0096510834882
-0.0102708645786
-0.0057123386247
-0.0017212767172
-0.00186914570802
-0.0014304667236
-0.00171356857144
-0.00173563890075
-0.00116758587261
-0.0007688507904
-0.000437430925288
3.9889743111E-08
0.000322511811924
0.00072480989502
0.00115159809996
0.00135426083496
0.00151398359835
0.0007903680381
0.00134767419648
0.0024318943187
0.0048066161304
0.0082685253672
0.0154879123152
0.0155689118247
0.023632365094
0.0280048950399
0.0252153491137
0.02218744722
0.0268937613616
0.0330213698352
0.0456336650664
0.061083154236
0.0729561
0.08947845
0.11062625
0.089430825
0.15736300011
dMdH Data
-2.73279392668065E-08
-0.0000000232
-0.000000023164
-2.29700087197907E-08
-2.41317930543444E-08
-0.00000002928584
-2.2820194876882E-08
-0.00000003510448
-0.0000000188306
-2.40776815536311E-08
-2.51369027380548E-08
-3.4882502349953E-08
-0.000000017996
-3.51907038140763E-08
-0.000000025512
-2.53234935301294E-08
-2.17938692367846E-08
-1.27090836334535E-08
-1.56312497000142E-08
-2.64804236867792E-08
-2.48487951614452E-08
5.0077596275378E-09
-3.12489999679988E-08
3.74402995223959E-09
5.66411661739801E-07
2.87034005775814E-07
-1.89442424863037E-08
6.8315627799821E-09
-1.34395699337621E-08
-7.00900929733901E-09
-1.63029566107769E-08
-2.88612293219851E-08
-1.97455796463716E-08
-2.52993928145725E-08
-0.000000023568
-2.69954600907982E-08
-0.000000026122
-3.51752964940701E-08
-2.36435271294574E-08
-2.53970158806352E-08
-3.12127514899404E-08
-2.56505130102603E-08
-2.76555575110798E-08
-2.09761678093425E-08
-2.70330162641301E-08
-2.93353387308394E-08
-0.0000000261648
-0.0000000242776
-0.000000024512
-2.36329327639289E-08
-2.36388916476313E-08
-0.0000000249976
-0.0000000249048
-2.56843890497752E-08
-2.66051743172109E-08
-2.48529988239906E-08
-2.64787763395785E-08
-2.42299876798029E-08
-3.74107482149643E-08
-2.9767404651907E-08
-2.7933117324693E-08
-2.30210791568337E-08
-0.00000003284
-2.68005360107202E-08
-2.96294074118518E-08
-0.000000025982
-0.000000018674
-9.76905718355392E-08
1.32322117153876E-08
-0.000000041424
-2.6082086566924E-09
-1.1247280174069E-08
-4.07379554218602E-08
1.94555019391501E-08
2.0856265031405E-07
6.21046120696414E-07
-1.7169868081647E-08
1.23194086683827E-09
-3.55188633963711E-08
-2.81133494407734E-08
7.44000000000005E-09
-5.57928926862828E-08
-2.66395737668198E-08
-2.51492455226343E-08
-3.02833943321134E-08
-0.000000023312
-0.00000002547
-3.13463730725386E-08
-3.41540830816616E-08
-0.0000000279924
-2.61096778064439E-08
-2.1920038400768E-08
-2.82922546478513E-08
-3.84420275362203E-08
-1.3265732251716E-08
-2.80563378028097E-08
-0.00000002345752
-0.0000000263496
-0.0000000249696
-2.53255376077693E-08
-2.53255376077693E-08
dMdT Data
0
0
0
0
0
0
0
0
0
0
0
0
0
0
0
0
0
0
0
0
0
0
0
0
0
0
0
0
0
0
0
0
0
0
0
0
0
0
0
0
0
0
0
0
0
0
0
0
0
0
0
0
0
0
0
0
0
0
0
0
0
0
0
0
0
0
0
0
0
0
0
0
0
0
0
0
0
0
0
0
0
0
0
0
0
0
0
0
0
0
0
0
0
0
0
0
0
0
0
0
0
 
*********************************************** Results ***************************************
 
TotalArea 0.225535239055026
AreaFirstQuad 8.81284321239665E-02
AreaSecondQuad 9.97979928131306E-03
AreaThirdQuad 0
AreaFourthQuad 0.127427007649748
Coercivity 293.235159852409
PositiveCoercivity 6436.69517197461
NegativeCoercivity 7023.16549167943
Retentivity 5.31696109860108E-06
PositiveRetentivity 1.46886085640387E-04
NegativeRetentivity 1.36252163443185E-04
Magnetization 0.0003584305
PositiveMagnetization 0.000505305
NegativeMagnetization -0.000211556
Flatness -23.4753835239391
Squareness 1.48340085416868E-02
SStar 1.7945625498415
SFD1 1.39728127492075
SFD2 25.4856722949303
Slope 0
Intercept 0
SlopeAtHc -2.2820194876882E-08
dH1 -116.496838157755
dH2 7473.29518935
InitialSlope -2.73279392668065E-08
FieldAtHalfMs 0
FieldAtMs -14756.9
MomentMean 1.48119362871287E-04
MomentRMS 1.47610719482719E-04
SFD3 1.7945625498415
dH3 -232.993676315509
UserField1 0
UserField2 0
CenterField 0
ExchangeField 0
ExchangeMoment 0
ExRegionOneIntercept 0
ExRegionOneSlope 0
ExRegionTwoIntercept 0
ExRegionTwoSlope 0
NegativeIntercept 0
NegativeSlope 0
AutoCenterOffset 0
PinningField 0
PinningMoment 0
PinRegionOneIntercept 0
PinRegionOneSlope 0
PinRegionTwoIntercept 0
PinRegionTwoSlope 0
PositiveIntercept 0
PositiveSlope 0
TotalOffset 0
BHMax 0
BCoercivity 0
BRetentivity 0
BNegativeCoercivity 0
BPositiveCoercivity 0
BNegativeRetentivity 0
BPositiveRetentivity 0
MomentYMean 5.43075044554456E-06
MomentYRMS 1.94725226213844E-06
YOffCorrection 0
Mrt 0
Ms1 0
Ms2 0
Ms3 0
Hc2 0
Hex2 0
HsatValue 0
HsatIntercept 0
HsatSlope 0
CenterH 0
Span .000716861
SpanAsPercentOfRange -55.1431538461538
RMSAsPercentOfRange -11.3546707294399
SpanAsPercentOfMean 483.97521168312
RMSAsPercentOfMean 99.6565989896874
