Version 1.25
******************************************** Units *******************************************
System CGS
TemperatureUnit K
MomentUnit emu
AppliedFieldUnit G
 
******************************************** Setup ********************************************
 
Experiment CustomField
Minor False
Acquisition PointByPoint
EditedPoint No
MaxField 15000
FieldIncrement 681.818181818182
Points 101
MinField 0
RampRate 0
AverageTime 5
TimeInterval 10
TimeConstant 1
TimeConstantIndex 2
Sensitivity -0.0013
SensitivityIndex 5
SensitivityY -4
SensitivityIndexY 0
SaturationField 8000
ExperimentTime 505
Use735Domains False
AutoRangeEnabled False
NumberOfVertices 11
VertexPts
0
8
17
33
42
50
58
67
83
92
100
VertexField
15000
5000
500
-500
-5000
-15000
-5000
-500
500
5000
15000
StartAngle 0
EndAngle 0
AngleIncrement 0
StartTemp 0
FinishTemp 0
TempIncrement 0
TempPoints 0
LengthofSetPointsArray 101
SetPointArray
15000
13750
12500
11250
10000
8750
7500
6250
5000
4500
4000
3500
3000
2500
2000
1500
1000
500
437.5
375
312.5
250
187.5
125
62.5
0
-62.5
-125
-187.5
-250
-312.5
-375
-437.5
-500
-1000
-1500
-2000
-2500
-3000
-3500
-4000
-4500
-5000
-6250
-7500
-8750
-10000
-11250
-12500
-13750
-15000
-13750
-12500
-11250
-10000
-8750
-7500
-6250
-5000
-4500
-4000
-3500
-3000
-2500
-2000
-1500
-1000
-500
-437.5
-375
-312.5
-250
-187.5
-125
-62.5
0
62.5
125
187.5
250
312.5
375
437.5
500
1000
1500
2000
2500
3000
3500
4000
4500
5000
6250
7500
8750
10000
11250
12500
13750
15000
FieldDomainFile c:\Ideasvsm\Default UserID\Experiments\Jason_1p5T_cus\fdomain.ini
TempDomainFile c:\Ideasvsm\Default UserID\Experiments\Jason_1p5T_cus\tdomain.ini
NumSelectedResults 0
ResultsSelected 
UserName1 
UserValue1 
UserName2 
UserValue2 
LinearBackgroundCorrection Off
MaxLinearFieldCorrection 
MinLinearFieldCorrection 
AutoLinearCorrection Off
FitOneRegion Off
BackgroundMode Off
BackgroundFilename 
AutoCenter Off
OffsetCorrection 
SmoothDeriv Off
DerivOrder 0
DerivPoints 0
MinExFieldOne 
MaxExFieldOne 
MinExFieldTwo 
MaxExFieldTwo 
MinPinFieldOne 
MaxPinFieldOne 
MinPinFieldTwo 
MaxPinFieldTwo 
HCenterStart 
Mass 
Volume 
Density 
MolarWeight 
NumberOfMoles 
Demagnetization 
SampleArea 
Thickness 
MomentScaling 0
XAxis 0
YAxis 0
SimpleSpinValve False
HsatMax 0
HsatMin 0
FieldAutoRange True
 
*************************************************** Experiment Data ********************************************
 
DataPoints 101
MomentX Data
-0.000109779
-0.0000853117
-0.0000591492
-0.000027872
-0.0000000086142
0.0000284328
0.0000662593
0.00009064
0.00012081
0.000135995
0.000149438
0.000161796
0.000177099
0.000189441
0.000199212
0.000213433
0.000225651
0.000233929
0.000237063
0.000238975
0.000238812
0.000240897
0.00023963
0.000239113
0.000239164
0.000211748
0.0000831874
0.0000823942
0.0000846483
0.0000832045
0.0000838696
0.0000853007
0.0000862445
0.0000864336
0.0000949953
0.000108504
0.000122276
0.000135823
0.000151093
0.000167072
0.000179926
0.000187447
0.000199141
0.000240565
0.000270884
0.0002984
0.000320851
0.000351259
0.000385378
0.000413166
0.000434375
0.000410508
0.000383644
0.000351525
0.000321419
0.00029829
0.000266579
0.000231783
0.000200317
0.000188266
0.000170371
0.00015833
0.000142716
0.000134408
0.00011868
0.000106082
0.0000951143
0.0000815919
0.0000830198
0.000082189
0.0000804774
0.0000796274
0.0000783856
0.0000785589
0.0000794079
0.000100288
0.000235148
0.000234625
0.000235301
0.000233821
0.00023283
0.000231759
0.000230321
0.000230245
0.000219683
0.000206796
0.000194689
0.000176449
0.000165797
0.000151426
0.000136699
0.000122224
0.000110288
0.0000722996
0.0000444936
0.0000122209
-0.0000189688
-0.0000380669
-0.0000730947
-0.0000997626
-0.000123611
MomentY Data
0.00000504494
0.000000648499
0.00000511169
-0.00000145912
0.00000121117
-0.00000231743
-0.00000197411
-0.000000343323
-0.000000686646
0.00000127792
-0.00000218391
0.000000782013
0.00000388145
0.00000253677
-0.000001688
-0.00000329971
-0.00000253677
-0.00000449181
-0.0000028801
-0.00000250816
-0.00000189781
-0.00000143051
-0.000000801086
-0.00000359535
-0.00000198364
-0.00000207901
-0.00000205994
-0.000000295639
-0.00000143051
-0.00000121117
-0.00000191689
-0.00000101089
-0.00000109673
-0.00000151634
-0.00000167847
-0.00000245094
-0.00000162125
-0.000000495911
0.00000110626
0.000000190735
0.000000104904
0.000000839233
-0.00000142097
-0.00000307083
-0.00000109673
-0.000000934601
-0.00000187874
-0.0000000476837
0.0000025177
-0.00000239372
-0.000002985
-0.00000310898
0.00000128746
0.00000121117
-0.00000308037
-0.00000146866
0.00000229836
-0.000000181198
-0.000000152588
-0.000000257492
0.00000146866
-0.000000619888
-0.00000337601
0.000000267029
-0.0000056076
-0.00000339508
-0.00000354767
-0.00000295639
-0.000001297
-0.000000925064
-0.000000715256
-0.000000286102
-0.00000235558
-0.0000021553
-0.00000286102
-0.00000339508
-0.00000396729
-0.00000297546
-0.00000324249
-0.00000237465
-0.00000319481
-0.0000019455
-0.000000982285
-0.00000398636
-0.00000306129
-0.000000991821
-0.000000772476
-0.000000143051
0.00000152588
-0.000000839233
-0.00000079155
0.000000524521
0.00000208855
-0.000000801086
-0.0000000858307
0.00000203133
0.00000211716
0.00000105858
-0.00000127792
-0.000000915527
0.00000253677
Field Data
14751.3
13750
12500
11250
9999.98
8749.97
7499.96
6249.96
4999.96
4499.98
3999.97
3499.98
2999.97
2499.98
1999.98
1499.97
999.973
499.978
437.487
374.995
312.491
249.99
187.483
124.991
62.4861
-0.00660797
-62.5103
-125.003
-187.506
-250.01
-312.506
-375.009
-437.507
-500.004
-1000.02
-1500.03
-2000.03
-2500.03
-3000.04
-3500.04
-4000.04
-4500.03
-5000.04
-6250.05
-7500.05
-8750.04
-10000
-11250
-12500
-13750
-14758
-13750
-12500
-11250
-9999.99
-8749.97
-7499.96
-6249.95
-4999.96
-4499.97
-3999.97
-3499.99
-2999.98
-2499.97
-1999.98
-1499.98
-999.972
-499.973
-437.491
-374.987
-312.492
-249.987
-187.493
-124.993
-62.4932
0.00815901
62.5111
125.008
187.509
250.009
312.507
375.008
437.51
500.005
1000.02
1500.03
2000.03
2500.04
3000.05
3500.03
4000.04
4500.03
5000.04
6250.06
7500.06
8750.05
10000
11250
12500
13750
14760.6
Time Data
0
13.54
27.05
40.544
54.07
67.517
81.042
94.567
108.046
120.526
132.975
146.484
158.949
171.429
183.925
196.452
208.932
221.474
234.001
246.497
260.006
272.502
284.998
297.478
310.005
322.485
334.965
347.476
359.987
372.483
384.948
398.504
411
423.558
436.1
448.549
461.014
473.509
485.958
498.454
511.979
524.459
536.924
550.449
563.928
577.453
590.963
604.535
618.044
631.538
645.048
658.605
672.083
685.624
699.118
712.643
727.167
740.661
754.14
766.666
779.162
792.703
805.183
817.663
830.159
842.655
855.135
867.584
880.064
892.559
906.053
918.565
931.045
943.572
956.052
968.563
981.027
993.523
1006.05
1018.59
1031.09
1044.61
1057.09
1069.57
1083.08
1095.55
1108.04
1120.54
1134.03
1146.51
1160.02
1172.52
1185.03
1198.6
1212.07
1225.58
1239.1
1252.67
1266.15
1279.69
1293.22
Temperature Data
0
0
0
0
0
0
0
0
0
0
0
0
0
0
0
0
0
0
0
0
0
0
0
0
0
0
0
0
0
0
0
0
0
0
0
0
0
0
0
0
0
0
0
0
0
0
0
0
0
0
0
0
0
0
0
0
0
0
0
0
0
0
0
0
0
0
0
0
0
0
0
0
0
0
0
0
0
0
0
0
0
0
0
0
0
0
0
0
0
0
0
0
0
0
0
0
0
0
0
0
0
Angle Data
0
0
0
0
0
0
0
0
0
0
0
0
0
0
0
0
0
0
0
0
0
0
0
0
0
0
0
0
0
0
0
0
0
0
0
0
0
0
0
0
0
0
0
0
0
0
0
0
0
0
0
0
0
0
0
0
0
0
0
0
0
0
0
0
0
0
0
0
0
0
0
0
0
0
0
0
0
0
0
0
0
0
0
0
0
0
0
0
0
0
0
0
0
0
0
0
0
0
0
0
0
Bx Data
0
0
0
0
0
0
0
0
0
0
0
0
0
0
0
0
0
0
0
0
0
0
0
0
0
0
0
0
0
0
0
0
0
0
0
0
0
0
0
0
0
0
0
0
0
0
0
0
0
0
0
0
0
0
0
0
0
0
0
0
0
0
0
0
0
0
0
0
0
0
0
0
0
0
0
0
0
0
0
0
0
0
0
0
0
0
0
0
0
0
0
0
0
0
0
0
0
0
0
0
0
Hint Data
0
0
0
0
0
0
0
0
0
0
0
0
0
0
0
0
0
0
0
0
0
0
0
0
0
0
0
0
0
0
0
0
0
0
0
0
0
0
0
0
0
0
0
0
0
0
0
0
0
0
0
0
0
0
0
0
0
0
0
0
0
0
0
0
0
0
0
0
0
0
0
0
0
0
0
0
0
0
0
0
0
0
0
0
0
0
0
0
0
0
0
0
0
0
0
0
0
0
0
0
0
Torque Data
0.074419423422
0.00891686125
0.063896125
-0.0164151
0.0121116757766
-0.0202774429771
-0.0148057460356
-0.00214575501708
-0.00343320253416
0.0057506144416
-0.0087355744827
0.00273702985974
0.0116442335565
0.0063418742646
-0.00337596624
-0.0049494660087
-0.00253670150721
-0.00224580618018
-0.0012600063087
-0.0009405474592
-0.00059304854471
-0.0003576131949
-0.000150190006538
-0.00044938639185
-0.000123949927404
1.37380357097E-08
0.000128767467382
0.000036955761917
0.00026822920806
0.0003028046117
0.00059903962634
0.00037909284801
0.00047982705211
0.00075817606536
0.0016785035694
0.0036764835282
0.0032425486375
0.00123979237733
-0.0033188242504
-0.0006675801294
-0.00041962019616
-0.00377657367699
0.0071049068388
0.0191928410415
0.0082255298365
0.00817779613404
0.0187874
0.000536441625
-0.03147125
0.03291365
0.04405263
0.042748475
-0.01609325
-0.0136256625
0.0308036691963
0.0128507309402
-0.0172376080656
0.0011324784401
0.00076293389648
0.00115870627524
-0.0058745959402
0.00216960180112
0.0101279624798
-0.00066756448913
0.011215087848
0.0050925520984
0.00354757066524
0.00147811517747
0.000567425827
0.000346886974168
0.000223511777952
0.000071521780674
0.00044165476094
0.0002693974129
0.000178794295064
-2.77004916708E-08
-0.000247999661919
-0.00037195630368
-0.00060799605741
-0.00059368387185
-0.00099840048867
-0.000729578064
-0.00042975951035
-0.0019931999318
-0.0030613512258
-0.00148776125463
-0.00154497517428
-0.00035763322204
0.004577716294
-0.00293734067699
-0.003166231662
0.00236036023563
0.010442833542
-0.00500683556516
-0.000643735399842
0.0177742390665
0.0211716
0.011909025
-0.015974
-0.01258849625
0.037444247262
dMdH Data
-2.44355338060521E-08
-0.00000002093
-0.00000002502176
-2.22903519943681E-08
-2.27529493364053E-08
-3.02609579123367E-08
-0.00000001950456
-0.000000024136
-3.03712148485939E-08
-2.68854622907542E-08
-2.47164943298866E-08
-3.06053878922422E-08
-2.46844936898738E-08
-0.000000019542
-2.84414311713766E-08
-2.44361466168797E-08
-1.65561655616556E-08
-5.0151221775936E-08
-3.05959162772833E-08
2.60783309868155E-09
-3.33594662485401E-08
2.02697297902635E-08
8.27305895154594E-09
-8.15936030615038E-10
4.38707185055274E-07
2.05684809688193E-06
1.26926825053167E-08
-3.60638689342912E-08
2.30993216434147E-08
-1.06422811059906E-08
-2.28965009679535E-08
-1.51012832410639E-08
-3.02574523577134E-09
-1.71228520687338E-08
-2.70168596628067E-08
-0.000000027544
-0.000000027094
-3.05393892122158E-08
-0.000000031958
-0.000000025708
-1.50423008460169E-08
-2.3387532249355E-08
-3.31389348885209E-08
-0.0000000242552
-2.20129761038088E-08
-1.79613747639925E-08
-0.0000000243264
-0.0000000272952
-0.0000000222304
-2.10406746031746E-08
-2.36775793650793E-08
-0.0000000214912
-0.0000000256952
-2.40846073231414E-08
-1.85029039535367E-08
-2.53685970512236E-08
-2.78365773073816E-08
-2.51730013840111E-08
-2.4102482049641E-08
-0.00000003579
-2.40829633185327E-08
-3.1227375452491E-08
-1.66156676866463E-08
-3.14566291325827E-08
-0.000000025196
-2.19350490392154E-08
-2.70448540897082E-08
2.28529816587178E-08
-1.32919493152439E-08
-2.73877910232818E-08
-1.35989120870329E-08
-1.98707075879284E-08
2.7727999999999E-09
1.35840434689392E-08
3.3407433583419E-07
2.15765846956828E-06
-8.36841507338756E-09
1.08158269467687E-08
-2.36799999999999E-08
-1.58565074082369E-08
-1.71357258283868E-08
-2.30072637675596E-08
-1.21609728778309E-09
-2.1123366299011E-08
-2.57734845303094E-08
-0.000000024214
-3.64792704145917E-08
-2.13035739285214E-08
-2.8743149725989E-08
-2.94534109317814E-08
-2.89505790115803E-08
-2.38715225695486E-08
-3.03902337562599E-08
-0.0000000222448
-2.58183665469324E-08
-2.49527581103244E-08
-0.00000001527848
-0.00000002802224
-0.00000002133432
-2.35982584603206E-08
-2.35982584603206E-08
dMdT Data
0
0
0
0
0
0
0
0
0
0
0
0
0
0
0
0
0
0
0
0
0
0
0
0
0
0
0
0
0
0
0
0
0
0
0
0
0
0
0
0
0
0
0
0
0
0
0
0
0
0
0
0
0
0
0
0
0
0
0
0
0
0
0
0
0
0
0
0
0
0
0
0
0
0
0
0
0
0
0
0
0
0
0
0
0
0
0
0
0
0
0
0
0
0
0
0
0
0
0
0
0
 
*********************************************** Results ***************************************
 
TotalArea 0.225002492770516
AreaFirstQuad 0.111833690869336
AreaSecondQuad 4.33586828658353E-02
AreaThirdQuad 0
AreaFourthQuad 6.98101190353448E-02
Coercivity 379.894956298087
PositiveCoercivity 9239.81149033174
NegativeCoercivity 9999.60140292792
Retentivity 5.57328123398822E-05
PositiveRetentivity 2.11750898963918E-04
NegativeRetentivity 1.00285274284153E-04
Magnetization 0.000278993
PositiveMagnetization 0.000434375
NegativeMagnetization -0.000123611
Flatness -0.499584023819999
Squareness 0.199764196018833
SStar 7.44777287888179
SFD1 3.84020692504885
SFD2 19.673954934362
Slope 0
Intercept 0
SlopeAtHc -2.27529493364053E-08
dH1 -1078.98028566896
dH2 7474.03625
InitialSlope -2.44355338060521E-08
FieldAtHalfMs 0
FieldAtMs -14758
MomentMean 1.5620836619604E-04
MomentRMS 1.15407982654701E-04
SFD3 7.51465833144804
dH3 -2474.88584212242
UserField1 0
UserField2 0
CenterField 0
ExchangeField 0
ExchangeMoment 0
ExRegionOneIntercept 0
ExRegionOneSlope 0
ExRegionTwoIntercept 0
ExRegionTwoSlope 0
NegativeIntercept 0
NegativeSlope 0
AutoCenterOffset 0
PinningField 0
PinningMoment 0
PinRegionOneIntercept 0
PinRegionOneSlope 0
PinRegionTwoIntercept 0
PinRegionTwoSlope 0
PositiveIntercept 0
PositiveSlope 0
TotalOffset 0
BHMax 0
BCoercivity 0
BRetentivity 0
BNegativeCoercivity 0
BPositiveCoercivity 0
BNegativeRetentivity 0
BPositiveRetentivity 0
MomentYMean -9.82095578217822E-07
MomentYRMS 1.99511347280241E-06
YOffCorrection 0
Mrt 0
Ms1 0
Ms2 0
Ms3 0
Hc2 0
Hex2 0
HsatValue 0
HsatIntercept 0
HsatSlope 0
CenterH 0
Span .000557986
SpanAsPercentOfRange -42.922
RMSAsPercentOfRange -8.87753712728473
SpanAsPercentOfMean 357.20621986388
RMSAsPercentOfMean 73.8807949056108
