Version 1.25
******************************************** Units *******************************************
System CGS
TemperatureUnit K
MomentUnit emu
AppliedFieldUnit G
 
******************************************** Setup ********************************************
 
Experiment CustomField
Minor False
Acquisition PointByPoint
EditedPoint No
MaxField 15000
FieldIncrement 681.818181818182
Points 101
MinField 0
RampRate 0
AverageTime 5
TimeInterval 10
TimeConstant 1
TimeConstantIndex 2
Sensitivity -0.0013
SensitivityIndex 5
SensitivityY -4
SensitivityIndexY 0
SaturationField 8000
ExperimentTime 505
Use735Domains False
AutoRangeEnabled False
NumberOfVertices 11
VertexPts
0
8
17
33
42
50
58
67
83
92
100
VertexField
15000
5000
500
-500
-5000
-15000
-5000
-500
500
5000
15000
StartAngle 0
EndAngle 0
AngleIncrement 0
StartTemp 0
FinishTemp 0
TempIncrement 0
TempPoints 0
LengthofSetPointsArray 101
SetPointArray
15000
13750
12500
11250
10000
8750
7500
6250
5000
4500
4000
3500
3000
2500
2000
1500
1000
500
437.5
375
312.5
250
187.5
125
62.5
0
-62.5
-125
-187.5
-250
-312.5
-375
-437.5
-500
-1000
-1500
-2000
-2500
-3000
-3500
-4000
-4500
-5000
-6250
-7500
-8750
-10000
-11250
-12500
-13750
-15000
-13750
-12500
-11250
-10000
-8750
-7500
-6250
-5000
-4500
-4000
-3500
-3000
-2500
-2000
-1500
-1000
-500
-437.5
-375
-312.5
-250
-187.5
-125
-62.5
0
62.5
125
187.5
250
312.5
375
437.5
500
1000
1500
2000
2500
3000
3500
4000
4500
5000
6250
7500
8750
10000
11250
12500
13750
15000
FieldDomainFile c:\Ideasvsm\Default UserID\Experiments\Jason_1p5T_cus\fdomain.ini
TempDomainFile c:\Ideasvsm\Default UserID\Experiments\Jason_1p5T_cus\tdomain.ini
NumSelectedResults 0
ResultsSelected 
UserName1 
UserValue1 
UserName2 
UserValue2 
LinearBackgroundCorrection Off
MaxLinearFieldCorrection 
MinLinearFieldCorrection 
AutoLinearCorrection Off
FitOneRegion Off
BackgroundMode Off
BackgroundFilename 
AutoCenter Off
OffsetCorrection 
SmoothDeriv Off
DerivOrder 0
DerivPoints 0
MinExFieldOne 
MaxExFieldOne 
MinExFieldTwo 
MaxExFieldTwo 
MinPinFieldOne 
MaxPinFieldOne 
MinPinFieldTwo 
MaxPinFieldTwo 
HCenterStart 
Mass 
Volume 
Density 
MolarWeight 
NumberOfMoles 
Demagnetization 
SampleArea 
Thickness 
MomentScaling 0
XAxis 0
YAxis 0
SimpleSpinValve False
HsatMax 0
HsatMin 0
FieldAutoRange True
 
*************************************************** Experiment Data ********************************************
 
DataPoints 101
MomentX Data
0.000148486
-0.000140463
-0.000114999
-0.0000905998
-0.0000633132
-0.0000372
-0.0000107412
0.0000181097
0.0000468075
0.0000571087
0.0000713425
0.0000753454
0.0000877785
0.00010123
0.000112977
0.000123206
0.000132036
0.000140461
0.000144175
0.000144307
0.000146257
0.00014593
0.000147062
0.000148859
0.000148005
0.000145689
0.000146446
0.000147019
0.000147579
0.000150099
0.00014919
0.000148737
0.00015312
0.000153275
0.000162294
0.000173808
0.000183835
0.000197238
0.000211759
0.000221906
0.000233291
0.000242397
0.000255044
0.000278208
0.000308061
0.000330757
0.000360719
0.000386919
0.000409422
0.000435714
0.000458641
0.000437849
0.000412456
0.000384757
0.000356914
0.000334188
0.000305086
0.000271951
0.000250038
0.000239187
0.000228534
0.000216268
0.000203112
0.000191193
0.000183312
0.00017267
0.000162644
0.000150567
0.000153204
0.0001509
0.000148867
0.000147843
0.000146153
0.000145641
0.00014522
0.000145247
0.000148417
0.000147152
0.000147408
0.000144168
0.000145308
0.000142353
0.000142066
0.000141216
0.000128523
0.000118276
0.000107564
0.0000956416
0.0000865532
0.0000713574
0.0000633238
0.0000461215
0.0000394424
0.00000365695
-0.0000197629
-0.0000449014
-0.0000677253
-0.0000940426
-0.000120165
-0.000141924
-0.000162974
MomentY Data
-0.0000000667572
0.00000569344
0.000000829697
0.00000488281
0.00000333786
0.00000087738
-0.000000648499
0.00000310898
0.00000108719
0.00000218391
0.00000115395
0.00000330925
0.00000329971
0.00000142097
-0.00000134468
-0.00000238419
-0.00000115395
-0.00000130653
0.000000400543
-0.00000162125
-0.000000476837
0.00000000953674
0.00000131607
-0.00000183105
-0.0000017643
-0.00000144005
-0.00000196457
-0.00000224113
-0.0000000667572
0.000000295639
0.000000915527
-0.0000000858307
-0.00000109673
-0.00000284195
-0.00000270844
0.000000476837
-0.00000157356
0.0000015831
0.00000177383
0.00000230789
0.00000178337
-0.00000121117
-0.00000242233
-0.000000762939
0.00000124931
0.000000524521
-0.000000991821
-0.00000087738
-0.00000293732
0.00000115395
-0.00000402451
-0.00000222206
-0.00000401497
-0.00000325203
-0.000000829697
-0.00000178337
0.00000184059
0.000000762939
0.000000171661
-0.0000021553
-0.00000295639
-0.000000991821
-0.00000261307
-0.000000162125
-0.00000265121
-0.00000372887
-0.00000133514
-0.00000261307
-0.00000224113
-0.00000359535
-0.00000357628
-0.00000305176
-0.00000342369
-0.00000144005
-0.00000283241
-0.00000235558
-0.00000197411
-0.00000419617
-0.00000171661
-0.0000028801
-0.00000372887
-0.00000314713
-0.00000204086
-0.00000402451
-0.00000323296
-0.00000243187
-0.00000282288
0.000000543594
0.00000154495
0.00000286102
0.0000014782
-0.000000944138
0.0000000858307
-0.00000079155
0.000000219345
-0.00000249863
-0.000000495911
0.00000331879
-0.00000146866
-0.0000026226
0.00000369072
Field Data
-0.0944872
13750
12500
11250
9999.98
8749.97
7499.96
6249.95
4999.97
4499.98
3999.98
3499.97
2999.98
2499.98
1999.97
1499.97
999.97
499.971
437.488
374.988
312.491
249.991
187.492
124.994
62.4912
-0.00817918
-62.5089
-125.008
-187.509
-250
-312.505
-375.008
-437.506
-500.004
-1000.02
-1500.03
-2000.03
-2500.03
-3000.04
-3500.04
-4000.04
-4500.04
-5000.03
-6250.04
-7500.07
-8750.05
-10000
-11250
-12500
-13750
-14756.9
-13750
-12500
-11250
-9999.98
-8749.96
-7499.96
-6249.97
-4999.96
-4499.98
-3999.96
-3500.01
-2999.97
-2499.98
-1999.97
-1499.98
-999.973
-499.971
-437.489
-374.995
-312.495
-249.994
-187.492
-124.992
-62.4927
0.00486225
62.5132
125.006
187.509
250.005
312.506
375.005
437.506
500.013
1000.02
1500.02
2000.03
2500.05
3000.04
3500.03
4000.04
4500.03
5000.04
6250.07
7500.06
8750.04
10000
11250
12500
13750
14759.5
Time Data
0
34.07
47.58
61.043
74.537
88.062
101.588
115.113
128.638
141.165
153.661
167.17
179.604
192.115
204.595
217.106
229.633
242.098
254.578
267.058
280.583
293.11
305.59
318.07
330.566
343.046
355.542
368.069
380.611
393.076
405.587
419.096
431.577
444.041
456.568
469.064
481.528
494.039
506.535
519.015
532.54
545.052
557.516
571.026
584.551
598.045
611.555
626.094
639.651
653.16
666.686
680.18
693.721
708.244
721.785
736.356
749.865
763.375
776.822
789.334
801.814
816.337
828.818
841.313
853.793
866.305
878.8
891.28
903.792
917.348
930.858
943.416
955.927
968.392
980.919
993.43
1005.94
1018.47
1031.96
1044.44
1056.97
1070.52
1083.02
1095.53
1108.07
1120.63
1133.13
1145.64
1158.14
1170.63
1184.14
1196.6
1209.12
1223.66
1237.18
1250.71
1264.22
1277.74
1291.24
1304.76
1318.27
Temperature Data
0
0
0
0
0
0
0
0
0
0
0
0
0
0
0
0
0
0
0
0
0
0
0
0
0
0
0
0
0
0
0
0
0
0
0
0
0
0
0
0
0
0
0
0
0
0
0
0
0
0
0
0
0
0
0
0
0
0
0
0
0
0
0
0
0
0
0
0
0
0
0
0
0
0
0
0
0
0
0
0
0
0
0
0
0
0
0
0
0
0
0
0
0
0
0
0
0
0
0
0
0
Angle Data
0
0
0
0
0
0
0
0
0
0
0
0
0
0
0
0
0
0
0
0
0
0
0
0
0
0
0
0
0
0
0
0
0
0
0
0
0
0
0
0
0
0
0
0
0
0
0
0
0
0
0
0
0
0
0
0
0
0
0
0
0
0
0
0
0
0
0
0
0
0
0
0
0
0
0
0
0
0
0
0
0
0
0
0
0
0
0
0
0
0
0
0
0
0
0
0
0
0
0
0
0
Bx Data
0
0
0
0
0
0
0
0
0
0
0
0
0
0
0
0
0
0
0
0
0
0
0
0
0
0
0
0
0
0
0
0
0
0
0
0
0
0
0
0
0
0
0
0
0
0
0
0
0
0
0
0
0
0
0
0
0
0
0
0
0
0
0
0
0
0
0
0
0
0
0
0
0
0
0
0
0
0
0
0
0
0
0
0
0
0
0
0
0
0
0
0
0
0
0
0
0
0
0
0
0
Hint Data
0
0
0
0
0
0
0
0
0
0
0
0
0
0
0
0
0
0
0
0
0
0
0
0
0
0
0
0
0
0
0
0
0
0
0
0
0
0
0
0
0
0
0
0
0
0
0
0
0
0
0
0
0
0
0
0
0
0
0
0
0
0
0
0
0
0
0
0
0
0
0
0
0
0
0
0
0
0
0
0
0
0
0
0
0
0
0
0
0
0
0
0
0
0
0
0
0
0
0
0
0
Torque Data
6.30770090784E-09
0.0782848
0.0103712125
0.0549316125
0.0333785332428
0.0076770486786
-0.00486371656004
0.019430969551
0.0054359173843
0.0098275513218
0.004615776921
0.0115822757225
0.0098990640058
0.0035523965806
-0.0026893196596
-0.0035762134743
-0.0011539153815
-0.00065322711063
0.000175232755984
-0.000607949295
-0.000149007270967
2.38409916934E-06
0.00024675259644
-0.0002288702637
-0.00011025322416
1.1778428159E-08
0.000122803109673
0.00028015917904
1.25175758148E-05
-0.00007390975
-0.000286106765135
3.21871991456E-05
0.00047982595538
0.0014209863678
0.0027084941688
-0.00071526980511
0.0031471672068
-0.003957797493
-0.0053215609532
-0.0080777073156
-0.0071335513348
0.0054503134468
0.0121117226699
0.00476839926756
-0.0093699124517
-0.00458958497605
0.00991821
0.009870525
0.0367165
-0.0158668125
0.059389291619
0.030553325
0.050187125
0.0365853375
0.00829695340606
0.0156044161652
-0.0138043513764
-0.00476834586183
-0.00085829813356
0.009698806894
0.0118254417444
0.00347138341821
0.0078391316079
0.0004053092575
0.0053023404637
0.0055932304226
0.00133510395122
0.00130645922097
0.00098046972257
0.00134823827325
0.0011175696186
0.00076292168944
0.00064191448548
0.0001799947296
0.000177004948407
-1.1453418855E-08
-0.000123407933252
-0.00052454642702
-0.00032187982449
-0.0007200394005
-0.00116529424822
-0.00118018948565
-0.00089288849516
-0.00201230731863
-0.0032330246592
-0.0036478536374
-0.0056458446864
0.0013590121797
0.004634911798
0.0100136558306
0.005912859128
-0.00424864932414
0.000429156933228
-0.0049472429085
0.0016451006607
-0.0218631124452
-0.00495911
0.0373363875
-0.01835825
-0.03606075
0.05447318184
dMdH Data
-2.10143283210878E-08
-0.0000000203712
-0.00000001951936
-2.18289307371082E-08
-2.0890392876857E-08
-2.11668706650347E-08
-2.30805353557172E-08
-2.29586073377174E-08
-2.06028120562411E-08
-0.0000000284676
-8.00563988720226E-09
-2.48666973339467E-08
-0.000000026903
-2.34935301293974E-08
-0.000000020458
-0.00000001766
-1.68500337000674E-08
-5.94401677256211E-08
-2.11200000000029E-09
-3.12014976718881E-08
5.23199999999998E-09
-1.81122897966366E-08
-2.87529200934429E-08
1.3663387880223E-08
3.70563680853507E-08
-1.21118603124615E-08
-9.16813202110104E-09
-8.95985664229386E-09
-4.03258069161959E-08
1.45428365730742E-08
7.24765211269866E-09
-7.01302441678134E-08
-2.48007936253962E-09
-1.80374228024703E-08
-2.3027539449211E-08
-0.000000020054
-0.000000026806
-2.90414191716166E-08
-0.000000020294
-0.00000002277
-0.000000018212
-2.52945058901178E-08
-1.8531051751586E-08
-2.38818268361559E-08
-1.81570905134482E-08
-2.39705588223529E-08
-0.00000002096
-0.0000000180024
-0.0000000210336
-2.27698877743569E-08
-2.06495183235674E-08
-0.0000000203144
-0.0000000221592
-2.22740436153021E-08
-1.81805091118542E-08
-0.0000000232816
-2.65082120656965E-08
-1.75302597579219E-08
-2.17028681147246E-08
-2.13051477940883E-08
-2.45344534453445E-08
-2.63098952083833E-08
-2.38384767695354E-08
-1.57616847663047E-08
-2.12844256885138E-08
-2.00517192759301E-08
-2.41539033843865E-08
4.22041547965813E-08
-3.6867539283771E-08
-0.000000032528
-1.63837378601946E-08
-2.70391347476879E-08
-8.19199999999975E-09
-6.73607544404521E-09
4.32016850385095E-10
5.07132346516447E-08
-2.02423319166367E-08
4.09580340143661E-09
-5.18433179723503E-08
1.82397081646695E-08
-4.72807564921037E-08
-4.59192652917585E-09
-1.35984769705792E-08
-2.53856446009756E-08
-0.000000020494
-2.14235715285694E-08
-2.38438462461501E-08
-1.81771635432709E-08
-3.03922078441569E-08
-1.60668786624268E-08
-3.44052881057621E-08
-1.33579328413432E-08
-2.86276729358495E-08
-1.87360298882391E-08
-2.01111217779484E-08
-1.8259704310538E-08
-0.00000002105384
-0.00000002089792
-0.0000000174072
-2.08519068845963E-08
-2.08519068845963E-08
dMdT Data
0
0
0
0
0
0
0
0
0
0
0
0
0
0
0
0
0
0
0
0
0
0
0
0
0
0
0
0
0
0
0
0
0
0
0
0
0
0
0
0
0
0
0
0
0
0
0
0
0
0
0
0
0
0
0
0
0
0
0
0
0
0
0
0
0
0
0
0
0
0
0
0
0
0
0
0
0
0
0
0
0
0
0
0
0
0
0
0
0
0
0
0
0
0
0
0
0
0
0
0
0
 
*********************************************** Results ***************************************
 
TotalArea 9.95697944160478E-02
AreaFirstQuad 3.99410371764477E-02
AreaSecondQuad 2.87271853236462E-02
AreaThirdQuad 0
AreaFourthQuad 3.09015719159529E-02
Coercivity 294.66404405161
PositiveCoercivity 6445.25275866412
NegativeCoercivity 7034.58084676735
Retentivity 2.21152595639328E-07
PositiveRetentivity 1.45689303090705E-04
NegativeRetentivity 1.45246997899426E-04
Magnetization 0.0003108075
PositiveMagnetization 0.000458641
NegativeMagnetization -0.000162974
Flatness -672.424030360532
Squareness 7.11542017613242E-04
SStar 1.03251763994266
SFD1 1.01625881997133
SFD2 3.49965891942819
Slope 0
Intercept 0
SlopeAtHc -2.30805353557172E-08
dH1 -4.79088964425955
dH2 1031.22365
InitialSlope -2.10143283210878E-08
FieldAtHalfMs -3825.66582345191
FieldAtMs -14756.9
MomentMean 1.46774136138614E-04
MomentRMS 1.29984478732734E-04
SFD3 1.03251763994266
dH3 -9.58177928851819
UserField1 0
UserField2 0
CenterField 0
ExchangeField 0
ExchangeMoment 0
ExRegionOneIntercept 0
ExRegionOneSlope 0
ExRegionTwoIntercept 0
ExRegionTwoSlope 0
NegativeIntercept 0
NegativeSlope 0
AutoCenterOffset 0
PinningField 0
PinningMoment 0
PinRegionOneIntercept 0
PinRegionOneSlope 0
PinRegionTwoIntercept 0
PinRegionTwoSlope 0
PositiveIntercept 0
PositiveSlope 0
TotalOffset 0
BHMax 0
BCoercivity 0
BRetentivity 0
BNegativeCoercivity 0
BPositiveCoercivity 0
BNegativeRetentivity 0
BPositiveRetentivity 0
MomentYMean -7.24698541188119E-07
MomentYRMS 2.18071032256903E-06
YOffCorrection 0
Mrt 0
Ms1 0
Ms2 0
Ms3 0
Hc2 0
Hex2 0
HsatValue 0
HsatIntercept 0
HsatSlope 0
CenterH 0
Span .000621615
SpanAsPercentOfRange -47.8165384615385
RMSAsPercentOfRange -9.99880605636419
SpanAsPercentOfMean 423.518077744259
RMSAsPercentOfMean 88.5608882820995
