Version 1.25
******************************************** Units *******************************************
System CGS
TemperatureUnit K
MomentUnit emu
AppliedFieldUnit G
 
******************************************** Setup ********************************************
 
Experiment CustomField
Minor False
Acquisition PointByPoint
EditedPoint No
MaxField 2500
FieldIncrement 100
Points 123
MinField 0
RampRate 7.5187969924812
AverageTime 3
TimeInterval 0
TimeConstant 0.3
TimeConstantIndex 1
Sensitivity -0.0013
SensitivityIndex 5
SensitivityY -0.4
SensitivityIndexY 1
SaturationField 8000
ExperimentTime 369
Use735Domains False
AutoRangeEnabled False
NumberOfVertices 7
VertexPts
0
17
44
61
78
105
122
VertexField
2500
100
-100
-2500
-100
100
2500
StartAngle 0
EndAngle 0
AngleIncrement 0
StartTemp 0
FinishTemp 0
TempIncrement 0
TempPoints 0
LengthofSetPointsArray 123
SetPointArray
2500
2358.82352941176
2217.64705882353
2076.47058823529
1935.29411764706
1794.11764705882
1652.94117647059
1511.76470588235
1370.58823529412
1229.41176470588
1088.23529411765
947.058823529412
805.882352941176
664.705882352941
523.529411764706
382.35294117647
241.176470588235
100
92.5925925925926
85.1851851851852
77.7777777777778
70.3703703703704
62.962962962963
55.5555555555556
48.1481481481482
40.7407407407408
33.3333333333334
25.9259259259259
18.5185185185185
11.1111111111111
3.70370370370372
-3.70370370370368
-11.1111111111111
-18.5185185185185
-25.9259259259259
-33.3333333333333
-40.7407407407407
-48.1481481481481
-55.5555555555555
-62.9629629629629
-70.3703703703703
-77.7777777777777
-85.1851851851851
-92.5925925925926
-100
-241.176470588235
-382.352941176471
-523.529411764706
-664.705882352941
-805.882352941177
-947.058823529412
-1088.23529411765
-1229.41176470588
-1370.58823529412
-1511.76470588235
-1652.94117647059
-1794.11764705882
-1935.29411764706
-2076.47058823529
-2217.64705882353
-2358.82352941176
-2500
-2358.82352941176
-2217.64705882353
-2076.47058823529
-1935.29411764706
-1794.11764705882
-1652.94117647059
-1511.76470588235
-1370.58823529412
-1229.41176470588
-1088.23529411765
-947.058823529412
-805.882352941176
-664.705882352941
-523.529411764706
-382.35294117647
-241.176470588235
-100
-92.5925925925926
-85.1851851851852
-77.7777777777778
-70.3703703703704
-62.962962962963
-55.5555555555556
-48.1481481481482
-40.7407407407408
-33.3333333333334
-25.9259259259259
-18.5185185185185
-11.1111111111111
-3.70370370370372
3.70370370370368
11.1111111111111
18.5185185185185
25.9259259259259
33.3333333333333
40.7407407407407
48.1481481481481
55.5555555555555
62.9629629629629
70.3703703703703
77.7777777777777
85.1851851851851
92.5925925925926
100
241.176470588235
382.352941176471
523.529411764706
664.705882352941
805.882352941177
947.058823529412
1088.23529411765
1229.41176470588
1370.58823529412
1511.76470588235
1652.94117647059
1794.11764705882
1935.29411764706
2076.47058823529
2217.64705882353
2358.82352941176
2500
FieldDomainFile c:\Ideasvsm\Default UserID\Experiments\Hannah_2p5kG\fdomain.ini
TempDomainFile c:\Ideasvsm\Default UserID\Experiments\Hannah_2p5kG\tdomain.ini
NumSelectedResults 0
ResultsSelected 
UserName1 
UserValue1 
UserName2 
UserValue2 
LinearBackgroundCorrection Off
MaxLinearFieldCorrection 
MinLinearFieldCorrection 
AutoLinearCorrection Off
FitOneRegion Off
BackgroundMode Off
BackgroundFilename 
AutoCenter Off
OffsetCorrection 
SmoothDeriv Off
DerivOrder 0
DerivPoints 0
MinExFieldOne 
MaxExFieldOne 
MinExFieldTwo 
MaxExFieldTwo 
MinPinFieldOne 
MaxPinFieldOne 
MinPinFieldTwo 
MaxPinFieldTwo 
HCenterStart 
Mass 
Volume 
Density 
MolarWeight 
NumberOfMoles 
Demagnetization 
SampleArea 
Thickness 
MomentScaling 0
XAxis 0
YAxis 0
SimpleSpinValve False
HsatMax 0
HsatMin 0
FieldAutoRange True
 
*************************************************** Experiment Data ********************************************
 
DataPoints 123
MomentX Data
0.0000754244
0.000080835
0.0000829876
0.0000874319
0.000092039
0.0000965379
0.000101752
0.000103483
0.000108659
0.00011182
0.0001162
0.000121013
0.000124539
0.000125653
0.000134873
0.000138004
0.000139748
0.000144624
0.000143873
0.000144996
0.000144477
0.000146222
0.000148445
0.00014596
0.000145365
0.000144935
0.000145662
0.000147326
0.000147838
0.000146871
0.000146344
0.000146037
0.000147119
0.000147829
0.00014659
0.000148223
0.000147895
0.000147648
0.000148173
0.000147431
0.000149976
0.000149718
0.000149006
0.000149368
0.000147889
0.000152061
0.000154908
0.000159958
0.000164467
0.000168273
0.000171608
0.000175351
0.000180827
0.000184155
0.000187885
0.000190853
0.000194933
0.000201069
0.000202867
0.000207844
0.000213947
0.000216606
0.000213754
0.000208497
0.000202668
0.000202409
0.000195311
0.000192369
0.000188906
0.000182967
0.000178614
0.00017719
0.000171343
0.00016831
0.000164762
0.000159846
0.000155959
0.000153127
0.000147175
0.000149911
0.00014805
0.000147429
0.000148356
0.000147928
0.000147967
0.000148217
0.00014851
0.000147115
0.000147557
0.000145981
0.000147433
0.000147684
0.000145559
0.000144587
0.000144322
0.0001434
0.000145043
0.000146274
0.000144651
0.000145824
0.000145326
0.000144332
0.000143316
0.000145118
0.000143681
0.000143866
0.000139942
0.000137415
0.000133252
0.000131114
0.000123615
0.000121861
0.000116948
0.000111914
0.000109133
0.000105217
0.000101443
0.0000964499
0.000093073
0.0000887827
0.0000847994
0.0000810096
0.0000765012
MomentY Data
0.000000602404
0.000000170072
0.000000185966
0.000000170072
0.00000023365
0.000000106494
0.0000000842412
-0.000000120799
0.000000247955
0.00000000476837
0.00000026385
0.000000365575
0.000000247955
0.0000000588099
0.0000000413259
0.0000000270208
0.000000100136
0.0000000651677
0.000000421206
0.000000376701
-0.00000000158946
0.000000017484
-0.0000000540415
-0.0000000429153
0.000000135104
0.000000185966
-0.000000109673
-0.0000000270208
-0.0000000905991
-0.0000000286102
0.000000112851
0.000000279744
0.000000282923
0.000000268618
0.000000093778
0.000000190735
0.000000240008
0.00000046889
0.000000362396
0.0000000158946
0.000000073115
0.000000244776
0.0000000715256
-0.00000017484
0.000000212987
-0.000000181198
-0.0000000143051
-0.0000000651677
-0.0000000651677
-0.0000000619888
0.000000141462
-0.000000227292
-0.000000073115
-0.0000000476837
0.0000000683467
-0.000000255903
-0.0000000651677
-0.0000000762939
0.000000100136
-0.0000000619888
0.000000305176
0.000000236829
0.000000953674
0.000000301997
-0.00000000158946
-0.000000190735
0.0000000635783
-0.00000011603
-0.000000305176
0.000000017484
0.0000000127157
0.000000103315
0.000000336965
-0.000000120799
0.000000230471
0.0000000683467
-0.000000212987
-0.000000112851
-0.000000209808
0.00000011762
0.000000276566
0.000000138283
-0.00000017643
-0.000000125567
0.000000106494
0.000000495911
0.000000357628
0.000000267029
-0.0000000492732
-0.0000000715256
0.000000352859
0.000000133514
0.0000000460943
0.0000000588099
0.0000000683467
-0.00000017643
0.0000000715256
0.000000157356
-0.0000000111262
0.0000000190735
-0.000000246366
-0.0000000524521
-0.000000306765
0.0000000747045
-0.0000000143051
0.000000333786
0.000000243187
-0.0000000492732
0.0000000762939
-0.0000000890096
-0.0000000238419
-0.000000212987
0.0000000127157
0.00000023524
0.000000143051
0.0000000222524
1.42109E-15
0.000000251134
-0.0000000874201
0.000000400543
0.000000759761
0.0000000270208
0.000000162125
Field Data
2500.01
2358.82
2217.65
2076.47
1935.29
1794.12
1652.93
1511.76
1370.59
1229.4
1088.23
947.044
805.876
664.691
523.519
382.335
241.165
99.9844
92.5899
85.1783
77.7717
70.3683
62.9633
55.5546
48.1455
40.7352
33.326
25.9238
18.5095
11.1093
3.70153
-3.70896
-11.1107
-18.5182
-25.9308
-33.337
-40.7459
-48.151
-55.5611
-62.9648
-70.3676
-77.7824
-85.1878
-92.5945
-99.9977
-241.187
-382.358
-523.546
-664.721
-805.897
-947.073
-1088.25
-1229.43
-1370.6
-1511.79
-1652.96
-1794.14
-1935.31
-2076.49
-2212.95
-2358.85
-2500.02
-2358.81
-2217.65
-2076.47
-1935.29
-1794.11
-1652.93
-1511.76
-1370.58
-1229.4
-1088.23
-947.047
-805.872
-664.699
-523.52
-382.341
-241.168
-99.9885
-92.5946
-85.1825
-77.7728
-70.3669
-62.9572
-55.5489
-48.1469
-40.7411
-33.3293
-25.9256
-18.5118
-11.1101
-3.70377
3.70262
11.1135
18.5202
25.9288
33.3347
40.7448
48.1508
55.555
62.9655
70.3757
77.7815
85.1871
92.593
99.9992
241.184
382.365
523.538
664.718
805.895
947.07
1088.25
1229.42
1370.6
1511.77
1652.95
1794.13
1935.31
2076.48
2217.67
2358.84
2500
Time Data
0
10.374
20.748
31.185
41.59
51.995
62.416
72.822
83.274
93.663
104.069
114.474
124.879
135.316
145.705
156.111
167.561
179.012
190.431
200.883
211.288
221.709
232.13
242.566
252.987
263.408
273.829
284.281
294.702
305.107
315.544
325.98
336.417
347.883
358.319
368.74
379.13
389.55
399.971
410.377
420.829
431.265
441.686
452.091
463.542
473.994
485.444
495.865
506.27
516.707
527.112
537.533
547.954
558.39
568.811
579.232
589.669
600.121
610.51
620.947
631.368
641.804
652.272
662.724
673.129
683.519
693.955
704.345
714.766
725.171
735.607
746.06
756.496
766.948
777.369
787.774
798.211
809.63
820.051
830.472
840.924
851.329
861.719
872.14
882.607
893.059
903.465
913.901
924.306
934.727
945.148
955.584
966.037
976.442
986.847
997.299
1007.74
1018.17
1028.58
1039.01
1049.42
1059.84
1070.23
1080.67
1091.12
1101.52
1111.98
1123.44
1133.89
1144.33
1154.74
1165.13
1175.53
1185.97
1196.37
1206.79
1217.25
1227.67
1238.1
1248.55
1258.99
1269.41
1279.85
Temperature Data
0
0
0
0
0
0
0
0
0
0
0
0
0
0
0
0
0
0
0
0
0
0
0
0
0
0
0
0
0
0
0
0
0
0
0
0
0
0
0
0
0
0
0
0
0
0
0
0
0
0
0
0
0
0
0
0
0
0
0
0
0
0
0
0
0
0
0
0
0
0
0
0
0
0
0
0
0
0
0
0
0
0
0
0
0
0
0
0
0
0
0
0
0
0
0
0
0
0
0
0
0
0
0
0
0
0
0
0
0
0
0
0
0
0
0
0
0
0
0
0
0
0
0
Angle Data
0
0
0
0
0
0
0
0
0
0
0
0
0
0
0
0
0
0
0
0
0
0
0
0
0
0
0
0
0
0
0
0
0
0
0
0
0
0
0
0
0
0
0
0
0
0
0
0
0
0
0
0
0
0
0
0
0
0
0
0
0
0
0
0
0
0
0
0
0
0
0
0
0
0
0
0
0
0
0
0
0
0
0
0
0
0
0
0
0
0
0
0
0
0
0
0
0
0
0
0
0
0
0
0
0
0
0
0
0
0
0
0
0
0
0
0
0
0
0
0
0
0
0
Bx Data
0
0
0
0
0
0
0
0
0
0
0
0
0
0
0
0
0
0
0
0
0
0
0
0
0
0
0
0
0
0
0
0
0
0
0
0
0
0
0
0
0
0
0
0
0
0
0
0
0
0
0
0
0
0
0
0
0
0
0
0
0
0
0
0
0
0
0
0
0
0
0
0
0
0
0
0
0
0
0
0
0
0
0
0
0
0
0
0
0
0
0
0
0
0
0
0
0
0
0
0
0
0
0
0
0
0
0
0
0
0
0
0
0
0
0
0
0
0
0
0
0
0
0
Hint Data
0
0
0
0
0
0
0
0
0
0
0
0
0
0
0
0
0
0
0
0
0
0
0
0
0
0
0
0
0
0
0
0
0
0
0
0
0
0
0
0
0
0
0
0
0
0
0
0
0
0
0
0
0
0
0
0
0
0
0
0
0
0
0
0
0
0
0
0
0
0
0
0
0
0
0
0
0
0
0
0
0
0
0
0
0
0
0
0
0
0
0
0
0
0
0
0
0
0
0
0
0
0
0
0
0
0
0
0
0
0
0
0
0
0
0
0
0
0
0
0
0
0
0
Torque Data
0.00150601602404
0.00040116923504
0.0004124074999
0.00035314940584
0.0004521805085
0.00019106301528
0.000139244806716
-0.00018261909624
0.00033984464345
0.000005862234078
0.0002871294855
0.0003462156103
0.00019982098358
3.90904112409E-05
2.16348938421E-05
0.000010330997568
0.00002414929844
6.51575338388E-06
3.89994214194E-05
3.20867507883E-05
-1.23615006282E-07
1.2303193572E-06
-3.40263117695E-06
-2.38414232538E-06
0.000006504649632
7.5753622032E-06
-0.000003654962398
-7.0048181504E-07
-1.67694404145E-06
-3.1783929486E-07
4.1772136203E-07
-1.03755930624E-06
-3.1434725761E-06
-4.9743218476E-06
-2.4317385624E-06
-0.000006358532695
-9.7793419672E-06
-0.00002257752239
-2.01351203956E-05
-1.00080031008E-06
-0.000005144927074
-1.90392647424E-05
-6.09310850768E-06
0.00001618922238
-2.12982101299E-05
0.000043702602026
5.4696694258E-06
3.41182886642E-05
4.33183387117E-05
4.99565879536E-05
-0.000133974840726
0.000247350519
0.00008988977445
0.00006535527922
-0.000103325857593
0.00042299742288
0.000116919977278
0.000147652347609
-0.00020793140264
0.00013717811496
-0.0007198644076
-0.00059207723658
-0.00224953576794
-0.00066972364705
3.3004660062E-06
0.00036912753815
-0.000114066463813
0.0001917894679
0.00046135286976
-0.00002396322072
-0.00001563268158
-0.00011243048245
-0.000319121692355
0.000097348531728
-0.000153193843229
-0.000035780864384
0.000081433662567
0.000027216049968
0.000020978387208
-0.000010890976852
-0.000023558583295
-1.07546561024E-05
0.000012414832167
7.9053467324E-06
-5.9156245566E-06
-2.38765773259E-05
-1.45701581108E-05
-8.8998896497E-06
1.27743727392E-06
1.32406760208E-06
-3.9202987759E-06
-4.9450514778E-07
1.70669677066E-07
6.5358382365E-07
1.26579455334E-06
-0.000004574618184
2.38428441832E-06
6.4114387488E-06
-5.3573543096E-07
1.0596282925E-06
-0.000015512558373
-3.69135325397E-06
-2.38606418475E-05
6.36385971195E-06
-1.3245521243E-06
3.33783329712E-05
0.000058652813408
-0.000018840347118
3.99427558182E-05
-5.91662832928E-05
-1.92140680005E-05
-0.00020171359809
0.000013837860525
0.0002892087608
0.0001960657006
0.000033640510748
2.3489907155E-12
0.00045056704342
-0.000169184993731
0.00083171952864
0.00168489917687
0.000063737743872
0.0004053125
dMdH Data
-3.83214108647921E-08
-1.52482822129348E-08
-3.14796713415498E-08
-3.26328091797705E-08
-3.18686689806615E-08
-3.69296692400312E-08
-1.22618119997167E-08
-3.66650138131331E-08
-2.23882711240173E-08
-3.10264220443437E-08
-3.40897822730299E-08
-2.49773319732518E-08
-7.89035662428731E-09
-6.53104014960473E-08
-2.21767339075249E-08
-1.23538995537296E-08
-3.45373231166321E-08
1.01561971735747E-07
-1.51519240110095E-07
7.00726379175312E-08
-2.35702515060647E-07
-3.00202565833897E-07
3.35416469826017E-07
8.03066499304895E-08
5.80273403236029E-08
-9.81212546563707E-08
-2.24798033017213E-07
-6.90557436305496E-08
1.30672143996107E-07
7.11415176227129E-08
4.14277598377411E-08
-1.46181843728635E-07
-9.5848801889978E-08
1.67147829371613E-07
-2.20490940023226E-07
4.42710793775074E-08
3.33553902040466E-08
-7.08492462989702E-08
1.00220160190175E-07
-3.43788836656398E-07
3.47952743162319E-08
9.6146055581061E-08
-4.88746675307502E-08
1.99778474173331E-07
-2.95489814029816E-08
-2.01670314724695E-08
-3.57679122871633E-08
-3.19390826987782E-08
-2.69592565308551E-08
-2.36229954099846E-08
-2.65128172436021E-08
-3.87873636492421E-08
-2.35744138273005E-08
-2.64183015794319E-08
-2.10242969469434E-08
-2.8899277518062E-08
-4.34653254940853E-08
-1.27355149454596E-08
-3.64722262934193E-08
-4.18300205620288E-08
-1.88354466246369E-08
-2.0196869910063E-08
-3.72414281666194E-08
-4.12877178070548E-08
-1.83453746989667E-09
-5.02762430939227E-08
-2.08386457005242E-08
-2.45307076574342E-08
-4.20668649950418E-08
-3.08329791755206E-08
-1.00871289934122E-08
-4.14143345870254E-08
-2.14839737913936E-08
-2.5132284501994E-08
-3.482104278965E-08
-2.75324233774145E-08
-2.006049315379E-08
-4.21590953360791E-08
3.70034758381907E-07
-2.51075943389863E-07
-8.38090610955899E-08
1.25170472191089E-07
-5.77621226230468E-08
5.26436564393865E-09
3.37746554985147E-08
3.95635852980104E-08
-1.88213389460051E-07
5.96998797898375E-08
-2.12576546440424E-07
1.96171149870977E-07
3.38899292902146E-08
-2.86914407693898E-07
-1.31158512889156E-07
-3.57784168388079E-08
-1.2444996355587E-07
2.21850146504815E-07
1.66124613702919E-07
-2.19146637861193E-07
1.5842359741768E-07
-6.72019431887161E-08
-1.34139429435105E-07
-1.3718977018013E-07
2.43329372366856E-07
-1.94034486017904E-07
2.49790715886707E-08
-2.77933601917488E-08
-1.78990090734589E-08
-2.94886415957726E-08
-1.51437880719649E-08
-5.31177174752262E-08
-1.24242960864174E-08
-3.47995466779997E-08
-3.56591343769923E-08
-1.96982575435614E-08
-2.77396047318835E-08
-2.67318317042074E-08
-3.53669074939792E-08
-2.39191103555746E-08
-3.03910179216547E-08
-2.82123379842765E-08
-2.68456470921584E-08
-3.19382261263814E-08
-3.19382261263814E-08
dMdT Data
0
0
0
0
0
0
0
0
0
0
0
0
0
0
0
0
0
0
0
0
0
0
0
0
0
0
0
0
0
0
0
0
0
0
0
0
0
0
0
0
0
0
0
0
0
0
0
0
0
0
0
0
0
0
0
0
0
0
0
0
0
0
0
0
0
0
0
0
0
0
0
0
0
0
0
0
0
0
0
0
0
0
0
0
0
0
0
0
0
0
0
0
0
0
0
0
0
0
0
0
0
0
0
0
0
0
0
0
0
0
0
0
0
0
0
0
0
0
0
0
0
0
0
 
*********************************************** Results ***************************************
 
TotalArea -1.97383550522006E-03
AreaFirstQuad -1.3653975271392E-03
AreaSecondQuad -6.08437978080818E-04
AreaThirdQuad 0
AreaFourthQuad 0
Coercivity 0
PositiveCoercivity 0
NegativeCoercivity 0
Retentivity 2.15340560043894E-07
PositiveRetentivity 1.46190653904128E-04
NegativeRetentivity 1.46621335024216E-04
Magnetization 0.000216606
PositiveMagnetization 0.000216606
NegativeMagnetization 0.0000754244
Flatness -677.881181855981
Squareness 9.94157872099084E-04
SStar 0
SFD1 0
SFD2 0
Slope 0
Intercept 0
SlopeAtHc -3.19382261263814E-08
dH1 0
dH2 185.39925
InitialSlope -3.83214108647921E-08
FieldAtHalfMs 0
FieldAtMs -2500.02
MomentMean 1.45915167479675E-04
MomentRMS 3.12023398566899E-05
SFD3 0
dH3 0
UserField1 0
UserField2 0
CenterField 0
ExchangeField 0
ExchangeMoment 0
ExRegionOneIntercept 0
ExRegionOneSlope 0
ExRegionTwoIntercept 0
ExRegionTwoSlope 0
NegativeIntercept 0
NegativeSlope 0
AutoCenterOffset 0
PinningField 0
PinningMoment 0
PinRegionOneIntercept 0
PinRegionOneSlope 0
PinRegionTwoIntercept 0
PinRegionTwoSlope 0
PositiveIntercept 0
PositiveSlope 0
TotalOffset 0
BHMax 0
BCoercivity 0
BRetentivity 0
BNegativeCoercivity 0
BPositiveCoercivity 0
BNegativeRetentivity 0
BPositiveRetentivity 0
MomentYMean 8.59469800928544E-08
MomentYRMS 2.06069343418244E-07
YOffCorrection 0
Mrt 0
Ms1 0
Ms2 0
Ms3 0
Hc2 0
Hex2 0
HsatValue 0
HsatIntercept 0
HsatSlope 0
CenterH 0
Span .0001411816
SpanAsPercentOfRange -10.8601230769231
RMSAsPercentOfRange -2.40017998897614
SpanAsPercentOfMean 96.7559455528609
RMSAsPercentOfMean 21.3838906507346
