Version 1.25
******************************************** Units *******************************************
System CGS
TemperatureUnit K
MomentUnit emu
AppliedFieldUnit G
 
******************************************** Setup ********************************************
 
Experiment CustomField
Minor False
Acquisition PointByPoint
EditedPoint No
MaxField 2500
FieldIncrement 100
Points 123
MinField 0
RampRate 7.5187969924812
AverageTime 3
TimeInterval 0
TimeConstant 0.3
TimeConstantIndex 1
Sensitivity -0.0013
SensitivityIndex 5
SensitivityY -0.4
SensitivityIndexY 1
SaturationField 8000
ExperimentTime 369
Use735Domains False
AutoRangeEnabled False
NumberOfVertices 7
VertexPts
0
17
44
61
78
105
122
VertexField
2500
100
-100
-2500
-100
100
2500
StartAngle 0
EndAngle 0
AngleIncrement 0
StartTemp 0
FinishTemp 0
TempIncrement 0
TempPoints 0
LengthofSetPointsArray 123
SetPointArray
2500
2358.82352941176
2217.64705882353
2076.47058823529
1935.29411764706
1794.11764705882
1652.94117647059
1511.76470588235
1370.58823529412
1229.41176470588
1088.23529411765
947.058823529412
805.882352941176
664.705882352941
523.529411764706
382.35294117647
241.176470588235
100
92.5925925925926
85.1851851851852
77.7777777777778
70.3703703703704
62.962962962963
55.5555555555556
48.1481481481482
40.7407407407408
33.3333333333334
25.9259259259259
18.5185185185185
11.1111111111111
3.70370370370372
-3.70370370370368
-11.1111111111111
-18.5185185185185
-25.9259259259259
-33.3333333333333
-40.7407407407407
-48.1481481481481
-55.5555555555555
-62.9629629629629
-70.3703703703703
-77.7777777777777
-85.1851851851851
-92.5925925925926
-100
-241.176470588235
-382.352941176471
-523.529411764706
-664.705882352941
-805.882352941177
-947.058823529412
-1088.23529411765
-1229.41176470588
-1370.58823529412
-1511.76470588235
-1652.94117647059
-1794.11764705882
-1935.29411764706
-2076.47058823529
-2217.64705882353
-2358.82352941176
-2500
-2358.82352941176
-2217.64705882353
-2076.47058823529
-1935.29411764706
-1794.11764705882
-1652.94117647059
-1511.76470588235
-1370.58823529412
-1229.41176470588
-1088.23529411765
-947.058823529412
-805.882352941176
-664.705882352941
-523.529411764706
-382.35294117647
-241.176470588235
-100
-92.5925925925926
-85.1851851851852
-77.7777777777778
-70.3703703703704
-62.962962962963
-55.5555555555556
-48.1481481481482
-40.7407407407408
-33.3333333333334
-25.9259259259259
-18.5185185185185
-11.1111111111111
-3.70370370370372
3.70370370370368
11.1111111111111
18.5185185185185
25.9259259259259
33.3333333333333
40.7407407407407
48.1481481481481
55.5555555555555
62.9629629629629
70.3703703703703
77.7777777777777
85.1851851851851
92.5925925925926
100
241.176470588235
382.352941176471
523.529411764706
664.705882352941
805.882352941177
947.058823529412
1088.23529411765
1229.41176470588
1370.58823529412
1511.76470588235
1652.94117647059
1794.11764705882
1935.29411764706
2076.47058823529
2217.64705882353
2358.82352941176
2500
FieldDomainFile c:\Ideasvsm\Default UserID\Experiments\Hannah_2p5kG\fdomain.ini
TempDomainFile c:\Ideasvsm\Default UserID\Experiments\Hannah_2p5kG\tdomain.ini
NumSelectedResults 0
ResultsSelected 
UserName1 
UserValue1 
UserName2 
UserValue2 
LinearBackgroundCorrection Off
MaxLinearFieldCorrection 
MinLinearFieldCorrection 
AutoLinearCorrection Off
FitOneRegion Off
BackgroundMode Off
BackgroundFilename 
AutoCenter Off
OffsetCorrection 
SmoothDeriv Off
DerivOrder 0
DerivPoints 0
MinExFieldOne 
MaxExFieldOne 
MinExFieldTwo 
MaxExFieldTwo 
MinPinFieldOne 
MaxPinFieldOne 
MinPinFieldTwo 
MaxPinFieldTwo 
HCenterStart 
Mass 
Volume 
Density 
MolarWeight 
NumberOfMoles 
Demagnetization 
SampleArea 
Thickness 
MomentScaling 0
XAxis 0
YAxis 0
SimpleSpinValve False
HsatMax 0
HsatMin 0
FieldAutoRange True
 
*************************************************** Experiment Data ********************************************
 
DataPoints 123
MomentX Data
0.000126812
0.000132023
0.000135947
0.000138679
0.000141124
0.000145393
0.000150122
0.000153329
0.000156432
0.000157368
0.00016181
0.00016404
0.000167872
0.000168409
0.000172125
0.000172943
0.000177178
0.000176909
0.00017714
0.000177607
0.000176336
0.000177431
0.000177602
0.000175967
0.000178327
0.000176941
0.000176914
0.000176163
0.000174547
0.000173729
0.000166723
0.000130168
0.000124819
0.000121569
0.000119896
0.000120779
0.000120258
0.000118875
0.000119297
0.000119937
0.000119172
0.000119945
0.000119604
0.00011995
0.000118392
0.000121124
0.000123811
0.000125565
0.000128962
0.000132053
0.000134716
0.000136327
0.000139024
0.00014307
0.000146358
0.000148431
0.000152845
0.000155853
0.000156201
0.000163918
0.000163916
0.00016996
0.000166497
0.000160551
0.000160652
0.000155837
0.000151529
0.000149156
0.000146864
0.000141944
0.000140095
0.000134772
0.000133265
0.000130142
0.000129006
0.000125792
0.000122962
0.000121168
0.0001193
0.000120592
0.000118969
0.000119559
0.000119314
0.000121007
0.000122092
0.000119714
0.000119648
0.000119187
0.00012152
0.000122497
0.000121791
0.000127064
0.000161299
0.000170809
0.000173827
0.000175924
0.000178146
0.000178722
0.000177952
0.000177298
0.000179308
0.000178217
0.00017835
0.000178882
0.000178787
0.000177827
0.000174717
0.00017469
0.000172785
0.00016852
0.00016709
0.000164276
0.000161669
0.000158712
0.000154724
0.000151965
0.000149781
0.000145593
0.00014247
0.000138315
0.000137251
0.000132409
0.000129846
MomentY Data
0.0000000953674
0.000000503858
0.000000697772
0.000000457764
0.0000000953674
0.000000707308
0.000000535647
0.000000502268
0.000000227292
0.000000378291
0.000000225703
0.000000451406
0.000000270208
0.000000360807
0.000000198682
0.000000402133
0.000000187556
0.000000384649
0.000000513395
0.000000371933
0.000000300407
-0.000000173251
0.000000249545
0.0000000254313
0.000000222524
0.000000534058
-0.0000000603994
0.000000514984
0.000000179609
0.000000343323
0.000000281334
0.000000208219
0.000000136693
0.000000449816
0.0000000588099
0.000000162125
0.0000000349681
0.00000017643
0.000000150998
0.000000171661
0.000000168482
0.000000441869
0.000000168482
0.0000000445048
0.000000246366
0.000000319481
0.0000000540415
0.000000282923
0.000000443459
0.000000356038
0.00000014623
0.000000093778
0.000000508626
0.000000103315
0.000000341733
0.0000000572205
0.000000670751
-0.0000000365575
0.000000610352
0.000000603994
0.000000591278
0.000000578562
0.000000567436
0.000000619888
0.000000658035
0.000000251134
0.000000336965
-0.0000000397364
0.000000227292
0.000000133514
0.0000000190735
0.0000000715256
0.000000332197
0.000000114441
0.000000182788
0.000000538826
0.000000516574
0.000000429153
0.000000122388
0.000000305176
0.000000163714
0.000000451406
0.000000562668
0.000000352859
0.00000055631
0.000000300407
0.000000268618
0.000000400543
0.000000305176
0.000000402133
-0.0000000333786
0.000000114441
0.000000332197
0.000000247955
0.000000244776
0.000000106494
0.000000168482
0.000000184377
0.000000343323
0.0000000715256
0.0000000985463
0.00000000476837
-0.0000000683467
0.0000000778834
0.0000000333786
0.000000305176
0.000000375112
0.0000000190735
-0.000000125567
-0.000000286102
-0.0000000286102
0.000000259082
0.0000000826518
-0.0000000572205
-0.0000000953674
-0.000000214577
-0.000000227292
0.000000295639
0.000000120799
0.000000236829
0.00000011603
0.000000120799
0.000000642141
Field Data
2500.03
2358.84
2217.65
2076.47
1935.3
1794.12
1652.93
1511.76
1370.58
1229.41
1088.23
947.049
805.876
664.696
523.522
382.341
241.166
99.9938
92.5906
85.178
77.7754
70.3719
62.9625
55.5552
48.1452
40.7389
33.3313
25.9309
18.5188
11.1065
3.69954
-3.70556
-11.1159
-18.5152
-25.9282
-33.3358
-40.741
-48.1536
-55.5554
-62.9637
-70.3751
-77.7825
-85.1871
-92.5998
-100.003
-241.183
-382.367
-523.542
-664.716
-805.89
-947.071
-1088.25
-1229.42
-1370.6
-1511.78
-1652.95
-1794.13
-1935.31
-2076.48
-2217.66
-2358.83
-2500.01
-2358.81
-2217.65
-2076.47
-1935.29
-1794.11
-1652.93
-1511.76
-1370.58
-1229.41
-1088.23
-947.053
-805.877
-664.696
-523.522
-382.345
-241.16
-99.9921
-92.5898
-85.1828
-77.7777
-70.3719
-62.959
-55.5582
-48.1484
-40.7438
-33.3303
-25.9238
-18.5222
-11.107
-3.7023
3.70534
11.1149
18.5178
25.9229
33.3283
40.74
48.1489
55.5542
62.9697
70.3757
77.787
85.1908
92.5998
100
241.185
382.357
523.531
664.721
805.897
947.068
1088.25
1229.43
1370.6
1511.77
1652.95
1794.13
1935.31
2076.49
2217.66
2358.82
2500.01
Time Data
0
10.421
20.873
31.232
41.606
52.011
62.401
72.822
83.243
93.679
104.084
114.49
125.94
136.392
146.829
157.265
168.7
179.152
189.588
200.041
210.446
220.835
231.225
241.646
252.067
262.472
272.893
283.314
293.735
304.187
314.639
325.075
335.496
345.933
356.369
366.821
377.242
387.632
398.068
408.505
418.957
429.393
439.861
450.282
460.734
471.17
482.605
493.042
503.431
513.868
524.335
534.756
545.177
555.582
566.003
576.409
586.845
597.219
607.624
618.076
628.482
638.934
649.37
659.807
670.243
680.648
691.054
701.459
711.895
722.332
732.753
743.174
753.61
764.078
774.467
784.888
795.325
806.775
817.18
827.57
837.975
848.412
858.833
869.254
879.674
890.095
900.532
910.968
921.389
931.81
942.246
952.683
963.119
973.525
983.946
994.335
1004.77
1015.19
1026.66
1037.08
1047.52
1057.94
1068.39
1078.81
1089.23
1099.64
1110.03
1121.51
1131.94
1142.35
1152.75
1163.14
1173.56
1183.95
1194.36
1204.8
1215.2
1225.62
1236.04
1246.48
1256.93
1267.35
1277.77
Temperature Data
0
0
0
0
0
0
0
0
0
0
0
0
0
0
0
0
0
0
0
0
0
0
0
0
0
0
0
0
0
0
0
0
0
0
0
0
0
0
0
0
0
0
0
0
0
0
0
0
0
0
0
0
0
0
0
0
0
0
0
0
0
0
0
0
0
0
0
0
0
0
0
0
0
0
0
0
0
0
0
0
0
0
0
0
0
0
0
0
0
0
0
0
0
0
0
0
0
0
0
0
0
0
0
0
0
0
0
0
0
0
0
0
0
0
0
0
0
0
0
0
0
0
0
Angle Data
0
0
0
0
0
0
0
0
0
0
0
0
0
0
0
0
0
0
0
0
0
0
0
0
0
0
0
0
0
0
0
0
0
0
0
0
0
0
0
0
0
0
0
0
0
0
0
0
0
0
0
0
0
0
0
0
0
0
0
0
0
0
0
0
0
0
0
0
0
0
0
0
0
0
0
0
0
0
0
0
0
0
0
0
0
0
0
0
0
0
0
0
0
0
0
0
0
0
0
0
0
0
0
0
0
0
0
0
0
0
0
0
0
0
0
0
0
0
0
0
0
0
0
Bx Data
0
0
0
0
0
0
0
0
0
0
0
0
0
0
0
0
0
0
0
0
0
0
0
0
0
0
0
0
0
0
0
0
0
0
0
0
0
0
0
0
0
0
0
0
0
0
0
0
0
0
0
0
0
0
0
0
0
0
0
0
0
0
0
0
0
0
0
0
0
0
0
0
0
0
0
0
0
0
0
0
0
0
0
0
0
0
0
0
0
0
0
0
0
0
0
0
0
0
0
0
0
0
0
0
0
0
0
0
0
0
0
0
0
0
0
0
0
0
0
0
0
0
0
Hint Data
0
0
0
0
0
0
0
0
0
0
0
0
0
0
0
0
0
0
0
0
0
0
0
0
0
0
0
0
0
0
0
0
0
0
0
0
0
0
0
0
0
0
0
0
0
0
0
0
0
0
0
0
0
0
0
0
0
0
0
0
0
0
0
0
0
0
0
0
0
0
0
0
0
0
0
0
0
0
0
0
0
0
0
0
0
0
0
0
0
0
0
0
0
0
0
0
0
0
0
0
0
0
0
0
0
0
0
0
0
0
0
0
0
0
0
0
0
0
0
0
0
0
0
Torque Data
0.000238421361022
0.00118852040472
0.0015474140758
0.00095053321308
0.00018456452922
0.00126899542896
0.00088538699571
0.00075930867168
0.00031152186936
0.00046507473831
0.00024561677569
0.000427503600894
0.000217754142208
0.000239826969672
0.000104014398004
0.000153751933353
0.000045232130296
3.84625151762E-05
0.000047535551087
0.000031680509074
2.33642745878E-05
-1.21920020469E-05
1.57119770625E-05
1.41284095776E-06
1.07134624848E-05
2.17569354562E-05
-2.01319052122E-06
1.33539986056E-05
3.3261431492E-06
3.8131168995E-06
1.04080638636E-06
-7.7156799764E-07
-1.5194657187E-06
-8.3284332032E-06
-1.52483484918E-06
-0.000005404566575
-1.4246353621E-06
-0.000008495739648
-8.3887542892E-06
-1.08084117057E-05
-1.18569375982E-05
-3.43696754925E-05
-1.43524929822E-05
-4.12113557904E-06
-0.000024637339098
-0.000077053386023
-2.06636862305E-05
-0.000148122073266
-0.000294774292644
-0.00028692746382
-0.00013849019233
-0.0001020539085
-0.00062531497692
-0.000141603539
-0.00051662511474
-0.000094582625475
-0.00120341449163
0.000070750095325
-0.00126738372096
-0.00133945333404
-0.00139472428474
-0.00144641078562
-0.00133847371116
-0.0013746946232
-0.00136638993645
-0.00048601711886
-0.00060455227615
0.000065681487652
-0.00034361095392
-0.00018299161812
-0.000023449151635
-0.000077836303688
-0.000314608165441
-0.000092225369757
-0.000121498452448
-0.000282087265172
-0.00019750948603
-0.00010349453748
-1.22378331348E-05
-2.82561848048E-05
-1.39456169192E-05
-3.51093204462E-05
-3.95960162292E-05
-0.000022215649781
-0.000030907582242
-1.44641163988E-05
-1.09445180684E-05
-1.33502183529E-05
-7.9113215888E-06
-7.4483878526E-06
3.707361102E-07
-4.236949143E-07
1.23090283198E-06
2.7559950295E-06
4.5327130128E-06
2.7606333126E-06
5.6152186406E-06
0.00000751151898
1.65306247947E-05
3.97354748752E-06
6.20543094711E-06
3.35577376609E-07
-5.3164847529E-06
6.63494915272E-06
3.09085168428E-06
0.0000305176
0.00009047138772
7.2928862395E-06
-0.000065738217077
-0.000190178007542
-2.30568743494E-05
0.000245368271576
0.00008994582135
-0.000070348599315
-0.00013071055844
-0.00032439107129
-0.0003757023114
0.00053041479907
0.00023378351269
0.00049177305021
0.0002573150898
0.00028494309718
0.00160535892141
dMdH Data
-3.69077130108365E-08
-2.77923365677457E-08
-1.93511828870945E-08
-1.73195438124248E-08
-3.02379940501487E-08
-3.34938735037893E-08
-2.27172912091804E-08
-2.19790338574868E-08
-6.6303038889282E-09
-3.14633800821647E-08
-1.57953265666061E-08
-2.71440006233487E-08
-3.80365490862727E-09
-2.63221273038944E-08
-5.79398077645012E-09
-2.99982291482203E-08
1.90547430726451E-09
-3.1202723146748E-08
-6.30008364136751E-08
1.7169643098371E-07
-1.4790301884244E-07
-2.30787918050057E-08
2.20728200558911E-07
-3.18488529014845E-07
1.87137977127577E-07
3.64490523246646E-09
1.01481001026972E-07
2.18021883137032E-07
1.10357109129421E-07
9.45867130374674E-07
4.93646270813358E-06
7.21829227808711E-07
4.39230738042788E-07
2.25684608120868E-07
-1.1920190075058E-07
7.03559660778917E-08
1.86574211477754E-07
-5.70131589613342E-08
-8.63895900543976E-08
1.03219364762393E-07
-1.04355104355105E-07
4.60524538800208E-08
-4.6676649533908E-08
2.10449535336071E-07
-1.93511828870945E-08
-1.9031901631913E-08
-1.24242960864175E-08
-2.40625044271607E-08
-2.18949664952471E-08
-1.88623115008393E-08
-1.14110455521005E-08
-1.91046256286746E-08
-2.86584502054116E-08
-2.32894177645559E-08
-1.46844230360559E-08
-3.12650517070407E-08
-2.13061340133162E-08
-2.46511298434514E-09
-5.46607168154132E-08
1.41673160020145E-11
-4.28105964017565E-08
-2.45254957507083E-08
-4.21224142816662E-08
7.15398781697252E-10
-3.41053973650659E-08
-3.05142371440715E-08
-1.68083297917551E-08
-1.62357441382731E-08
-3.48491287717807E-08
-1.30976836438337E-08
-3.77036407423148E-08
-1.06745433037958E-08
-2.21213237377458E-08
-8.04640851106025E-09
-2.27662317423888E-08
-2.00457581617402E-08
-1.27067323015901E-08
-1.32324699878655E-08
1.74540345568269E-07
-2.19117051437828E-07
7.96748187060259E-08
-3.30821788328061E-08
2.28385652039013E-07
1.46605772348934E-07
-3.20926340791924E-07
-8.91337817032596E-09
-6.21838537802668E-08
3.14993586714373E-07
1.31998486813662E-07
-9.52098392491103E-08
7.12115278134158E-07
4.62157988239169E-06
1.28347702157753E-06
4.07678072106874E-07
2.83183211570405E-07
3.00051313906071E-07
7.77149641782572E-08
-1.03929058294755E-07
-8.8315125653248E-08
2.71053873643047E-07
-1.47312989468002E-07
1.79455696031745E-08
7.18549933817772E-08
-1.28222432177089E-08
-1.29726223615577E-07
-2.20278358182528E-08
-1.91256056441727E-10
-1.34939861447575E-08
-3.02075217791629E-08
-1.0129200430668E-08
-1.9933272414306E-08
-1.84655267668684E-08
-2.09448930443405E-08
-2.82496281079551E-08
-1.95438124247361E-08
-1.54696132596684E-08
-2.96642583935403E-08
-2.21206969825753E-08
-2.94305142371442E-08
-7.53701211305519E-09
-3.43015018418814E-08
-1.81528436858134E-08
-1.81528436858134E-08
dMdT Data
0
0
0
0
0
0
0
0
0
0
0
0
0
0
0
0
0
0
0
0
0
0
0
0
0
0
0
0
0
0
0
0
0
0
0
0
0
0
0
0
0
0
0
0
0
0
0
0
0
0
0
0
0
0
0
0
0
0
0
0
0
0
0
0
0
0
0
0
0
0
0
0
0
0
0
0
0
0
0
0
0
0
0
0
0
0
0
0
0
0
0
0
0
0
0
0
0
0
0
0
0
0
0
0
0
0
0
0
0
0
0
0
0
0
0
0
0
0
0
0
0
0
0
 
*********************************************** Results ***************************************
 
TotalArea -1.07197649650063E-04
AreaFirstQuad -3.2498664918396E-04
AreaSecondQuad 2.17788999533937E-04
AreaThirdQuad 0
AreaFourthQuad 0
Coercivity 0
PositiveCoercivity 0
NegativeCoercivity 0
Retentivity 2.14294177708636E-06
PositiveRetentivity 1.48460358752751E-04
NegativeRetentivity 1.44174475198579E-04
Magnetization 0.000179308
PositiveMagnetization 0.000179308
NegativeMagnetization 0.000118392
Flatness -68.278764519027
Squareness 1.19511777337674E-02
SStar 0
SFD1 0
SFD2 0
Slope 0
Intercept 0
SlopeAtHc -1.81528436858134E-08
dH1 0
dH2 1266.66525
InitialSlope -3.69077130108365E-08
FieldAtHalfMs 0
FieldAtMs 62.9697
MomentMean 1.48547837398374E-04
MomentRMS 2.20996661507215E-05
SFD3 0
dH3 0
UserField1 0
UserField2 0
CenterField 0
ExchangeField 0
ExchangeMoment 0
ExRegionOneIntercept 0
ExRegionOneSlope 0
ExRegionTwoIntercept 0
ExRegionTwoSlope 0
NegativeIntercept 0
NegativeSlope 0
AutoCenterOffset 0
PinningField 0
PinningMoment 0
PinRegionOneIntercept 0
PinRegionOneSlope 0
PinRegionTwoIntercept 0
PinRegionTwoSlope 0
PositiveIntercept 0
PositiveSlope 0
TotalOffset 0
BHMax 0
BCoercivity 0
BRetentivity 0
BNegativeCoercivity 0
BPositiveCoercivity 0
BNegativeRetentivity 0
BPositiveRetentivity 0
MomentYMean 2.51586519268293E-07
MomentYRMS 2.16320696708219E-07
YOffCorrection 0
Mrt 0
Ms1 0
Ms2 0
Ms3 0
Hc2 0
Hex2 0
HsatValue 0
HsatIntercept 0
HsatSlope 0
CenterH 0
Span .000060916
SpanAsPercentOfRange -4.68584615384616
RMSAsPercentOfRange -1.69997431928627
SpanAsPercentOfMean 41.0076653197153
RMSAsPercentOfMean 14.8771375859581
