Version 1.25
******************************************** Units *******************************************
System CGS
TemperatureUnit K
MomentUnit emu
AppliedFieldUnit G
 
******************************************** Setup ********************************************
 
Experiment CustomField
Minor False
Acquisition PointByPoint
EditedPoint No
MaxField 2500
FieldIncrement 100
Points 123
MinField 0
RampRate 7.5187969924812
AverageTime 3
TimeInterval 0
TimeConstant 0.3
TimeConstantIndex 1
Sensitivity -0.0013
SensitivityIndex 5
SensitivityY -0.4
SensitivityIndexY 1
SaturationField 8000
ExperimentTime 369
Use735Domains False
AutoRangeEnabled False
NumberOfVertices 7
VertexPts
0
17
44
61
78
105
122
VertexField
2500
100
-100
-2500
-100
100
2500
StartAngle 0
EndAngle 0
AngleIncrement 0
StartTemp 0
FinishTemp 0
TempIncrement 0
TempPoints 0
LengthofSetPointsArray 123
SetPointArray
2500
2358.82352941176
2217.64705882353
2076.47058823529
1935.29411764706
1794.11764705882
1652.94117647059
1511.76470588235
1370.58823529412
1229.41176470588
1088.23529411765
947.058823529412
805.882352941176
664.705882352941
523.529411764706
382.35294117647
241.176470588235
100
92.5925925925926
85.1851851851852
77.7777777777778
70.3703703703704
62.962962962963
55.5555555555556
48.1481481481482
40.7407407407408
33.3333333333334
25.9259259259259
18.5185185185185
11.1111111111111
3.70370370370372
-3.70370370370368
-11.1111111111111
-18.5185185185185
-25.9259259259259
-33.3333333333333
-40.7407407407407
-48.1481481481481
-55.5555555555555
-62.9629629629629
-70.3703703703703
-77.7777777777777
-85.1851851851851
-92.5925925925926
-100
-241.176470588235
-382.352941176471
-523.529411764706
-664.705882352941
-805.882352941177
-947.058823529412
-1088.23529411765
-1229.41176470588
-1370.58823529412
-1511.76470588235
-1652.94117647059
-1794.11764705882
-1935.29411764706
-2076.47058823529
-2217.64705882353
-2358.82352941176
-2500
-2358.82352941176
-2217.64705882353
-2076.47058823529
-1935.29411764706
-1794.11764705882
-1652.94117647059
-1511.76470588235
-1370.58823529412
-1229.41176470588
-1088.23529411765
-947.058823529412
-805.882352941176
-664.705882352941
-523.529411764706
-382.35294117647
-241.176470588235
-100
-92.5925925925926
-85.1851851851852
-77.7777777777778
-70.3703703703704
-62.962962962963
-55.5555555555556
-48.1481481481482
-40.7407407407408
-33.3333333333334
-25.9259259259259
-18.5185185185185
-11.1111111111111
-3.70370370370372
3.70370370370368
11.1111111111111
18.5185185185185
25.9259259259259
33.3333333333333
40.7407407407407
48.1481481481481
55.5555555555555
62.9629629629629
70.3703703703703
77.7777777777777
85.1851851851851
92.5925925925926
100
241.176470588235
382.352941176471
523.529411764706
664.705882352941
805.882352941177
947.058823529412
1088.23529411765
1229.41176470588
1370.58823529412
1511.76470588235
1652.94117647059
1794.11764705882
1935.29411764706
2076.47058823529
2217.64705882353
2358.82352941176
2500
FieldDomainFile c:\Ideasvsm\Default UserID\Experiments\Hannah_2p5kG\fdomain.ini
TempDomainFile c:\Ideasvsm\Default UserID\Experiments\Hannah_2p5kG\tdomain.ini
NumSelectedResults 0
ResultsSelected 
UserName1 
UserValue1 
UserName2 
UserValue2 
LinearBackgroundCorrection Off
MaxLinearFieldCorrection 
MinLinearFieldCorrection 
AutoLinearCorrection Off
FitOneRegion Off
BackgroundMode Off
BackgroundFilename 
AutoCenter Off
OffsetCorrection 
SmoothDeriv Off
DerivOrder 0
DerivPoints 0
MinExFieldOne 
MaxExFieldOne 
MinExFieldTwo 
MaxExFieldTwo 
MinPinFieldOne 
MaxPinFieldOne 
MinPinFieldTwo 
MaxPinFieldTwo 
HCenterStart 
Mass 
Volume 
Density 
MolarWeight 
NumberOfMoles 
Demagnetization 
SampleArea 
Thickness 
MomentScaling 0
XAxis 0
YAxis 0
SimpleSpinValve False
HsatMax 0
HsatMin 0
FieldAutoRange True
 
*************************************************** Experiment Data ********************************************
 
DataPoints 123
MomentX Data
0.000170729
0.000175676
0.000178841
0.000184125
0.000187769
0.000190513
0.000193864
0.000198111
0.00020067
0.000204266
0.000208664
0.000211298
0.000215794
0.00021998
0.000224101
0.000222841
0.00022598
0.000227367
0.000227229
0.000227041
0.000228761
0.000227081
0.000226768
0.00022656
0.000226994
0.00022536
0.000224837
0.000222138
0.000219534
0.000213339
0.000206608
0.000194314
0.0000832748
0.000077269
0.0000762903
0.000073108
0.0000717762
0.000072921
0.0000719397
0.0000748432
0.0000704851
0.0000690223
0.0000722267
0.0000720104
0.000071687
0.0000725763
0.0000733083
0.0000782858
0.0000802272
0.0000861988
0.0000866963
0.000091676
0.0000957107
0.0000971514
0.000102584
0.00010614
0.000112246
0.000117136
0.000118875
0.000120498
0.000125154
0.000131716
0.000128325
0.000121952
0.000117746
0.000113921
0.00011084
0.000106714
0.000102869
0.0000984487
0.0000943297
0.0000922255
0.0000886458
0.0000837049
0.0000814695
0.0000780064
0.0000742495
0.0000720415
0.0000726348
0.0000713466
0.0000723393
0.0000708099
0.0000713916
0.0000713034
0.0000739031
0.0000724635
0.0000737091
0.0000736228
0.0000762314
0.0000768783
0.0000815243
0.0000874302
0.0000985405
0.000210476
0.00021881
0.000220689
0.000223141
0.000225283
0.000224679
0.00022581
0.000226678
0.000227086
0.000227997
0.000226234
0.000229919
0.000226717
0.000226458
0.000222555
0.000222011
0.000218311
0.000213821
0.000211682
0.000206439
0.000203253
0.000199257
0.000196331
0.000192139
0.000188151
0.000183515
0.00017762
0.000174758
0.000169479
0.000167177
MomentY Data
0.000000341733
0.000000564257
0.000000494321
-0.000000093778
0.000000160535
-0.0000000508626
0.000000171661
0.000000123978
-0.000000017484
0.0000000810623
0.00000000476837
-0.0000000111262
0.0000000476837
0.0000000858307
-0.000000214577
0.000000344912
0.00000017484
0.000000249545
0.000000163714
0.0000000905991
-0.0000000476837
0.000000241597
0.0000000969569
0.000000133514
0.0000000969569
0.000000313123
0.000000055631
0.0000000143051
-0.0000000397364
0.0000000985463
0.000000295639
0.0000000826518
0.000000336965
0.00000026226
0.000000133514
0.000000136693
-0.00000011762
0.000000306765
-0.0000000524521
0.0000000890096
0.000000093778
0.000000389417
-0.0000000985463
-0.0000000111262
0.000000267029
0.00000011603
-0.0000000810623
0.00000023365
-0.000000155767
-0.00000014623
0.0000000794729
0.0000000301997
-0.00000011603
-0.0000000301997
-0.00000000158946
0.000000238419
0.000000120799
-0.000000141462
0.000000362396
0.000000389417
0.000000596046
0.000000365575
0.000000483195
0.000000300407
0.000000282923
0.000000268618
0.000000238419
0.000000144641
0.0000000301997
0.0000000143051
0.000000335375
0.000000136693
0.000000038147
0.000000101725
-0.000000193914
0.0000000524521
0.0000000794729
0.000000240008
0.000000227292
0.00000014782
-0.000000123978
-0.000000133514
-0.000000219345
-0.000000055631
-0.0000000969569
0.000000348091
0.0000000699361
0.0000004975
0.000000135104
0.000000112851
0.000000330607
0.000000201861
0.000000119209
0.00000020504
0.000000136693
0.000000101725
0.000000173251
-0.0000000699361
-0.0000000460943
-0.0000000651677
-0.000000391006
-0.000000387828
-0.000000330607
-0.000000203451
-0.000000160535
-0.00000017484
-0.00000017643
-0.000000271797
0.0000000206629
-0.000000295639
-0.000000452995
-0.000000284513
-0.000000209808
-0.000000553131
-0.00000017484
-0.0000000492732
-0.000000200272
-0.0000000651677
-0.0000000588099
-0.0000000508626
-0.0000000365575
-0.000000123978
-0.000000158946
Field Data
2500.01
2358.82
2217.65
2076.47
1935.29
1794.11
1652.94
1511.76
1370.59
1229.41
1088.23
947.051
805.871
664.692
523.513
382.334
241.159
99.9824
92.589
85.1819
77.7684
70.3611
62.9584
55.5572
48.1486
40.7398
33.3269
25.9176
18.5172
11.1074
3.7029
-3.70719
-11.1141
-18.5231
-25.9314
-33.3359
-40.7489
-48.1507
-55.5576
-62.9639
-70.3701
-77.781
-85.1918
-92.5971
-100.001
-241.184
-382.369
-523.547
-664.724
-805.897
-947.075
-1088.25
-1229.43
-1370.61
-1511.78
-1652.95
-1794.14
-1935.31
-2076.5
-2217.66
-2358.84
-2500.01
-2358.82
-2217.64
-2076.46
-1935.29
-1794.11
-1652.93
-1511.76
-1370.58
-1229.4
-1088.23
-947.051
-805.879
-664.702
-523.52
-382.345
-241.173
-99.9883
-92.59
-85.1805
-77.7752
-70.3719
-62.9534
-55.5559
-48.1458
-40.7412
-33.337
-25.9299
-18.5189
-11.1063
-3.70432
3.70583
11.1115
18.5243
25.922
33.3363
40.7411
48.1509
55.5512
62.9616
70.3738
77.7752
85.1892
92.597
100.003
241.183
382.361
523.545
664.715
805.889
947.074
1088.24
1229.42
1370.6
1511.78
1652.95
1794.13
1935.31
2076.48
2217.64
2358.83
2500.01
Time Data
0
10.39
20.827
31.294
41.715
52.105
62.494
72.915
83.336
93.773
105.192
115.66
126.081
136.47
146.86
157.25
168.7
179.105
190.556
200.961
211.397
221.803
232.208
242.598
253.034
263.455
273.891
284.359
294.78
305.248
315.653
326.074
336.51
346.947
357.368
367.773
378.225
388.646
399.067
409.503
419.893
430.329
440.766
451.202
461.623
472.013
483.448
493.837
504.274
514.663
525.115
535.583
545.957
556.378
566.815
577.235
587.656
598.077
608.529
618.934
629.387
639.807
650.259
660.712
672.162
682.567
692.988
703.393
713.814
724.298
734.703
745.124
755.545
765.997
776.417
786.854
798.32
809.786
820.191
830.628
841.049
851.438
861.859
872.311
882.732
893.169
903.558
913.979
924.447
934.883
945.32
955.741
966.146
976.551
986.941
997.346
1007.74
1018.16
1028.59
1039.01
1049.5
1059.93
1070.39
1080.81
1091.23
1101.63
1112.04
1123.47
1133.89
1144.33
1154.78
1165.2
1175.59
1186.01
1196.4
1206.82
1217.28
1227.73
1238.13
1248.57
1258.99
1269.43
1279.86
Temperature Data
0
0
0
0
0
0
0
0
0
0
0
0
0
0
0
0
0
0
0
0
0
0
0
0
0
0
0
0
0
0
0
0
0
0
0
0
0
0
0
0
0
0
0
0
0
0
0
0
0
0
0
0
0
0
0
0
0
0
0
0
0
0
0
0
0
0
0
0
0
0
0
0
0
0
0
0
0
0
0
0
0
0
0
0
0
0
0
0
0
0
0
0
0
0
0
0
0
0
0
0
0
0
0
0
0
0
0
0
0
0
0
0
0
0
0
0
0
0
0
0
0
0
0
Angle Data
0
0
0
0
0
0
0
0
0
0
0
0
0
0
0
0
0
0
0
0
0
0
0
0
0
0
0
0
0
0
0
0
0
0
0
0
0
0
0
0
0
0
0
0
0
0
0
0
0
0
0
0
0
0
0
0
0
0
0
0
0
0
0
0
0
0
0
0
0
0
0
0
0
0
0
0
0
0
0
0
0
0
0
0
0
0
0
0
0
0
0
0
0
0
0
0
0
0
0
0
0
0
0
0
0
0
0
0
0
0
0
0
0
0
0
0
0
0
0
0
0
0
0
Bx Data
0
0
0
0
0
0
0
0
0
0
0
0
0
0
0
0
0
0
0
0
0
0
0
0
0
0
0
0
0
0
0
0
0
0
0
0
0
0
0
0
0
0
0
0
0
0
0
0
0
0
0
0
0
0
0
0
0
0
0
0
0
0
0
0
0
0
0
0
0
0
0
0
0
0
0
0
0
0
0
0
0
0
0
0
0
0
0
0
0
0
0
0
0
0
0
0
0
0
0
0
0
0
0
0
0
0
0
0
0
0
0
0
0
0
0
0
0
0
0
0
0
0
0
Hint Data
0
0
0
0
0
0
0
0
0
0
0
0
0
0
0
0
0
0
0
0
0
0
0
0
0
0
0
0
0
0
0
0
0
0
0
0
0
0
0
0
0
0
0
0
0
0
0
0
0
0
0
0
0
0
0
0
0
0
0
0
0
0
0
0
0
0
0
0
0
0
0
0
0
0
0
0
0
0
0
0
0
0
0
0
0
0
0
0
0
0
0
0
0
0
0
0
0
0
0
0
0
0
0
0
0
0
0
0
0
0
0
0
0
0
0
0
0
0
0
0
0
0
0
Torque Data
0.00085433591733
0.00133098069674
0.00109623096565
-0.00019472720366
0.00031068178015
-0.000091253099286
0.00028374533334
0.00018742498128
-0.00002396339556
0.000099658802243
5.1890832851E-06
-1.05370788362E-05
3.84269110027E-05
5.70509796444E-05
-0.000112333849001
0.000131871584608
0.00004216423956
0.000024950108008
0.000015158115546
7.71740347629E-06
-3.70828505508E-06
1.69990306767E-05
6.10425129296E-06
7.4176640008E-06
4.66833899534E-06
1.27565683954E-05
1.8540087739E-06
3.7075385976E-07
-7.3580686608E-07
1.09459317262E-06
1.0947216531E-06
-3.06405926442E-07
-3.7450627065E-06
-0.000004857868206
-3.4622049396E-06
-4.5567841787E-06
0.000004792885618
-1.47709494855E-05
2.91411279096E-06
-5.60439155344E-06
-6.5991672378E-06
-0.000030289243677
8.39533668034E-06
1.03025385402E-06
-0.000026703167029
-0.00002798457952
3.09957105887E-05
-0.00012232675655
0.000103542063308
0.00011784631831
-7.52667967675E-05
-0.000032864823525
0.0001426507629
0.000041392010817
2.4029138388E-06
-0.00039409468605
-0.00021673031786
0.00027377282322
-0.000752515294
-0.00086359450422
-0.00140597714664
-0.00091394115575
-0.0011397700299
-0.00066619457948
-0.00058747829258
-0.00051985372922
-0.00042774991209
-0.00023908144813
-0.000045654698472
-0.000019606283958
-0.000412310025
-0.00014875342339
-0.000036127154497
-0.000081978041275
0.000128895023628
-0.000027459723392
-3.03860659505E-05
-0.000057883449384
-2.27265406836E-05
-0.0000136866538
0.000010560508029
1.03840780528E-05
1.54357244055E-05
3.5021605954E-06
5.38652784071E-06
-1.67591196678E-05
-2.84928063732E-06
-0.0000165851575
-3.5032332096E-06
-2.0898763839E-06
-3.6718205241E-06
-7.4775773952E-07
4.4176828847E-07
0.00000227830196
2.5321421399E-06
0.00000263691545
5.7755473113E-06
-2.84927364371E-06
-2.21948202987E-06
-3.62014393624E-06
-2.46183633696E-05
-2.72929301064E-05
-2.57130255464E-05
-1.73318279292E-05
-0.000014865059395
-0.00001748452452
-0.00004255191669
-0.000103924572717
1.08179579805E-05
-0.000196515677885
-0.000365063687555
-0.000269454864962
-0.00022832145792
-0.00068003031402
-0.000239635704
-0.000074490238296
-0.0003310396024
-0.000116919325601
-0.000113815387569
-0.000105615171648
-0.0000810713743
-0.00029244302574
-0.00039736658946
dMdH Data
-3.50378922019972E-08
-2.24197775731389E-08
-3.74273976483919E-08
-2.58110213911321E-08
-1.94361807621476E-08
-2.37373379613232E-08
-3.00821646125514E-08
-1.81270808245377E-08
-2.54710298909196E-08
-3.11517212069698E-08
-1.86571657257808E-08
-3.18458705199036E-08
-2.9650302098754E-08
-2.91898936810715E-08
8.92484009661492E-09
-2.22348149459891E-08
-9.82457432747348E-09
1.86652960748782E-08
2.53810533137096E-08
-2.32009172455652E-07
2.26803288647685E-07
4.2281870128466E-08
2.81035507755493E-08
-5.85805685284673E-08
2.20548536875068E-07
7.05526851839354E-08
3.64271928522262E-07
3.51872871736665E-07
8.36054954249776E-07
9.09041798906071E-07
1.65908916086039E-06
1.49912986657054E-05
8.10608719125389E-07
1.32108580915999E-07
4.29779188331419E-07
1.79657358694187E-07
-1.54665081466671E-07
1.32484575193401E-07
-3.92031108650744E-07
5.88439415624749E-07
1.97384933004088E-07
-4.32395962649108E-07
2.92088099064193E-08
4.36796823295818E-08
-6.29891700842163E-09
-5.18468675850838E-09
-3.52569097168114E-08
-1.37515317650892E-08
-4.22998732052163E-08
-3.52392015753163E-09
-3.52732424296086E-08
-2.85784105397365E-08
-1.0204703215753E-08
-3.84826804561876E-08
-2.51894878515265E-08
-4.32466888589843E-08
-3.46390876248495E-08
-1.23167363127701E-08
-1.14975913856616E-08
-3.29791755206119E-08
-4.64829638025078E-08
-2.40172816771728E-08
-4.51409548094629E-08
-2.97917552061199E-08
-2.70949918537933E-08
-2.18232044198894E-08
-2.92251027057658E-08
-2.72366650138131E-08
-3.13096755914435E-08
-2.91755206119847E-08
-1.49054331656868E-08
-2.535575404274E-08
-3.49991499730825E-08
-1.58340239557436E-08
-2.45293309345384E-08
-2.66116522047105E-08
-1.56404952823505E-08
4.20229670778769E-09
-1.74121081870158E-07
1.33976651595922E-07
-2.06527757146907E-07
7.85730687666304E-08
-1.18891959290949E-08
3.51429537005744E-07
-1.94275380899043E-07
1.68219755287255E-07
-1.16555468517877E-08
3.52175615288034E-07
8.72891647550941E-08
6.26770633785716E-07
7.97881107487456E-07
1.49933537107886E-06
1.51148376851791E-05
1.12427153032592E-06
2.53997864201034E-07
3.30712272230691E-07
2.89271823681937E-07
-8.15136710842393E-08
1.52831641960461E-07
1.17132678397924E-07
5.50443862820755E-08
1.23084821790473E-07
-2.37793363906124E-07
4.97448635222336E-07
-4.32352146907912E-07
-1.83453746989667E-09
-2.76459505022027E-08
-3.85312783318223E-09
-2.62095346036694E-08
-3.18047232493236E-08
-1.51503346672804E-08
-3.71406712664524E-08
-2.25669358266043E-08
-2.83042923926903E-08
-2.07253152004533E-08
-2.96946943401573E-08
-2.82476271426547E-08
-3.28375123955235E-08
-4.17581639158462E-08
-2.02748654009634E-08
-3.73893335222042E-08
-1.63054256976909E-08
-1.63054256976909E-08
dMdT Data
0
0
0
0
0
0
0
0
0
0
0
0
0
0
0
0
0
0
0
0
0
0
0
0
0
0
0
0
0
0
0
0
0
0
0
0
0
0
0
0
0
0
0
0
0
0
0
0
0
0
0
0
0
0
0
0
0
0
0
0
0
0
0
0
0
0
0
0
0
0
0
0
0
0
0
0
0
0
0
0
0
0
0
0
0
0
0
0
0
0
0
0
0
0
0
0
0
0
0
0
0
0
0
0
0
0
0
0
0
0
0
0
0
0
0
0
0
0
0
0
0
0
0
 
*********************************************** Results ***************************************
 
TotalArea 6.92051946979746E-03
AreaFirstQuad 6.34636526108253E-03
AreaSecondQuad 5.7415420871493E-04
AreaThirdQuad 0
AreaFourthQuad 0
Coercivity 0
PositiveCoercivity 0
NegativeCoercivity 0
Retentivity 5.37401703722276E-05
PositiveRetentivity 2.0046455874625E-04
NegativeRetentivity 9.29842180017948E-05
Magnetization 0.000229919
PositiveMagnetization 0.000229919
NegativeMagnetization 0.0000690223
Flatness -2.73025536312494
Squareness 0.233735230112464
SStar 0
SFD1 0
SFD2 0
Slope 0
Intercept 0
SlopeAtHc -1.63054256976909E-08
dH1 0
dH2 1255.56077
InitialSlope -3.50378922019972E-08
FieldAtHalfMs 0
FieldAtMs 92.597
MomentMean 1.49481949593496E-04
MomentRMS 6.40033426891619E-05
SFD3 0
dH3 0
UserField1 0
UserField2 0
CenterField 0
ExchangeField 0
ExchangeMoment 0
ExRegionOneIntercept 0
ExRegionOneSlope 0
ExRegionTwoIntercept 0
ExRegionTwoSlope 0
NegativeIntercept 0
NegativeSlope 0
AutoCenterOffset 0
PinningField 0
PinningMoment 0
PinRegionOneIntercept 0
PinRegionOneSlope 0
PinRegionTwoIntercept 0
PinRegionTwoSlope 0
PositiveIntercept 0
PositiveSlope 0
TotalOffset 0
BHMax 0
BCoercivity 0
BRetentivity 0
BNegativeCoercivity 0
BPositiveCoercivity 0
BNegativeRetentivity 0
BPositiveRetentivity 0
MomentYMean 6.0218400894309E-08
MomentYRMS 2.14792554683968E-07
YOffCorrection 0
Mrt 0
Ms1 0
Ms2 0
Ms3 0
Hc2 0
Hex2 0
HsatValue 0
HsatIntercept 0
HsatSlope 0
CenterH 0
Span .0001608967
SpanAsPercentOfRange -12.3766692307692
RMSAsPercentOfRange -4.92333405301245
SpanAsPercentOfMean 107.636206537007
RMSAsPercentOfMean 42.8167700937898
