Version 1.25
******************************************** Units *******************************************
System CGS
TemperatureUnit K
MomentUnit emu
AppliedFieldUnit G
 
******************************************** Setup ********************************************
 
Experiment CustomField
Minor False
Acquisition PointByPoint
EditedPoint No
MaxField 15000
FieldIncrement 681.818181818182
Points 101
MinField 0
RampRate 0
AverageTime 5
TimeInterval 10
TimeConstant 1
TimeConstantIndex 2
Sensitivity -0.0013
SensitivityIndex 5
SensitivityY -4
SensitivityIndexY 0
SaturationField 8000
ExperimentTime 505
Use735Domains False
AutoRangeEnabled False
NumberOfVertices 11
VertexPts
0
8
17
33
42
50
58
67
83
92
100
VertexField
15000
5000
500
-500
-5000
-15000
-5000
-500
500
5000
15000
StartAngle 0
EndAngle 0
AngleIncrement 0
StartTemp 0
FinishTemp 0
TempIncrement 0
TempPoints 0
LengthofSetPointsArray 101
SetPointArray
15000
13750
12500
11250
10000
8750
7500
6250
5000
4500
4000
3500
3000
2500
2000
1500
1000
500
437.5
375
312.5
250
187.5
125
62.5
0
-62.5
-125
-187.5
-250
-312.5
-375
-437.5
-500
-1000
-1500
-2000
-2500
-3000
-3500
-4000
-4500
-5000
-6250
-7500
-8750
-10000
-11250
-12500
-13750
-15000
-13750
-12500
-11250
-10000
-8750
-7500
-6250
-5000
-4500
-4000
-3500
-3000
-2500
-2000
-1500
-1000
-500
-437.5
-375
-312.5
-250
-187.5
-125
-62.5
0
62.5
125
187.5
250
312.5
375
437.5
500
1000
1500
2000
2500
3000
3500
4000
4500
5000
6250
7500
8750
10000
11250
12500
13750
15000
FieldDomainFile c:\Ideasvsm\Default UserID\Experiments\Jason_1p5T_cus\fdomain.ini
TempDomainFile c:\Ideasvsm\Default UserID\Experiments\Jason_1p5T_cus\tdomain.ini
NumSelectedResults 0
ResultsSelected 
UserName1 
UserValue1 
UserName2 
UserValue2 
LinearBackgroundCorrection Off
MaxLinearFieldCorrection 
MinLinearFieldCorrection 
AutoLinearCorrection Off
FitOneRegion Off
BackgroundMode Off
BackgroundFilename 
AutoCenter Off
OffsetCorrection 
SmoothDeriv Off
DerivOrder 0
DerivPoints 0
MinExFieldOne 
MaxExFieldOne 
MinExFieldTwo 
MaxExFieldTwo 
MinPinFieldOne 
MaxPinFieldOne 
MinPinFieldTwo 
MaxPinFieldTwo 
HCenterStart 
Mass 
Volume 
Density 
MolarWeight 
NumberOfMoles 
Demagnetization 
SampleArea 
Thickness 
MomentScaling 0
XAxis 0
YAxis 0
SimpleSpinValve False
HsatMax 0
HsatMin 0
FieldAutoRange True
 
*************************************************** Experiment Data ********************************************
 
DataPoints 97
MomentX Data
-0.000142404
-0.000120442
-0.0000973458
-0.0000756867
-0.0000523107
-0.000020759
0.00000594481
0.0000299519
0.0000626638
0.0000728502
0.0000771742
0.0000908481
0.000101018
0.000112628
0.000125948
0.000134985
0.000145269
0.000155387
0.000154364
0.000155334
0.000156713
0.00015628
0.000157683
0.000159336
0.000159409
0.000155606
0.000155045
0.000156176
0.000156795
0.000158812
0.000158098
0.000160861
0.000160431
0.000161271
0.000170313
0.000181564
0.000192818
0.000203077
0.000215258
0.000223097
0.000239252
0.000249877
0.000258241
0.000301941
0.000316924
0.000335226
0.000365271
0.000392233
0.000419845
0.000443156
0.000461568
0.000439968
0.000415986
0.000389904
0.000360742
0.00032963
0.00031265
0.000283549
0.000256195
0.000243693
0.000234533
0.000221423
0.000210709
0.00019991
0.000186822
0.000178783
0.000167909
0.000156912
0.000157968
0.00015604
0.000151879
0.000152225
0.000151456
0.000151
0.000148771
0.000148795
0.000151122
0.000151252
0.000149622
0.000150003
0.000148745
0.00014548
0.000145946
0.000144402
0.000132272
0.000120561
0.000110336
0.0000967965
0.0000855519
0.0000788572
0.0000638602
0.0000557997
0.0000406831
0.0000137782
-0.00000353395
-0.0000394687
-0.0000662612
MomentY Data
0.00000161171
-0.00000297546
-0.00000221252
-0.00000374794
-0.00000319481
-0.00000358582
-0.0000039196
-0.00000432014
-0.00000314713
-0.00000232697
-0.00000385284
-0.00000338554
-0.00000391006
-0.0000026989
-0.00000416756
-0.00000389099
-0.00000482559
-0.00000364304
-0.00000436783
-0.00000402451
-0.00000403404
-0.0000050354
-0.00000349045
-0.00000386238
-0.00000213623
-0.00000248909
-0.00000277519
-0.00000361443
-0.00000226974
-0.00000279427
-0.00000252724
-0.00000263214
-0.00000190735
-0.00000212669
-0.00000200272
-0.00000405312
-0.0000039196
-0.000000705719
-0.00000079155
0.000000448227
-0.00000124931
0.00000174522
0.00000144005
0.0000018692
0.00000240326
0.00000346184
0.000000457764
0.00000079155
-0.00000087738
0.00000245094
-0.00000315666
-0.00000366211
-0.00000358582
-0.00000144958
-0.000000782013
-0.0000014782
-0.00000153542
-0.000000667572
-0.00000087738
0.00000244141
0.00000229836
0.00000139236
0.00000286102
-0.000000286102
-0.0000000953674
-0.00000163078
-0.00000219345
-0.00000170708
-0.000000696182
-0.000000286102
-0.00000041008
0.00000041008
-0.000000886917
-0.000000228882
0.00000209808
0.000000486374
-0.00000123978
0.00000185013
0.00000079155
0.00000238419
0.00000155449
-0.00000180244
-0.000000524521
-0.00000101089
-0.0000012207
-0.00000228882
-0.00000166893
0.0000012207
0.00000183105
0.00000106812
-0.000000705719
0.00000164032
-0.000000133514
0.000000238419
0.00000309944
0.00000188828
0.00000279427
Field Data
14752.7
13750
12500
11250
9999.99
8749.96
7499.96
6249.96
4999.97
4499.97
3999.98
3499.97
2999.98
2499.98
1999.97
1499.98
999.968
499.974
437.494
374.99
312.488
249.989
187.49
124.991
62.4912
-0.00827961
-62.5081
-125.011
-187.51
-250.004
-312.504
-375.01
-437.512
-500.005
-1000.02
-1500.03
-2000.03
-2500.04
-3000.04
-3500.04
-4000.03
-4500.05
-5000.05
-6250.05
-7500.07
-8750.03
-10000
-11250
-12500
-13750
-14756.7
-13750
-12500
-11250
-9999.99
-8749.97
-7499.97
-6249.96
-4999.96
-4499.96
-3999.97
-3500
-2999.98
-2499.98
-1999.98
-1499.97
-999.973
-499.969
-437.488
-374.989
-312.492
-249.985
-187.487
-124.994
-62.4902
0.0131654
62.5039
125.006
187.508
250.004
312.508
375.011
437.513
500.013
1000.02
1500.03
2000.03
2500.03
3000.04
3500.03
4000.03
4500.04
5000.04
6250.06
7500.06
8750.05
10000
Time Data
0
14.508
28.064
41.605
55.146
68.687
82.228
95.784
109.279
121.743
134.254
147.748
160.275
172.74
185.189
197.637
210.164
223.674
236.139
248.603
262.097
274.624
287.12
299.615
312.095
325.605
338.116
350.581
363.108
375.588
388.084
401.64
414.12
426.585
439.049
451.529
464.04
476.567
489.094
501.59
515.115
527.642
540.169
553.725
567.235
580.807
594.332
607.795
621.336
634.815
648.387
661.896
675.484
689.009
702.55
716.029
729.538
743.048
756.589
769.054
781.534
795.043
807.523
820.035
832.53
845.073
857.615
870.111
882.607
895.102
908.674
921.17
933.666
946.177
958.688
971.2
983.727
996.253
1008.76
1021.26
1033.76
1047.28
1059.78
1072.26
1084.72
1097.26
1109.74
1122.27
1134.75
1147.23
1160.79
1173.31
1185.79
1199.34
1212.86
1226.4
1239.9
Temperature Data
0
0
0
0
0
0
0
0
0
0
0
0
0
0
0
0
0
0
0
0
0
0
0
0
0
0
0
0
0
0
0
0
0
0
0
0
0
0
0
0
0
0
0
0
0
0
0
0
0
0
0
0
0
0
0
0
0
0
0
0
0
0
0
0
0
0
0
0
0
0
0
0
0
0
0
0
0
0
0
0
0
0
0
0
0
0
0
0
0
0
0
0
0
0
0
0
0
Angle Data
0
0
0
0
0
0
0
0
0
0
0
0
0
0
0
0
0
0
0
0
0
0
0
0
0
0
0
0
0
0
0
0
0
0
0
0
0
0
0
0
0
0
0
0
0
0
0
0
0
0
0
0
0
0
0
0
0
0
0
0
0
0
0
0
0
0
0
0
0
0
0
0
0
0
0
0
0
0
0
0
0
0
0
0
0
0
0
0
0
0
0
0
0
0
0
0
0
Bx Data
0
0
0
0
0
0
0
0
0
0
0
0
0
0
0
0
0
0
0
0
0
0
0
0
0
0
0
0
0
0
0
0
0
0
0
0
0
0
0
0
0
0
0
0
0
0
0
0
0
0
0
0
0
0
0
0
0
0
0
0
0
0
0
0
0
0
0
0
0
0
0
0
0
0
0
0
0
0
0
0
0
0
0
0
0
0
0
0
0
0
0
0
0
0
0
0
0
Hint Data
0
0
0
0
0
0
0
0
0
0
0
0
0
0
0
0
0
0
0
0
0
0
0
0
0
0
0
0
0
0
0
0
0
0
0
0
0
0
0
0
0
0
0
0
0
0
0
0
0
0
0
0
0
0
0
0
0
0
0
0
0
0
0
0
0
0
0
0
0
0
0
0
0
0
0
0
0
0
0
0
0
0
0
0
0
0
0
0
0
0
0
0
0
0
0
0
0
Torque Data
0.023777074117
-0.040912575
-0.0276565
-0.042164325
-0.0319480680519
-0.0313757815672
-0.029396843216
-0.0270007021944
-0.0157355555861
-0.0104712951909
-0.0154112829432
-0.0118492884338
-0.0117301017988
-0.006747196022
-0.0083349949732
-0.0058364071802
-0.00482543558112
-0.00182142528096
-0.00191089941802
-0.0015091510049
-0.00126058909152
-0.0012587946106
-0.0006544244705
-0.00048276273858
-0.000133495576176
2.06086944549E-08
0.000173471854039
0.00045184350873
0.0004255989474
0.00069857867708
0.00078977260896
0.0009870788214
0.0008344885132
0.00106335563345
0.0020027600544
0.0060798015936
0.007839317588
0.00176432572876
0.002374681662
-0.00156881242908
0.0049972774793
-0.007853577261
-0.0072003220025
-0.01168259346
-0.0180246182282
-0.0302912038552
-0.00457764
-0.0089049375
0.01096725
-0.033700425
0.046581884622
0.0503540125
0.04482275
0.016307775
0.00782012217987
0.012934205654
0.0115156039374
0.00417229829712
0.0043868649048
-0.0109862473436
-0.0091933710492
-0.00487326
-0.0085830027796
0.00071524927796
0.000190732892652
0.0024461210766
0.00219339077685
0.00085348708052
0.000304571270816
0.000107285102878
0.00012814671936
-0.0001025138488
0.000166285407579
0.000028608876708
-0.000131109438816
6.4033082596E-09
-0.000077491085142
0.00023127735078
0.0001484219574
0.00059605703676
0.00048579056092
-0.00067593482684
-0.000229484756273
-0.00050545814157
-0.001220724414
-0.0034332986646
-0.0033379100679
0.003051786621
0.005493223242
0.0037384520436
-0.00282289717157
0.0073815056128
-0.00066757534056
0.00149013305514
0.0232459859664
0.016522544414
0.0279427
dMdH Data
-2.1902862271866E-08
-0.00000001847696
-0.00000001732728
-1.87006503947968E-08
-2.52407542218987E-08
-0.000000021363048
-0.000000019205672
-2.61697293578349E-08
-0.0000000203728
-8.64817296345928E-09
-2.73472530549389E-08
-2.03402068041361E-08
-0.00000002322
-2.66394672106558E-08
-1.80743614872298E-08
-2.05675063798469E-08
-2.0236242834914E-08
1.63732394366198E-08
-1.55190067835661E-08
-2.20632939745928E-08
6.92811084977383E-09
-2.24483591737468E-08
-2.64484231747709E-08
-1.16800373761214E-09
6.084850663927E-08
8.97602579494384E-09
-1.80951603845582E-08
-9.90415846653528E-09
-3.22750984094476E-08
1.14240000000003E-08
-4.42037564393818E-08
6.8797798470448E-09
-1.34415054486102E-08
-1.80834574962751E-08
-2.25015499690006E-08
-0.000000022508
-2.0517589648207E-08
-0.000000024362
-0.000000015678
-3.23106462129242E-08
-2.12491500339987E-08
-1.67279999999999E-08
-0.00000003496
-1.19862082206685E-08
-1.46420685461935E-08
-2.40365768778451E-08
-0.0000000215696
-0.0000000220896
-0.0000000186488
-1.82894606138869E-08
-2.14562431707559E-08
-0.0000000191856
-0.0000000208656
-2.33294133646931E-08
-2.48892017727716E-08
-0.000000013584
-2.32806137550899E-08
-0.0000000218832
-0.000000025004
-1.83203664073281E-08
-2.62215732943977E-08
-2.14271429142834E-08
-0.000000021598
-0.000000026176
-1.60776784464311E-08
-2.1748130488783E-08
-2.19938240494076E-08
1.69011379459358E-08
-3.08484935758972E-08
-6.65791958013986E-08
5.5353800374358E-09
-1.23043937405996E-08
-7.29681724353123E-09
-3.56618317606293E-08
3.83979324095698E-10
3.72375203283339E-08
2.07993011434795E-09
-2.6079165466705E-08
6.09639016897096E-09
-2.01267118904389E-08
-5.22374926003554E-08
7.45576141563457E-09
-0.000000024704
-2.42596603647549E-08
-2.34215315693686E-08
-0.00000002045
-0.000000027079
-2.24887502249955E-08
-1.33896677933559E-08
-0.000000029994
-1.61206775864483E-08
-0.0000000302332
-2.152357562279E-08
-0.00000001384972
-2.87480299842399E-08
-2.14348573942958E-08
-2.14348573942958E-08
dMdT Data
0
0
0
0
0
0
0
0
0
0
0
0
0
0
0
0
0
0
0
0
0
0
0
0
0
0
0
0
0
0
0
0
0
0
0
0
0
0
0
0
0
0
0
0
0
0
0
0
0
0
0
0
0
0
0
0
0
0
0
0
0
0
0
0
0
0
0
0
0
0
0
0
0
0
0
0
0
0
0
0
0
0
0
0
0
0
0
0
0
0
0
0
0
0
0
0
0
 
*********************************************** Results ***************************************
 
TotalArea 0.277776853007974
AreaFirstQuad 0.118221021835884
AreaSecondQuad 7.35790096209717E-02
AreaThirdQuad 0
AreaFourthQuad 0.085976821551117
Coercivity 266.669684632622
PositiveCoercivity 7244.89599668441
NegativeCoercivity 7778.23536594965
Retentivity 3.40575442857273E-06
PositiveRetentivity 1.55606503801904E-04
NegativeRetentivity 1.48794994944759E-04
Magnetization 0.000301986
PositiveMagnetization 0.000461568
NegativeMagnetization -0.000142404
Flatness -45.1566423328042
Squareness 1.12778553594297E-02
SStar 1.59782829529136
SFD1 1.29891414764568
SFD2 19.218478872319
Slope 0
Intercept 0
SlopeAtHc -0.000000021363048
dH1 -79.7113414849027
dH2 5124.9857
InitialSlope -2.1902862271866E-08
FieldAtHalfMs 0
FieldAtMs -14756.7
MomentMean 1.62689183092784E-04
MomentRMS 1.21717945047282E-04
SFD3 1.59782829529136
dH3 -159.422682969805
UserField1 0
UserField2 0
CenterField 0
ExchangeField 0
ExchangeMoment 0
ExRegionOneIntercept 0
ExRegionOneSlope 0
ExRegionTwoIntercept 0
ExRegionTwoSlope 0
NegativeIntercept 0
NegativeSlope 0
AutoCenterOffset 0
PinningField 0
PinningMoment 0
PinRegionOneIntercept 0
PinRegionOneSlope 0
PinRegionTwoIntercept 0
PinRegionTwoSlope 0
PositiveIntercept 0
PositiveSlope 0
TotalOffset 0
BHMax 0
BCoercivity 0
BRetentivity 0
BNegativeCoercivity 0
BPositiveCoercivity 0
BNegativeRetentivity 0
BPositiveRetentivity 0
MomentYMean -1.14096800412371E-06
MomentYRMS 2.2314419524377E-06
YOffCorrection 0
Mrt 0
Ms1 0
Ms2 0
Ms3 0
Hc2 0
Hex2 0
HsatValue 0
HsatIntercept 0
HsatSlope 0
CenterH 0
Span .000603972
SpanAsPercentOfRange -46.4593846153846
RMSAsPercentOfRange -9.3629188497909
SpanAsPercentOfMean 371.242874614195
RMSAsPercentOfMean 74.816249447798
