Version 1.25
******************************************** Units *******************************************
System CGS
TemperatureUnit K
MomentUnit emu
AppliedFieldUnit G
 
******************************************** Setup ********************************************
 
Experiment CustomField
Minor False
Acquisition PointByPoint
EditedPoint No
MaxField 2500
FieldIncrement 100
Points 123
MinField 0
RampRate 7.5187969924812
AverageTime 3
TimeInterval 0
TimeConstant 0.3
TimeConstantIndex 1
Sensitivity -0.0013
SensitivityIndex 5
SensitivityY -0.4
SensitivityIndexY 1
SaturationField 8000
ExperimentTime 369
Use735Domains False
AutoRangeEnabled False
NumberOfVertices 7
VertexPts
0
17
44
61
78
105
122
VertexField
2500
100
-100
-2500
-100
100
2500
StartAngle 0
EndAngle 0
AngleIncrement 0
StartTemp 0
FinishTemp 0
TempIncrement 0
TempPoints 0
LengthofSetPointsArray 123
SetPointArray
2500
2358.82352941176
2217.64705882353
2076.47058823529
1935.29411764706
1794.11764705882
1652.94117647059
1511.76470588235
1370.58823529412
1229.41176470588
1088.23529411765
947.058823529412
805.882352941176
664.705882352941
523.529411764706
382.35294117647
241.176470588235
100
92.5925925925926
85.1851851851852
77.7777777777778
70.3703703703704
62.962962962963
55.5555555555556
48.1481481481482
40.7407407407408
33.3333333333334
25.9259259259259
18.5185185185185
11.1111111111111
3.70370370370372
-3.70370370370368
-11.1111111111111
-18.5185185185185
-25.9259259259259
-33.3333333333333
-40.7407407407407
-48.1481481481481
-55.5555555555555
-62.9629629629629
-70.3703703703703
-77.7777777777777
-85.1851851851851
-92.5925925925926
-100
-241.176470588235
-382.352941176471
-523.529411764706
-664.705882352941
-805.882352941177
-947.058823529412
-1088.23529411765
-1229.41176470588
-1370.58823529412
-1511.76470588235
-1652.94117647059
-1794.11764705882
-1935.29411764706
-2076.47058823529
-2217.64705882353
-2358.82352941176
-2500
-2358.82352941176
-2217.64705882353
-2076.47058823529
-1935.29411764706
-1794.11764705882
-1652.94117647059
-1511.76470588235
-1370.58823529412
-1229.41176470588
-1088.23529411765
-947.058823529412
-805.882352941176
-664.705882352941
-523.529411764706
-382.35294117647
-241.176470588235
-100
-92.5925925925926
-85.1851851851852
-77.7777777777778
-70.3703703703704
-62.962962962963
-55.5555555555556
-48.1481481481482
-40.7407407407408
-33.3333333333334
-25.9259259259259
-18.5185185185185
-11.1111111111111
-3.70370370370372
3.70370370370368
11.1111111111111
18.5185185185185
25.9259259259259
33.3333333333333
40.7407407407407
48.1481481481481
55.5555555555555
62.9629629629629
70.3703703703703
77.7777777777777
85.1851851851851
92.5925925925926
100
241.176470588235
382.352941176471
523.529411764706
664.705882352941
805.882352941177
947.058823529412
1088.23529411765
1229.41176470588
1370.58823529412
1511.76470588235
1652.94117647059
1794.11764705882
1935.29411764706
2076.47058823529
2217.64705882353
2358.82352941176
2500
FieldDomainFile c:\Ideasvsm\Default UserID\Experiments\Hannah_2p5kG\fdomain.ini
TempDomainFile c:\Ideasvsm\Default UserID\Experiments\Hannah_2p5kG\tdomain.ini
NumSelectedResults 0
ResultsSelected 
UserName1 
UserValue1 
UserName2 
UserValue2 
LinearBackgroundCorrection Off
MaxLinearFieldCorrection 
MinLinearFieldCorrection 
AutoLinearCorrection Off
FitOneRegion Off
BackgroundMode Off
BackgroundFilename 
AutoCenter Off
OffsetCorrection 
SmoothDeriv Off
DerivOrder 0
DerivPoints 0
MinExFieldOne 
MaxExFieldOne 
MinExFieldTwo 
MaxExFieldTwo 
MinPinFieldOne 
MaxPinFieldOne 
MinPinFieldTwo 
MaxPinFieldTwo 
HCenterStart 
Mass 
Volume 
Density 
MolarWeight 
NumberOfMoles 
Demagnetization 
SampleArea 
Thickness 
MomentScaling 0
XAxis 0
YAxis 0
SimpleSpinValve False
HsatMax 0
HsatMin 0
FieldAutoRange True
 
*************************************************** Experiment Data ********************************************
 
DataPoints 123
MomentX Data
0.0000985041
0.000102115
0.000105351
0.000107875
0.000112208
0.000113534
0.00011648
0.000119706
0.000121827
0.000124246
0.000128012
0.000132243
0.000135848
0.000136457
0.000140035
0.000141114
0.00014352
0.00014569
0.000147687
0.000146663
0.000147178
0.000147425
0.000146756
0.000146889
0.000147959
0.000146698
0.000147209
0.000147794
0.000148056
0.000148007
0.000147472
0.000142902
0.000144467
0.000143095
0.000142634
0.000144568
0.00014305
0.000143108
0.000145552
0.00014411
0.000144353
0.000144201
0.000145201
0.000143628
0.000144437
0.000146826
0.000151497
0.000151904
0.000156147
0.000158095
0.000162339
0.000166246
0.000166983
0.000171404
0.000173975
0.000176216
0.000179531
0.000181744
0.000189283
0.000190146
0.000193678
0.000198504
0.000195544
0.000192479
0.000187695
0.000185067
0.000181414
0.000179998
0.000173372
0.000169831
0.000168263
0.000165537
0.000161673
0.000159085
0.000156236
0.000153511
0.000151181
0.000145958
0.000144874
0.000143916
0.000144658
0.000145706
0.000142315
0.000143293
0.000144363
0.000141777
0.000143368
0.000141956
0.000142754
0.000142451
0.000142245
0.000143828
0.000146829
0.000146796
0.000146935
0.000146168
0.000146867
0.000147769
0.000146579
0.0001468
0.000147129
0.000146555
0.000145746
0.000145966
0.00014512
0.000145957
0.000145108
0.000140016
0.000138911
0.000135572
0.000132061
0.00013016
0.000125216
0.000121605
0.000119561
0.00011638
0.000112047
0.000108732
0.00010236
0.000104366
0.0000971624
0.0000942245
0.0000900889
MomentY Data
0.000000718435
0.000000578562
0.000000209808
0.000000125567
-0.000000109673
0.0000000270208
0.0000000969569
0.0000000762939
-0.0000000969569
0.00000000953674
0.000000103315
0.000000160535
0.000000100136
-0.000000162125
0.000000314713
-0.000000127157
-0.0000000588099
-0.0000000985463
-0.00000011603
-0.000000149409
-0.000000154177
-0.000000149409
-0.000000329018
-0.000000290871
-0.0000000572205
-0.000000219345
-0.0000000890096
0.0000000794729
-0.000000206629
-0.0000000969569
1.42109E-15
-0.0000000238419
-0.000000313123
-0.000000454585
-0.000000055631
0.0000000715256
-0.000000154177
0.0000000270208
-0.0000000254313
-0.0000000127157
0.000000222524
0.000000257492
0.000000104904
-0.000000158946
-0.0000000158946
-0.0000000842412
-0.000000219345
-0.000000108083
-0.000000395775
-0.000000243187
-0.000000483195
-0.000000403722
-0.000000389417
-0.000000430743
-0.00000014623
-0.000000338554
-0.000000472069
-0.000000119209
0.00000014782
0.000000135104
0.0000000127157
-0.0000000222524
0.000000274976
-0.000000403722
0.000000281334
-0.000000403722
-0.000000100136
-0.000000397364
-0.00000023524
-0.000000193914
-0.000000206629
-0.000000332197
-0.000000181198
-0.0000000905991
-0.000000308355
-0.000000192324
-0.000000189145
0.0000000715256
-0.000000149409
0.0000000826518
0.0000000158946
-0.00000020504
0.0000000492732
0.0000000206629
0.000000278155
0.000000122388
-0.0000000747045
3.78956E-15
-0.0000000508626
-0.000000138283
-0.000000224113
0.000000314713
0.000000162125
0.0000000969569
0.000000206629
0.000000136693
0.000000319481
0.000000332197
0.000000270208
0.000000104904
0.000000220935
0.000000363986
0.000000246366
0.000000154177
0.000000166893
0.00000000158946
0.000000367165
0.000000392596
0.000000286102
0.000000240008
0.0000000270208
1.42109E-15
0.0000000985463
-0.000000185966
0.000000357628
0.000000406901
0.00000029246
0.000000260671
0.00000014782
0.000000216166
0.000000580152
0.000000801086
0.000000689824
Field Data
2500.01
2358.83
2217.65
2076.47
1935.29
1794.11
1652.94
1511.76
1370.58
1229.41
1088.23
947.043
805.872
664.699
523.518
382.34
241.165
99.9873
92.5934
85.1787
77.7742
70.3682
62.963
55.55
48.1434
40.7398
33.3266
25.9222
18.5165
11.1076
3.7027
-3.70785
-11.1166
-18.5183
-25.9282
-33.3303
-40.7479
-48.1506
-55.5555
-62.9621
-70.3727
-77.7849
-85.1876
-92.596
-100.005
-241.192
-382.369
-523.544
-664.72
-805.895
-947.077
-1088.25
-1229.43
-1370.61
-1511.79
-1652.96
-1794.14
-1935.31
-2076.5
-2217.67
-2358.84
-2500.02
-2358.82
-2217.64
-2076.47
-1935.29
-1794.11
-1652.94
-1511.76
-1370.58
-1229.4
-1088.23
-947.052
-805.87
-669.401
-523.515
-382.354
-241.169
-99.9927
-92.5936
-85.1811
-77.7732
-70.3662
-62.956
-55.5568
-48.1412
-40.7419
-33.335
-25.9229
-18.5217
-11.1057
-3.69844
3.70052
11.1153
18.5185
25.9313
33.341
40.7436
48.1529
55.5605
62.9564
70.3692
77.7803
85.1858
92.5965
99.9982
241.188
382.36
523.542
664.717
805.897
947.069
1088.25
1229.43
1370.61
1511.78
1652.95
1794.13
1935.3
2076.48
2217.66
2358.84
2500
Time Data
0
10.405
20.857
31.278
41.683
52.073
62.478
72.883
83.289
93.709
104.115
114.504
124.941
135.362
145.829
156.25
167.701
178.153
188.574
198.994
209.415
219.836
230.257
240.662
251.099
261.504
271.894
282.33
292.767
303.203
313.64
324.076
334.466
344.871
355.276
365.682
376.087
386.508
396.897
407.318
417.755
428.176
438.628
449.048
459.485
469.921
481.387
491.84
502.245
512.697
523.102
533.523
543.944
554.334
564.739
575.175
585.596
596.001
606.422
616.843
627.264
638.73
649.151
659.603
670.039
680.445
690.897
701.302
711.739
722.128
732.565
743.001
753.422
763.858
774.279
784.7
795.137
806.587
817.008
828.474
838.942
849.363
859.768
870.158
880.578
890.984
901.405
911.857
922.278
932.745
943.166
953.618
964.039
974.475
984.881
995.333
1005.75
1016.18
1026.63
1037.02
1048.47
1058.89
1069.29
1079.71
1090.12
1100.56
1110.98
1122.41
1132.85
1143.28
1153.71
1164.13
1174.55
1184.97
1195.42
1205.83
1216.23
1226.7
1237.1
1247.52
1257.96
1268.37
1278.83
Temperature Data
0
0
0
0
0
0
0
0
0
0
0
0
0
0
0
0
0
0
0
0
0
0
0
0
0
0
0
0
0
0
0
0
0
0
0
0
0
0
0
0
0
0
0
0
0
0
0
0
0
0
0
0
0
0
0
0
0
0
0
0
0
0
0
0
0
0
0
0
0
0
0
0
0
0
0
0
0
0
0
0
0
0
0
0
0
0
0
0
0
0
0
0
0
0
0
0
0
0
0
0
0
0
0
0
0
0
0
0
0
0
0
0
0
0
0
0
0
0
0
0
0
0
0
Angle Data
0
0
0
0
0
0
0
0
0
0
0
0
0
0
0
0
0
0
0
0
0
0
0
0
0
0
0
0
0
0
0
0
0
0
0
0
0
0
0
0
0
0
0
0
0
0
0
0
0
0
0
0
0
0
0
0
0
0
0
0
0
0
0
0
0
0
0
0
0
0
0
0
0
0
0
0
0
0
0
0
0
0
0
0
0
0
0
0
0
0
0
0
0
0
0
0
0
0
0
0
0
0
0
0
0
0
0
0
0
0
0
0
0
0
0
0
0
0
0
0
0
0
0
Bx Data
0
0
0
0
0
0
0
0
0
0
0
0
0
0
0
0
0
0
0
0
0
0
0
0
0
0
0
0
0
0
0
0
0
0
0
0
0
0
0
0
0
0
0
0
0
0
0
0
0
0
0
0
0
0
0
0
0
0
0
0
0
0
0
0
0
0
0
0
0
0
0
0
0
0
0
0
0
0
0
0
0
0
0
0
0
0
0
0
0
0
0
0
0
0
0
0
0
0
0
0
0
0
0
0
0
0
0
0
0
0
0
0
0
0
0
0
0
0
0
0
0
0
0
Hint Data
0
0
0
0
0
0
0
0
0
0
0
0
0
0
0
0
0
0
0
0
0
0
0
0
0
0
0
0
0
0
0
0
0
0
0
0
0
0
0
0
0
0
0
0
0
0
0
0
0
0
0
0
0
0
0
0
0
0
0
0
0
0
0
0
0
0
0
0
0
0
0
0
0
0
0
0
0
0
0
0
0
0
0
0
0
0
0
0
0
0
0
0
0
0
0
0
0
0
0
0
0
0
0
0
0
0
0
0
0
0
0
0
0
0
0
0
0
0
0
0
0
0
0
Torque Data
0.00179609468435
0.00136472940246
0.0004652807112
0.00026073610849
-0.00021224906017
0.000048478287488
0.000160263938286
0.000115338066264
-0.000132887188002
1.17245635234E-05
0.00011243048245
0.000152033548005
0.000080696798592
-0.000107764325375
0.000164757920334
-0.00004861720738
-1.41828895335E-05
-9.85337846199E-06
-0.000010743612202
-1.27264643883E-05
-1.19909928334E-05
-1.05136423938E-05
-0.000020715960334
-0.00001615788405
-2.7547894197E-06
-0.000008936071431
-2.96638733536E-06
2.06011240838E-06
-3.8260458785E-06
-1.07695846244E-06
5.261869943E-15
8.8402188915E-08
3.4808631418E-06
8.4181414055E-06
1.4424116942E-06
-2.38396970568E-06
6.2823889783E-06
-1.30106773248E-06
1.41284858715E-06
8.0060717497E-07
-1.56596146948E-05
-2.00289894708E-05
-8.9365199904E-06
0.000014717763816
0.000001589539473
2.03183035104E-05
0.000083870728305
0.000056586206152
0.000263079558
0.000195983187365
0.000457622871015
0.0004393504665
0.00047876094231
0.00059038066323
0.0002210690517
0.00055961621984
0.00084695787566
0.00023070636979
-0.00030694823
-0.00029961608768
-0.000029994301788
0.000055631445048
-0.00064861888832
0.00089531005608
-0.00058418161098
0.00078131914938
0.00017965499896
0.00065681885016
0.0003556264224
0.00026577465012
0.0002540296926
0.00036150674131
0.000171603928296
0.000073011096717
0.000206413145355
0.00010068449886
0.00007232034733
-1.72497574264E-05
1.49398093143E-05
-7.65302770848E-06
-1.35391951206E-06
0.000015946616928
-3.46716784584E-06
-1.3008535324E-06
-0.000015453401704
-5.8919051856E-06
3.04360326855E-06
-1.263249826E-13
1.31850609354E-06
2.5612362411E-06
2.4889317441E-06
-1.16394714772E-06
0.000000599946805
1.07770503057E-06
3.8264591365E-06
3.5446271909E-06
0.000010651816021
1.35349016892E-05
1.30112988032E-05
0.000005828518692
0.000013909272234
2.56134036312E-05
1.91624213898E-05
1.31336910866E-05
1.54537076745E-05
1.58943138972E-07
0.00008855579202
0.00015011300656
0.000149786413284
0.000159537397736
2.17759816576E-05
1.34587028521E-12
0.000107243010975
-0.00022863217938
0.00049016851308
0.00061514479378
0.000483421757
0.00046767766123
0.000286076046
0.00044886437568
0.00128657988432
0.00188963370024
0.00172456
dMdH Data
-2.55765689191103E-08
-2.29210936393258E-08
-1.78778863861737E-08
-3.0691316050432E-08
-9.39226519337021E-09
-2.08684564709216E-08
-2.28502620767814E-08
-1.50233744156396E-08
-1.7135368704399E-08
-2.66751664541719E-08
-2.99673482686083E-08
-2.5536406202407E-08
-4.31385604896135E-09
-2.53433535674063E-08
-7.64283386929971E-09
-1.7042677527891E-08
-1.53706994801586E-08
-2.70087504564574E-07
1.3810403657599E-07
-6.95522992774669E-08
-3.33513367539814E-08
9.03419218927226E-08
-1.79414542020784E-08
-1.44465746766396E-07
1.70322545788534E-07
-6.89310958830189E-08
-7.90070768732099E-08
-3.53781546646509E-08
6.61366734603147E-09
7.22494564410045E-08
6.16688369959044E-07
-2.11236713345706E-07
1.85362822054393E-07
6.22140649671415E-08
-2.61277205117468E-07
2.04648403796375E-07
-7.83497912923551E-09
-3.30051722508068E-07
1.94691221343125E-07
-3.27908671362649E-08
2.05067321443037E-08
-1.35085847055803E-07
2.12326548242535E-07
-1.09191523822378E-07
-1.69208213220763E-08
-3.30861259270278E-08
-2.88294669736132E-09
-3.00546835156119E-08
-1.37984770674694E-08
-3.00604892975026E-08
-2.76752636835655E-08
-5.2202861595127E-09
-3.13146338008217E-08
-1.82107947301316E-08
-1.58744775802226E-08
-2.34806629834253E-08
-1.56761351561946E-08
-5.33961328706E-08
-6.1131968548559E-09
-2.50194800595027E-08
-3.41833120838647E-08
-2.09631728045327E-08
-2.17098739198185E-08
-3.38882198767443E-08
-1.86145346366342E-08
-2.58747697974217E-08
-1.00304597294042E-08
-4.69329933418331E-08
-2.50814562969259E-08
-1.11063890069415E-08
-1.93100517107035E-08
-2.73697034948787E-08
-1.83309487045091E-08
-2.08765360631352E-08
-1.86789685096582E-08
-1.65059754464761E-08
-3.69940149449304E-08
-7.6783426113306E-09
-1.29475206444025E-07
1.00101180438449E-07
1.41470592205618E-07
-4.57810179559875E-07
1.3198024344822E-07
1.44610228132769E-07
-3.48724310912132E-07
2.1502033976187E-07
-1.90633058364499E-07
1.07661796252076E-07
-4.09393071393828E-08
-2.77777777777802E-08
2.13709252814133E-07
4.05597543438538E-07
-4.45057034733392E-09
1.87756645774791E-08
-1.03469674077274E-07
9.43358030689503E-08
1.21849080052954E-07
-1.60608964409591E-07
2.98342243101657E-08
4.44841060587627E-08
-7.7433628318582E-08
-1.09160583449151E-07
2.97076497198021E-08
-1.14159256210616E-07
1.13082129780997E-07
-6.01318225537542E-09
-3.60694755333919E-08
-7.82677678457592E-09
-2.36514963697538E-08
-2.48689616092932E-08
-1.34658430850311E-08
-3.5018876477713E-08
-2.55772772347357E-08
-1.44779713840487E-08
-2.25331161011547E-08
-3.0693490118297E-08
-2.34806629834254E-08
-4.51370687823192E-08
1.42088114463805E-08
-5.10242243943902E-08
-2.08096047598809E-08
-2.92972513459904E-08
-2.92972513459904E-08
dMdT Data
0
0
0
0
0
0
0
0
0
0
0
0
0
0
0
0
0
0
0
0
0
0
0
0
0
0
0
0
0
0
0
0
0
0
0
0
0
0
0
0
0
0
0
0
0
0
0
0
0
0
0
0
0
0
0
0
0
0
0
0
0
0
0
0
0
0
0
0
0
0
0
0
0
0
0
0
0
0
0
0
0
0
0
0
0
0
0
0
0
0
0
0
0
0
0
0
0
0
0
0
0
0
0
0
0
0
0
0
0
0
0
0
0
0
0
0
0
0
0
0
0
0
0
 
*********************************************** Results ***************************************
 
TotalArea 7.22242614743499E-03
AreaFirstQuad 8.70950667077767E-03
AreaSecondQuad -1.48708052334267E-03
AreaThirdQuad 0
AreaFourthQuad 0
Coercivity 0
PositiveCoercivity 0
NegativeCoercivity 0
Retentivity 6.97451030010971E-08
PositiveRetentivity 1.45188587972553E-04
NegativeRetentivity 1.45328078178555E-04
Magnetization 0.000198504
PositiveMagnetization 0.000198504
NegativeMagnetization 0.0000900889
Flatness -2080.70296874132
Squareness 3.51353640234439E-04
SStar 0
SFD1 0
SFD2 0
Slope 0
Intercept 0
SlopeAtHc -2.92972513459904E-08
dH1 0
dH2 29.6242
InitialSlope -2.55765689191103E-08
FieldAtHalfMs 0
FieldAtMs -2500.02
MomentMean 1.45280625203252E-04
MomentRMS 2.19472631601509E-05
SFD3 0
dH3 0
UserField1 0
UserField2 0
CenterField 0
ExchangeField 0
ExchangeMoment 0
ExRegionOneIntercept 0
ExRegionOneSlope 0
ExRegionTwoIntercept 0
ExRegionTwoSlope 0
NegativeIntercept 0
NegativeSlope 0
AutoCenterOffset 0
PinningField 0
PinningMoment 0
PinRegionOneIntercept 0
PinRegionOneSlope 0
PinRegionTwoIntercept 0
PinRegionTwoSlope 0
PositiveIntercept 0
PositiveSlope 0
TotalOffset 0
BHMax 0
BCoercivity 0
BRetentivity 0
BNegativeCoercivity 0
BPositiveCoercivity 0
BNegativeRetentivity 0
BPositiveRetentivity 0
MomentYMean 9.70475208643691E-09
MomentYRMS 2.56610166427114E-07
YOffCorrection 0
Mrt 0
Ms1 0
Ms2 0
Ms3 0
Hc2 0
Hex2 0
HsatValue 0
HsatIntercept 0
HsatSlope 0
CenterH 0
Span .0001084151
SpanAsPercentOfRange -8.33962307692308
RMSAsPercentOfRange -1.6882510123193
SpanAsPercentOfMean 74.6246100251317
RMSAsPercentOfMean 15.1068066574232
