Version 1.25
******************************************** Units *******************************************
System CGS
TemperatureUnit K
MomentUnit emu
AppliedFieldUnit G
 
******************************************** Setup ********************************************
 
Experiment CustomField
Minor False
Acquisition PointByPoint
EditedPoint No
MaxField 15000
FieldIncrement 681.818181818182
Points 101
MinField 0
RampRate 0
AverageTime 5
TimeInterval 10
TimeConstant 1
TimeConstantIndex 2
Sensitivity -0.0013
SensitivityIndex 5
SensitivityY -4
SensitivityIndexY 0
SaturationField 8000
ExperimentTime 505
Use735Domains False
AutoRangeEnabled False
NumberOfVertices 11
VertexPts
0
8
17
33
42
50
58
67
83
92
100
VertexField
15000
5000
500
-500
-5000
-15000
-5000
-500
500
5000
15000
StartAngle 0
EndAngle 0
AngleIncrement 0
StartTemp 0
FinishTemp 0
TempIncrement 0
TempPoints 0
LengthofSetPointsArray 101
SetPointArray
15000
13750
12500
11250
10000
8750
7500
6250
5000
4500
4000
3500
3000
2500
2000
1500
1000
500
437.5
375
312.5
250
187.5
125
62.5
0
-62.5
-125
-187.5
-250
-312.5
-375
-437.5
-500
-1000
-1500
-2000
-2500
-3000
-3500
-4000
-4500
-5000
-6250
-7500
-8750
-10000
-11250
-12500
-13750
-15000
-13750
-12500
-11250
-10000
-8750
-7500
-6250
-5000
-4500
-4000
-3500
-3000
-2500
-2000
-1500
-1000
-500
-437.5
-375
-312.5
-250
-187.5
-125
-62.5
0
62.5
125
187.5
250
312.5
375
437.5
500
1000
1500
2000
2500
3000
3500
4000
4500
5000
6250
7500
8750
10000
11250
12500
13750
15000
FieldDomainFile c:\Ideasvsm\Default UserID\Experiments\Jason_1p5T_cus\fdomain.ini
TempDomainFile c:\Ideasvsm\Default UserID\Experiments\Jason_1p5T_cus\tdomain.ini
NumSelectedResults 0
ResultsSelected 
UserName1 
UserValue1 
UserName2 
UserValue2 
LinearBackgroundCorrection Off
MaxLinearFieldCorrection 
MinLinearFieldCorrection 
AutoLinearCorrection Off
FitOneRegion Off
BackgroundMode Off
BackgroundFilename 
AutoCenter Off
OffsetCorrection 
SmoothDeriv Off
DerivOrder 0
DerivPoints 0
MinExFieldOne 
MaxExFieldOne 
MinExFieldTwo 
MaxExFieldTwo 
MinPinFieldOne 
MaxPinFieldOne 
MinPinFieldTwo 
MaxPinFieldTwo 
HCenterStart 
Mass 
Volume 
Density 
MolarWeight 
NumberOfMoles 
Demagnetization 
SampleArea 
Thickness 
MomentScaling 0
XAxis 0
YAxis 0
SimpleSpinValve False
HsatMax 0
HsatMin 0
FieldAutoRange True
 
*************************************************** Experiment Data ********************************************
 
DataPoints 101
MomentX Data
-0.000211952
-0.000188685
-0.000163526
-0.00013419
-0.000106096
-0.0000803694
-0.0000497418
-0.0000178199
0.0000170098
0.0000319246
0.0000413961
0.0000548743
0.0000673287
0.0000812402
0.0000947205
0.000108461
0.00012126
0.000139275
0.000137056
0.000140651
0.000140161
0.000142109
0.000143456
0.000146233
0.000147747
0.000149372
0.000151285
0.000151391
0.000155428
0.000156433
0.000159368
0.000161104
0.000161461
0.000163555
0.000176548
0.000188789
0.000206982
0.000220232
0.000232936
0.000243374
0.000257803
0.0002732
0.000289908
0.000313125
0.000344661
0.000374918
0.000414369
0.000436596
0.000464233
0.000490275
0.000514674
0.000490573
0.000463066
0.000432318
0.000402744
0.000375246
0.000345602
0.000312939
0.000288232
0.000272119
0.000259781
0.000242216
0.000230546
0.000217791
0.000202991
0.000194012
0.000177837
0.000163067
0.000162416
0.000159136
0.000155483
0.00015605
0.000154212
0.000152499
0.000152133
0.000149904
0.000146255
0.000146037
0.00014426
0.000142616
0.000140504
0.000138503
0.000138107
0.00013488
0.00012199
0.000105706
0.0000913611
0.0000800043
0.0000649961
0.0000479582
0.0000379156
0.0000203887
0.0000118304
-0.0000209181
-0.0000588011
-0.0000890789
-0.000113042
-0.000137939
-0.000165496
-0.000191688
-0.000215782
MomentY Data
0.00000997543
0.00000668526
0.0000075531
0.00000787735
0.00000775337
0.00000858307
0.00000590324
0.00000498772
0.00000483513
0.00000785828
0.00000429153
0.00000722885
0.00000512123
0.00000645638
0.00000203133
0.000000944138
0.00000231743
-0.0000000572205
0.000000686646
-0.000000343323
0.00000123978
0.00000108719
0.00000196457
0.0000039959
0.00000310898
0.00000143051
0.00000266075
0.00000328064
0.000000038147
0.00000326157
-0.000000314713
-0.000000247955
0.00000151634
-0.00000161171
0.000000772476
0.00000228882
0.00000289917
0.00000332832
0.00000476837
0.00000444412
0.00000254631
0.000000963211
0.000000734329
0.000000286102
-0.0000000476837
-0.00000144005
0.00000268936
0.000000696182
0.000000896454
-0.00000082016
-0.00000079155
-0.000000886917
-0.00000352859
-0.000000534058
0.00000372887
-0.00000128746
0.00000406265
0.00000226974
0.00000219345
0.00000275612
0.000000867844
0.00000395775
0.00000349998
0.00000320435
-0.0000017643
0.00000082016
0.00000222206
0.00000292778
0.000000839233
0.00000357628
0.000000619888
0.0000000476837
0.00000220299
-0.0000000476837
0.0000037384
-0.00000038147
0
0.000000753403
-0.000000829697
0.00000375748
0.00000164032
-0.0000000190735
-0.000000400543
-0.000000152588
-0.00000187874
-0.0000021553
0.000000667572
0.00000380516
0.000000953674
0.00000144958
-0.000000619888
0.00000152588
0.00000187874
0.000000305176
-0.000000333786
0.000000457764
0.0000021553
0.00000368118
-0.00000164032
0.00000284195
0.00000370026
Field Data
14751.4
13750
12500
11250
9999.98
8749.97
7499.97
6249.96
4999.96
4499.98
3999.96
3499.97
2999.98
2499.97
1999.97
1499.97
999.97
499.977
437.493
374.991
312.49
249.992
187.489
124.99
62.4829
-0.0100976
-62.5068
-125.005
-187.509
-250.005
-312.506
-375.007
-437.509
-500.007
-1000.02
-1500.03
-2000.03
-2500.03
-3000.03
-3500.03
-4000.03
-4500.04
-5000.04
-6250.06
-7500.05
-8750.04
-10000
-11250
-12500
-13750
-14758.1
-13750
-12500
-11250
-9999.99
-8749.98
-7499.97
-6249.96
-4999.96
-4499.97
-3999.98
-3500
-2999.98
-2499.98
-1999.97
-1499.97
-999.973
-499.973
-437.489
-374.994
-312.487
-249.988
-187.493
-124.991
-62.4881
0.00672101
62.5089
125.01
187.509
250.005
312.513
375.005
437.508
500.006
1000.02
1500.03
2000.03
2500.03
3000.04
3500.04
4000.04
4500.03
5000.04
6250.06
7500.05
8750.04
10000
11250
12500
13750
14760.8
Time Data
0
13.525
27.05
40.575
54.07
67.579
81.073
94.614
108.124
120.62
133.1
146.609
159.105
171.616
184.081
196.592
209.103
221.599
234.079
246.59
260.131
272.611
285.123
297.65
310.192
322.688
335.183
347.648
360.175
372.686
385.182
398.691
411.234
423.761
436.241
448.752
461.263
473.759
486.255
498.782
512.291
524.771
537.283
550.777
564.271
577.781
591.353
604.878
618.434
631.96
645.469
658.948
672.473
686.045
700.553
714.063
727.651
741.16
754.654
767.15
779.646
793.14
805.636
818.131
830.611
843.154
855.634
868.13
880.594
893.074
906.677
919.158
931.7
944.164
956.66
969.125
981.683
994.163
1006.72
1019.19
1031.7
1045.28
1057.76
1070.24
1082.74
1095.24
1107.75
1120.23
1132.72
1145.25
1158.74
1171.26
1184.81
1198.37
1211.89
1225.43
1238.93
1252.47
1266
1279.5
1293.06
Temperature Data
0
0
0
0
0
0
0
0
0
0
0
0
0
0
0
0
0
0
0
0
0
0
0
0
0
0
0
0
0
0
0
0
0
0
0
0
0
0
0
0
0
0
0
0
0
0
0
0
0
0
0
0
0
0
0
0
0
0
0
0
0
0
0
0
0
0
0
0
0
0
0
0
0
0
0
0
0
0
0
0
0
0
0
0
0
0
0
0
0
0
0
0
0
0
0
0
0
0
0
0
0
Angle Data
0
0
0
0
0
0
0
0
0
0
0
0
0
0
0
0
0
0
0
0
0
0
0
0
0
0
0
0
0
0
0
0
0
0
0
0
0
0
0
0
0
0
0
0
0
0
0
0
0
0
0
0
0
0
0
0
0
0
0
0
0
0
0
0
0
0
0
0
0
0
0
0
0
0
0
0
0
0
0
0
0
0
0
0
0
0
0
0
0
0
0
0
0
0
0
0
0
0
0
0
0
Bx Data
0
0
0
0
0
0
0
0
0
0
0
0
0
0
0
0
0
0
0
0
0
0
0
0
0
0
0
0
0
0
0
0
0
0
0
0
0
0
0
0
0
0
0
0
0
0
0
0
0
0
0
0
0
0
0
0
0
0
0
0
0
0
0
0
0
0
0
0
0
0
0
0
0
0
0
0
0
0
0
0
0
0
0
0
0
0
0
0
0
0
0
0
0
0
0
0
0
0
0
0
0
Hint Data
0
0
0
0
0
0
0
0
0
0
0
0
0
0
0
0
0
0
0
0
0
0
0
0
0
0
0
0
0
0
0
0
0
0
0
0
0
0
0
0
0
0
0
0
0
0
0
0
0
0
0
0
0
0
0
0
0
0
0
0
0
0
0
0
0
0
0
0
0
0
0
0
0
0
0
0
0
0
0
0
0
0
0
0
0
0
0
0
0
0
0
0
0
0
0
0
0
0
0
0
0
Torque Data
0.147151558102
0.091922325
0.09441375
0.0886201875
0.0775335449326
0.0751016050079
0.0442741229028
0.0311730504912
0.0241754565948
0.0353621028344
0.0171659483388
0.0253007581345
0.0153635875754
0.0161407563086
0.0040625990601
0.00141617867586
0.0023173604771
-2.86089339285E-05
0.000300402818478
-0.000128743035093
0.0003874188522
0.00027178880248
0.00036833526473
0.000499447541
0.000194258086442
-1.4444717776E-08
-0.0001663149681
-0.0004100964032
-0.000007152905823
-0.00081540880785
0.000098349700778
0.000092984860685
-0.00066341239706
0.00080586628197
-0.00077249144952
-0.0034332986646
-0.0057984269751
-0.0083208998496
-0.0143052530511
-0.0155545533236
-0.0101853163893
-0.00433448802844
-0.00367167437316
-0.00178815466612
0.000357630134185
0.012600495102
-0.0268936
-0.0078320475
-0.011205675
0.0112772
0.011681774055
0.01219510875
0.044107375
0.0060081525
-0.0372886627113
0.0112652492508
-0.0304697531205
-0.0141857842104
-0.010967162262
-0.0124024573164
-0.00347135864312
-0.013852125
-0.0104998700004
-0.008010810913
0.003528547071
-0.0012302153952
-0.00222200000438
-0.00146381094994
-0.000367155205937
-0.00134108354232
-0.000193706941456
-1.19203527956E-05
-0.00041304520407
5.9600333467E-06
-0.00023360551304
-2.5638636847E-09
0
0.00009418290903
-0.000155575654773
0.0009393887874
0.00051262132416
-7.1526578675E-06
-0.000175240766844
-0.000076294915528
-0.0018787775748
-0.003233014659
0.00133516402716
0.0095130141548
0.00286106014696
0.0050735879832
-0.00247957679552
0.0068665057764
0.0093937751496
0.00190736831056
-0.0025034116893
0.00400545331056
0.021553
0.041413275
-0.020504
0.0390768125
0.054618797808
dMdH Data
-2.32344717395646E-08
-0.0000000201272
-0.0000000234688
-2.24748404025535E-08
-2.05811153510772E-08
-0.00000002450208
-2.55373157014744E-08
-0.00000002786376
-2.98307932317292E-08
-1.89422423103076E-08
-2.69569391387828E-08
-2.49092981859637E-08
-2.7822443551129E-08
-0.0000000269606
-0.000000027481
-0.000000025598
-3.6030504427062E-08
3.5513091351386E-08
-5.75181594188983E-08
7.83987456200685E-09
-3.11689974079169E-08
-2.15509655536536E-08
-4.44327109233748E-08
-2.4221248466174E-08
-2.60029133248042E-08
-3.06096150122635E-08
-1.69604884620659E-09
-6.4587866376552E-08
-1.60810291858682E-08
-4.69592486520216E-08
-2.77755555911103E-08
-5.71181722184906E-09
-3.35050721623089E-08
-2.59853243815661E-08
-2.44815103697926E-08
-0.000000036386
-0.0000000265
-0.000000025408
-0.000000020876
-0.000000028858
-3.07933841323174E-08
-0.000000033416
-1.85733028271547E-08
-2.52290018320147E-08
-2.42057936463492E-08
-3.15618099779193E-08
-0.0000000177816
-0.0000000221096
-0.0000000208336
-2.42029560559469E-08
-2.39073504612638E-08
-0.0000000220056
-0.0000000245984
-2.36590107279142E-08
-2.19982240142079E-08
-2.37150102799178E-08
-2.61301909584723E-08
-0.0000000197656
-3.22266445328907E-08
-2.46764935298705E-08
-3.51314052562102E-08
-2.33390664373425E-08
-0.00000002551
-2.95994080118398E-08
-0.000000017958
-3.23501941011646E-08
-0.00000002954
-1.04186671787978E-08
-5.24841987358991E-08
-5.84414545570896E-08
9.07214515432263E-09
-2.94103528282261E-08
-2.74071229720649E-08
-5.85572829420741E-09
-3.56669555008938E-08
-5.83819645805278E-08
-3.48793861228027E-09
-2.84324549192788E-08
-2.63056835637481E-08
-3.37876751775772E-08
-3.20200985726175E-08
-6.33569588659746E-09
-5.16336522768727E-08
-2.5779278180211E-08
-3.2567348653027E-08
-0.0000000286898
-0.0000000227136
-3.00157996840063E-08
-0.0000000340758
-0.0000000200852
-3.50545010900218E-08
-1.71162576748465E-08
-2.61983808259068E-08
-3.03066424531396E-08
-2.42224337794702E-08
-1.91710934749912E-08
-0.0000000199176
-0.0000000220456
-0.0000000209536
-2.38365650969529E-08
-2.38365650969529E-08
dMdT Data
0
0
0
0
0
0
0
0
0
0
0
0
0
0
0
0
0
0
0
0
0
0
0
0
0
0
0
0
0
0
0
0
0
0
0
0
0
0
0
0
0
0
0
0
0
0
0
0
0
0
0
0
0
0
0
0
0
0
0
0
0
0
0
0
0
0
0
0
0
0
0
0
0
0
0
0
0
0
0
0
0
0
0
0
0
0
0
0
0
0
0
0
0
0
0
0
0
0
0
0
0
 
*********************************************** Results ***************************************
 
TotalArea 8.58595761265122E-02
AreaFirstQuad 1.86843769584101E-02
AreaSecondQuad 2.27187147576311E-02
AreaThirdQuad 0
AreaFourthQuad 4.44564844104712E-02
Coercivity 79.4066523222978
PositiveCoercivity 5451.60989199505
NegativeCoercivity 5610.42319663965
Retentivity 2.66251142491081E-07
PositiveRetentivity 1.49371737432982E-04
NegativeRetentivity 1.49904239717965E-04
Magnetization 0.000365228
PositiveMagnetization 0.000514674
NegativeMagnetization -0.000215782
Flatness -566.864779074759
Squareness 7.28999809683489E-04
SStar 1.12033580626598
SFD1 1.060167903133
SFD2 181.953420493749
Slope 0
Intercept 0
SlopeAtHc -0.00000002786376
dH1 -4.77773176504343
dH2 14448.312
InitialSlope -2.32344717395646E-08
FieldAtHalfMs 0
FieldAtMs -14758.1
MomentMean 1.45425974257426E-04
MomentRMS 1.61927839027482E-04
SFD3 1.12033580626598
dH3 -9.55546353008594
UserField1 0
UserField2 0
CenterField 0
ExchangeField 0
ExchangeMoment 0
ExRegionOneIntercept 0
ExRegionOneSlope 0
ExRegionTwoIntercept 0
ExRegionTwoSlope 0
NegativeIntercept 0
NegativeSlope 0
AutoCenterOffset 0
PinningField 0
PinningMoment 0
PinRegionOneIntercept 0
PinRegionOneSlope 0
PinRegionTwoIntercept 0
PinRegionTwoSlope 0
PositiveIntercept 0
PositiveSlope 0
TotalOffset 0
BHMax 0
BCoercivity 0
BRetentivity 0
BNegativeCoercivity 0
BPositiveCoercivity 0
BNegativeRetentivity 0
BPositiveRetentivity 0
MomentYMean 2.00951458712871E-06
MomentYRMS 2.61743528179351E-06
YOffCorrection 0
Mrt 0
Ms1 0
Ms2 0
Ms3 0
Hc2 0
Hex2 0
HsatValue 0
HsatIntercept 0
HsatSlope 0
CenterH 0
Span .000730456
SpanAsPercentOfRange -56.1889230769231
RMSAsPercentOfRange -12.4559876174986
SpanAsPercentOfMean 502.287162750571
RMSAsPercentOfMean 111.347260937613
