Version 1.25
******************************************** Units *******************************************
System CGS
TemperatureUnit K
MomentUnit emu
AppliedFieldUnit G
 
******************************************** Setup ********************************************
 
Experiment CustomField
Minor False
Acquisition PointByPoint
EditedPoint No
MaxField 15000
FieldIncrement 681.818181818182
Points 101
MinField 0
RampRate 0
AverageTime 5
TimeInterval 10
TimeConstant 1
TimeConstantIndex 2
Sensitivity -0.0013
SensitivityIndex 5
SensitivityY -4
SensitivityIndexY 0
SaturationField 8000
ExperimentTime 505
Use735Domains False
AutoRangeEnabled False
NumberOfVertices 11
VertexPts
0
8
17
33
42
50
58
67
83
92
100
VertexField
15000
5000
500
-500
-5000
-15000
-5000
-500
500
5000
15000
StartAngle 0
EndAngle 0
AngleIncrement 0
StartTemp 0
FinishTemp 0
TempIncrement 0
TempPoints 0
LengthofSetPointsArray 101
SetPointArray
15000
13750
12500
11250
10000
8750
7500
6250
5000
4500
4000
3500
3000
2500
2000
1500
1000
500
437.5
375
312.5
250
187.5
125
62.5
0
-62.5
-125
-187.5
-250
-312.5
-375
-437.5
-500
-1000
-1500
-2000
-2500
-3000
-3500
-4000
-4500
-5000
-6250
-7500
-8750
-10000
-11250
-12500
-13750
-15000
-13750
-12500
-11250
-10000
-8750
-7500
-6250
-5000
-4500
-4000
-3500
-3000
-2500
-2000
-1500
-1000
-500
-437.5
-375
-312.5
-250
-187.5
-125
-62.5
0
62.5
125
187.5
250
312.5
375
437.5
500
1000
1500
2000
2500
3000
3500
4000
4500
5000
6250
7500
8750
10000
11250
12500
13750
15000
FieldDomainFile c:\Ideasvsm\Default UserID\Experiments\Jason_1p5T_cus\fdomain.ini
TempDomainFile c:\Ideasvsm\Default UserID\Experiments\Jason_1p5T_cus\tdomain.ini
NumSelectedResults 0
ResultsSelected 
UserName1 
UserValue1 
UserName2 
UserValue2 
LinearBackgroundCorrection Off
MaxLinearFieldCorrection 
MinLinearFieldCorrection 
AutoLinearCorrection Off
FitOneRegion Off
BackgroundMode Off
BackgroundFilename 
AutoCenter Off
OffsetCorrection 
SmoothDeriv Off
DerivOrder 0
DerivPoints 0
MinExFieldOne 
MaxExFieldOne 
MinExFieldTwo 
MaxExFieldTwo 
MinPinFieldOne 
MaxPinFieldOne 
MinPinFieldTwo 
MaxPinFieldTwo 
HCenterStart 
Mass 
Volume 
Density 
MolarWeight 
NumberOfMoles 
Demagnetization 
SampleArea 
Thickness 
MomentScaling 0
XAxis 0
YAxis 0
SimpleSpinValve False
HsatMax 0
HsatMin 0
FieldAutoRange True
 
*************************************************** Experiment Data ********************************************
 
DataPoints 101
MomentX Data
-0.000196013
-0.000174892
-0.00014656
-0.000117563
-0.0000962501
-0.0000601796
-0.0000294226
-0.0000022147
0.0000331088
0.0000402681
0.0000517603
0.0000674709
0.0000806984
0.0000942305
0.000105835
0.000115796
0.000131662
0.000143891
0.00014552
0.000147718
0.000148818
0.000150767
0.000151753
0.000153942
0.000154636
0.000155112
0.000156514
0.00015809
0.00015982
0.00016186
0.000162176
0.000164236
0.000165388
0.000166691
0.000182603
0.000193728
0.000207201
0.000218215
0.000234555
0.00024604
0.000260769
0.000272778
0.000282804
0.000322504
0.000342589
0.000366216
0.000409009
0.000429613
0.000459796
0.00048644
0.000511424
0.000485251
0.000461938
0.000430255
0.000406992
0.000372211
0.000338188
0.000310693
0.000279393
0.000268956
0.000260508
0.000245581
0.000230291
0.000216638
0.00020569
0.000189837
0.000178263
0.00016748
0.000164259
0.000162185
0.000159339
0.000159163
0.000156956
0.000156409
0.000152567
0.000153584
0.000152546
0.000150478
0.000149111
0.000148794
0.000144823
0.000144738
0.000143093
0.00014164
0.000127002
0.00011378
0.00010093
0.000087118
0.000073206
0.0000578485
0.0000466665
0.0000374055
0.0000228465
-0.0000147398
-0.0000339452
-0.0000763973
-0.0000973821
-0.000129549
-0.000155012
-0.000184135
-0.000203702
MomentY Data
0.00000772476
0.00000528336
0.00000318527
0.00000196457
0.00000727654
0.00000676155
0.00000440598
0.00000335693
0.00000452995
0.00000432014
0.00000499725
0.00000344276
0.00000636101
0.00000292778
0.00000313759
-0.000000181198
0.00000043869
0.000000267029
0.000000600815
0.000000734329
0.00000110626
0.00000360489
-0.00000087738
-0.000000333786
0.000000228882
-0.00000120163
0.000000524521
-0.000000762939
0.00000203133
0
0.00000130653
0.000000772476
0.00000338554
0.00000142097
0.00000177383
0.000000114441
-0.000000219345
0.00000335693
0.00000214577
0.00000225067
0.00000489235
0.00000378609
0.00000537872
0.00000390053
0.00000648499
0.00000355721
0.00000370026
0.0000047493
0.00000406265
0.00000498772
-0.000000505447
0.0000026226
0.0000052166
0.00000113487
0.00000256538
0.00000260353
0.0000043869
0.00000407219
0.00000452042
0.00000441551
0.0000041008
0.0000074482
0.00000589371
0.00000358582
0.000000638962
0.000000314713
0.00000173569
-0.000000247955
0.000000247955
0.000000801086
0.0000032711
0.00000254631
0.00000130653
0.000000391006
0.000000905991
0.00000272751
0.00000377655
-0.000000610352
-0.000000953674
-0.00000193596
0.00000191689
0.000000696182
0.000000858307
0.00000127792
-0.0000000190735
-0.000000638962
-0.00000130653
0.00000142097
0.00000131607
0.00000248909
0.00000401497
0.0000023365
0.0000023365
0.00000180244
0.00000153542
-0.00000150681
0.00000351906
0.00000644684
0.00000576019
0.00000570297
0.0000069046
Field Data
14749.2
13750
12500
11250
9999.99
8749.98
7499.96
6249.97
4999.96
4499.97
3999.98
3499.97
2999.98
2499.98
1999.97
1499.97
999.974
499.972
437.483
374.995
312.49
249.99
187.492
124.987
62.4952
-0.0098075
-62.505
-125.011
-187.509
-250.003
-312.507
-375.006
-437.504
-500.004
-1000.02
-1500.03
-2000.02
-2500.03
-3000.03
-3500.03
-4000.03
-4500.04
-5000.03
-6250.06
-7500.06
-8750.05
-10000
-11250
-12500
-13750
-14755.9
-13750
-12500
-11250
-9999.98
-8749.97
-7499.97
-6249.96
-4999.96
-4499.97
-3999.98
-3499.99
-2999.97
-2499.97
-1999.97
-1499.98
-999.974
-499.97
-437.493
-374.986
-312.49
-249.99
-187.492
-124.992
-62.4922
0.0124139
62.5102
125.006
187.51
250.007
312.51
375.011
437.511
500.008
1000.02
1500.03
2000.03
2500.03
3000.04
3500.04
4000.03
4500.04
5000.04
6250.06
7500.07
8750.04
10000
11250
12500
13750
14758.8
Time Data
0
13.51
27.02
40.498
54.023
67.533
81.027
94.552
108.093
120.573
133.038
146.579
159.059
171.539
184.019
196.515
208.979
221.49
234.017
246.513
259.992
272.487
284.967
297.51
309.99
322.47
334.919
347.414
359.863
372.359
384.855
398.396
410.922
423.418
435.914
448.394
460.874
473.338
485.819
498.345
511.902
524.398
536.956
550.465
563.928
577.469
590.979
604.52
617.983
631.523
645.018
658.527
672.021
685.547
699.01
712.519
725.998
739.507
753.001
765.466
777.93
791.44
803.905
816.416
828.896
841.407
853.903
866.399
878.879
891.39
904.9
917.427
929.907
942.433
954.96
967.44
979.874
992.338
1005.85
1018.36
1030.89
1044.41
1056.91
1069.47
1081.95
1094.43
1106.91
1119.4
1131.88
1144.42
1157.93
1170.41
1182.93
1196.5
1210.04
1223.56
1237.1
1250.66
1264.17
1277.73
1291.24
Temperature Data
0
0
0
0
0
0
0
0
0
0
0
0
0
0
0
0
0
0
0
0
0
0
0
0
0
0
0
0
0
0
0
0
0
0
0
0
0
0
0
0
0
0
0
0
0
0
0
0
0
0
0
0
0
0
0
0
0
0
0
0
0
0
0
0
0
0
0
0
0
0
0
0
0
0
0
0
0
0
0
0
0
0
0
0
0
0
0
0
0
0
0
0
0
0
0
0
0
0
0
0
0
Angle Data
0
0
0
0
0
0
0
0
0
0
0
0
0
0
0
0
0
0
0
0
0
0
0
0
0
0
0
0
0
0
0
0
0
0
0
0
0
0
0
0
0
0
0
0
0
0
0
0
0
0
0
0
0
0
0
0
0
0
0
0
0
0
0
0
0
0
0
0
0
0
0
0
0
0
0
0
0
0
0
0
0
0
0
0
0
0
0
0
0
0
0
0
0
0
0
0
0
0
0
0
0
Bx Data
0
0
0
0
0
0
0
0
0
0
0
0
0
0
0
0
0
0
0
0
0
0
0
0
0
0
0
0
0
0
0
0
0
0
0
0
0
0
0
0
0
0
0
0
0
0
0
0
0
0
0
0
0
0
0
0
0
0
0
0
0
0
0
0
0
0
0
0
0
0
0
0
0
0
0
0
0
0
0
0
0
0
0
0
0
0
0
0
0
0
0
0
0
0
0
0
0
0
0
0
0
Hint Data
0
0
0
0
0
0
0
0
0
0
0
0
0
0
0
0
0
0
0
0
0
0
0
0
0
0
0
0
0
0
0
0
0
0
0
0
0
0
0
0
0
0
0
0
0
0
0
0
0
0
0
0
0
0
0
0
0
0
0
0
0
0
0
0
0
0
0
0
0
0
0
0
0
0
0
0
0
0
0
0
0
0
0
0
0
0
0
0
0
0
0
0
0
0
0
0
0
0
0
0
0
Torque Data
0.113934030192
0.0726462
0.039815875
0.0221014125
0.0727653272346
0.059163427269
0.0330446737608
0.0209807117921
0.022649568802
0.0194405003958
0.019988900055
0.0120495567172
0.0190829027798
0.0073193914444
0.0062750858723
-0.00027179156406
0.00043867859406
0.000133507023188
0.000262846348645
0.000275369703355
0.0003456951874
0.0009011864511
-0.00016450173096
-0.000041718910782
1.43040263664E-05
1.1784986225E-08
-0.000032785185105
0.000095375767329
-0.00038089265697
0
-0.00040829977071
-0.000289683134856
-0.00148118729216
-0.00071049068388
-0.0017738654766
-0.00017166493323
0.0004386943869
-0.0083924257079
-0.0064373743731
-0.0078774125201
-0.0195695467705
-0.0170375564436
-0.0268937613616
-0.0243785465318
-0.0486378140994
-0.0311257653605
-0.0370026
-0.053429625
-0.050783125
-0.06858115
0.0074583253873
-0.03606075
-0.0652075
-0.0127672875
-0.0256537486924
-0.0227808093941
-0.032901618393
-0.0254510246124
-0.0226019191832
-0.0198696625347
-0.016403117984
-0.026068625518
-0.0176809531887
-0.0089644424254
-0.00127790483114
-0.00047206320574
-0.00173564487206
0.00012397006135
-0.000108478576815
-0.000300396034796
-0.001022186039
-0.0006365520369
-0.00024496392276
-0.000048872621952
-5.66173707702E-05
3.3859036389E-08
0.00023607289581
-0.000076297662112
-0.00017882341174
-0.00048400355172
0.0005990472939
0.000261075908002
0.000375518753877
0.00063897022336
-0.00001907388147
-0.00095846216886
-0.0026130991959
0.0035524676291
0.0039482626428
0.0087119145636
0.0160600004491
0.01051434346
0.01168259346
0.0112653581464
0.0115157574794
-0.0131846477724
0.0351906
0.07252695
0.072002375
0.0784158375
0.10190361048
dMdH Data
-2.11379103282626E-08
-0.0000000226656
-0.0000000231976
-1.70501835985312E-08
-2.88561691506468E-08
-2.46052063166989E-08
-2.17664941319531E-08
-2.82585739314085E-08
-1.43188863777276E-08
-2.29848596971939E-08
-3.14205715885682E-08
-2.64555291105822E-08
-0.0000000270642
-2.32085358292834E-08
-0.000000019922
-3.17322538580309E-08
-2.44579021683913E-08
-2.60685880715007E-08
-3.5174753552682E-08
-1.7598592112631E-08
-3.11840000000001E-08
-1.5776504848155E-08
-3.50211983041359E-08
-1.11054570359627E-08
-7.61538985496504E-09
-2.24337256021735E-08
-2.52135794963681E-08
-2.76808857883452E-08
-3.26431337408391E-08
-5.05567643670786E-09
-3.29605273684382E-08
-1.8432589842875E-08
-0.000000020848
-3.18229816645867E-08
-2.22495550088998E-08
-2.69465389307786E-08
-2.2027559448811E-08
-0.00000003268
-0.00000002297
-0.000000029458
-2.4017519649607E-08
-2.0052401048021E-08
-3.17592377782933E-08
-0.000000016068
-1.89017512140097E-08
-3.42357694307772E-08
-0.0000000164832
-0.0000000241464
-0.0000000213152
-2.48374589919475E-08
-2.60194850382742E-08
-0.0000000186504
-0.0000000253464
-1.86101022383642E-08
-2.78245774033808E-08
-0.0000000272184
-2.19958240334077E-08
-0.00000002504
-2.08744174883498E-08
-1.68963379267585E-08
-2.98545970919419E-08
-3.0578776848926E-08
-0.000000027306
-0.000000021896
-3.17066341326827E-08
-2.31477222273332E-08
-2.15658274733803E-08
-5.15549722297806E-08
-3.31802838082134E-08
-4.55389144905275E-08
-2.81599999999967E-09
-3.53131300201607E-08
-8.75199999999989E-09
-6.14721967110298E-08
1.62707988505793E-08
-1.66085883160588E-08
-3.30902236630303E-08
-2.1870600281582E-08
-5.07224346768651E-09
-6.35329504183798E-08
-1.35997824034832E-09
-2.63199999999998E-08
-2.3249115957566E-08
-2.92752973928626E-08
-2.64434711305774E-08
-0.0000000257
-0.000000027624
-2.78234435311294E-08
-0.000000030715
-2.23644472889458E-08
-1.85216295674087E-08
-0.000000029118
-3.00685589030575E-08
-1.53641970864233E-08
-3.39624950998824E-08
-1.67883772280713E-08
-0.00000002573352
-0.0000000203704
-0.0000000232984
-1.93963124504362E-08
-1.93963124504362E-08
dMdT Data
0
0
0
0
0
0
0
0
0
0
0
0
0
0
0
0
0
0
0
0
0
0
0
0
0
0
0
0
0
0
0
0
0
0
0
0
0
0
0
0
0
0
0
0
0
0
0
0
0
0
0
0
0
0
0
0
0
0
0
0
0
0
0
0
0
0
0
0
0
0
0
0
0
0
0
0
0
0
0
0
0
0
0
0
0
0
0
0
0
0
0
0
0
0
0
0
0
0
0
0
0
 
*********************************************** Results ***************************************
 
TotalArea 0.128333523306127
AreaFirstQuad 2.20256489787203E-02
AreaSecondQuad 2.71178627166091E-02
AreaThirdQuad 0
AreaFourthQuad 7.91900116107989E-02
Coercivity 205.871862825916
PositiveCoercivity 5759.8536004342
NegativeCoercivity 6171.59732608603
Retentivity 7.64063648066914E-07
PositiveRetentivity 1.55111925312064E-04
NegativeRetentivity 1.5358379801593E-04
Magnetization 0.000357563
PositiveMagnetization 0.000511424
NegativeMagnetization -0.000203702
Flatness -206.971707370425
Squareness 2.13686440729861E-03
SStar 1.13133555148806
SFD1 1.06566777574403
SFD2 37.0589520844398
Slope 0
Intercept 0
SlopeAtHc -2.82585739314085E-08
dH1 -13.5191473200584
dH2 7629.3955
InitialSlope -2.11379103282626E-08
FieldAtHalfMs 0
FieldAtMs -14755.9
MomentMean 1.50799421782178E-04
MomentRMS 1.56487442731958E-04
SFD3 1.13133555148806
dH3 -27.0382946401151
UserField1 0
UserField2 0
CenterField 0
ExchangeField 0
ExchangeMoment 0
ExRegionOneIntercept 0
ExRegionOneSlope 0
ExRegionTwoIntercept 0
ExRegionTwoSlope 0
NegativeIntercept 0
NegativeSlope 0
AutoCenterOffset 0
PinningField 0
PinningMoment 0
PinRegionOneIntercept 0
PinRegionOneSlope 0
PinRegionTwoIntercept 0
PinRegionTwoSlope 0
PositiveIntercept 0
PositiveSlope 0
TotalOffset 0
BHMax 0
BCoercivity 0
BRetentivity 0
BNegativeCoercivity 0
BPositiveCoercivity 0
BNegativeRetentivity 0
BPositiveRetentivity 0
MomentYMean 2.49012845049505E-06
MomentYRMS 2.30946521923909E-06
YOffCorrection 0
Mrt 0
Ms1 0
Ms2 0
Ms3 0
Hc2 0
Hex2 0
HsatValue 0
HsatIntercept 0
HsatSlope 0
CenterH 0
Span .000715126
SpanAsPercentOfRange -55.0096923076923
RMSAsPercentOfRange -12.037495594766
SpanAsPercentOfMean 474.223303742478
RMSAsPercentOfMean 103.771911644327
