Version 1.25
******************************************** Units *******************************************
System CGS
TemperatureUnit K
MomentUnit emu
AppliedFieldUnit G
 
******************************************** Setup ********************************************
 
Experiment CustomField
Minor False
Acquisition PointByPoint
EditedPoint No
MaxField 15000
FieldIncrement 681.818181818182
Points 101
MinField 0
RampRate 0
AverageTime 5
TimeInterval 10
TimeConstant 1
TimeConstantIndex 2
Sensitivity -0.0013
SensitivityIndex 5
SensitivityY -4
SensitivityIndexY 0
SaturationField 8000
ExperimentTime 505
Use735Domains False
AutoRangeEnabled False
NumberOfVertices 11
VertexPts
0
8
17
33
42
50
58
67
83
92
100
VertexField
15000
5000
500
-500
-5000
-15000
-5000
-500
500
5000
15000
StartAngle 0
EndAngle 0
AngleIncrement 0
StartTemp 0
FinishTemp 0
TempIncrement 0
TempPoints 0
LengthofSetPointsArray 101
SetPointArray
15000
13750
12500
11250
10000
8750
7500
6250
5000
4500
4000
3500
3000
2500
2000
1500
1000
500
437.5
375
312.5
250
187.5
125
62.5
0
-62.5
-125
-187.5
-250
-312.5
-375
-437.5
-500
-1000
-1500
-2000
-2500
-3000
-3500
-4000
-4500
-5000
-6250
-7500
-8750
-10000
-11250
-12500
-13750
-15000
-13750
-12500
-11250
-10000
-8750
-7500
-6250
-5000
-4500
-4000
-3500
-3000
-2500
-2000
-1500
-1000
-500
-437.5
-375
-312.5
-250
-187.5
-125
-62.5
0
62.5
125
187.5
250
312.5
375
437.5
500
1000
1500
2000
2500
3000
3500
4000
4500
5000
6250
7500
8750
10000
11250
12500
13750
15000
FieldDomainFile c:\Ideasvsm\Default UserID\Experiments\Jason_1p5T_cus\fdomain.ini
TempDomainFile c:\Ideasvsm\Default UserID\Experiments\Jason_1p5T_cus\tdomain.ini
NumSelectedResults 0
ResultsSelected 
UserName1 
UserValue1 
UserName2 
UserValue2 
LinearBackgroundCorrection Off
MaxLinearFieldCorrection 
MinLinearFieldCorrection 
AutoLinearCorrection Off
FitOneRegion Off
BackgroundMode Off
BackgroundFilename 
AutoCenter Off
OffsetCorrection 
SmoothDeriv Off
DerivOrder 0
DerivPoints 0
MinExFieldOne 
MaxExFieldOne 
MinExFieldTwo 
MaxExFieldTwo 
MinPinFieldOne 
MaxPinFieldOne 
MinPinFieldTwo 
MaxPinFieldTwo 
HCenterStart 
Mass 
Volume 
Density 
MolarWeight 
NumberOfMoles 
Demagnetization 
SampleArea 
Thickness 
MomentScaling 0
XAxis 0
YAxis 0
SimpleSpinValve False
HsatMax 0
HsatMin 0
FieldAutoRange True
 
*************************************************** Experiment Data ********************************************
 
DataPoints 101
MomentX Data
-0.000212701
-0.000185429
-0.000153132
-0.000122192
-0.0000902631
-0.0000581168
-0.0000277921
0.00000611318
0.0000418581
0.000051243
0.0000712085
0.0000858317
0.0000971576
0.000112239
0.00012462
0.000139768
0.00015293
0.000163676
0.000167346
0.000167874
0.000168342
0.000169258
0.000171388
0.000171955
0.000171834
0.000136673
0.000119995
0.000120226
0.00012173
0.000122559
0.000124107
0.000124463
0.000125282
0.000128203
0.00013951
0.000152946
0.000167199
0.000181389
0.000196239
0.000208582
0.00022587
0.000237411
0.000255435
0.00028105
0.000312184
0.000348363
0.000380251
0.000417631
0.000445171
0.000475033
0.000499521
0.000475668
0.000444265
0.000412378
0.000382111
0.00035079
0.000309299
0.000285718
0.000246627
0.000234413
0.000219426
0.000205341
0.000191516
0.000182614
0.000168289
0.000152626
0.000137298
0.00012694
0.000126083
0.000123607
0.000121922
0.000120734
0.000119889
0.000119835
0.000119619
0.000141921
0.000171623
0.00017143
0.000170234
0.000168308
0.000167982
0.000166665
0.000165836
0.000163212
0.000151298
0.000134802
0.000121722
0.000107222
0.0000935082
0.0000789598
0.0000633081
0.0000469171
0.0000368941
0.00000313682
-0.0000314573
-0.0000635302
-0.0000932581
-0.000123157
-0.000155899
-0.000188496
-0.000211026
MomentY Data
0.0000105667
0.00000947952
0.00000963211
0.00000989914
0.00000679016
0.00000787735
0.00000664711
0.00000639915
0.0000070858
0.00000705719
0.00000555038
0.00000388145
0.00000427246
0.0000058651
0.00000144005
0.00000181198
0.00000255585
0.00000199318
0.00000224113
0.0000004673
0.00000193596
0.0000045681
0.00000364304
0.00000598907
0.00000270844
0.00000522614
0.00000500679
0.00000082016
0.00000383377
0.00000364304
0.000000715256
0.00000199318
0.000000581741
0.00000198364
0.00000128746
-0.000000276566
0.00000101089
0.00000424385
0.00000461578
0.00000134468
0.00000150681
0.00000209808
0.00000566483
0.000000886917
0.00000148773
0.00000342369
0.00000000953674
0.00000429153
0.00000200272
-0.00000235558
-0.000000305176
-0.00000104904
0.00000267982
-0.00000146866
-0.00000246048
-0.0000000858307
0.000000991821
0.00000103951
-0.00000144005
0.00000177383
0.00000227928
0.00000123024
0.000000391006
0.000000905991
-0.00000154495
-0.00000155449
-0.00000264168
-0.00000393867
-0.00000329971
-0.00000191689
-0.00000531197
-0.00000359535
-0.00000351906
-0.00000283241
-0.00000171661
-0.00000264168
-0.00000308037
-0.00000290871
-0.00000292778
-0.0000044632
-0.00000411987
-0.0000039959
-0.00000462532
-0.0000034523
-0.00000389099
-0.00000263214
-0.00000417709
-0.000000572205
-0.00000087738
-0.00000226021
-0.00000436783
-0.0000037384
-0.00000203133
-0.000000286102
-0.00000278473
-0.00000148773
-0.000000925064
-0.00000127792
0.00000254631
0.00000315666
0.00000266075
Field Data
14754.2
13750
12500
11250
9999.97
8749.98
7499.96
6249.97
4999.97
4499.98
3999.97
3499.95
2999.97
2499.98
1999.97
1499.97
999.97
499.971
437.492
374.991
312.49
249.991
187.49
124.99
62.4919
-0.00848439
-62.5051
-125.012
-187.508
-250.005
-312.506
-375.008
-437.51
-500.006
-1000.02
-1500.03
-2000.03
-2500.03
-3000.03
-3500.04
-4000.05
-4500.04
-5000.04
-6250.05
-7500.05
-8750.03
-10000
-11250
-12500
-13750
-14761.1
-13750
-12500
-11250
-9999.98
-8749.96
-7499.97
-6249.97
-4999.96
-4499.97
-3999.98
-3499.99
-2999.98
-2499.97
-1999.97
-1499.97
-999.972
-499.968
-437.492
-374.988
-312.49
-249.992
-187.489
-124.989
-62.4906
0.00692248
62.5054
125.009
187.508
250.005
312.509
375.009
437.512
500.005
1000.02
1500.03
2000.03
2500.04
3000.04
3500.03
4000.05
4500.03
5000.03
6250.05
7500.06
8750.03
10000
11250
12500
13750
14761.8
Time Data
0
13.478
27.004
40.482
54.007
67.501
81.027
94.568
108.093
120.573
133.037
146.531
158.996
171.507
185.017
197.497
210.008
222.52
235.093
247.573
261.067
273.548
286.043
298.539
311.05
323.546
336.026
348.537
361.033
373.513
386.024
399.518
412.014
424.525
436.99
449.501
461.997
474.477
487.035
499.546
513.071
525.536
538.032
551.51
565.051
578.545
592.07
605.58
619.105
632.615
646.14
659.588
673.144
686.654
700.195
713.689
727.214
740.755
754.233
766.745
779.272
792.812
805.324
817.866
830.377
842.873
855.353
867.849
880.345
892.825
906.319
918.83
931.31
943.806
956.301
968.797
981.246
993.789
1006.27
1018.79
1031.35
1044.91
1057.45
1069.98
1082.46
1094.97
1107.45
1119.96
1132.43
1144.94
1158.49
1170.99
1183.52
1197.04
1210.58
1224.14
1237.62
1251.13
1264.65
1278.13
1291.66
Temperature Data
0
0
0
0
0
0
0
0
0
0
0
0
0
0
0
0
0
0
0
0
0
0
0
0
0
0
0
0
0
0
0
0
0
0
0
0
0
0
0
0
0
0
0
0
0
0
0
0
0
0
0
0
0
0
0
0
0
0
0
0
0
0
0
0
0
0
0
0
0
0
0
0
0
0
0
0
0
0
0
0
0
0
0
0
0
0
0
0
0
0
0
0
0
0
0
0
0
0
0
0
0
Angle Data
0
0
0
0
0
0
0
0
0
0
0
0
0
0
0
0
0
0
0
0
0
0
0
0
0
0
0
0
0
0
0
0
0
0
0
0
0
0
0
0
0
0
0
0
0
0
0
0
0
0
0
0
0
0
0
0
0
0
0
0
0
0
0
0
0
0
0
0
0
0
0
0
0
0
0
0
0
0
0
0
0
0
0
0
0
0
0
0
0
0
0
0
0
0
0
0
0
0
0
0
0
Bx Data
0
0
0
0
0
0
0
0
0
0
0
0
0
0
0
0
0
0
0
0
0
0
0
0
0
0
0
0
0
0
0
0
0
0
0
0
0
0
0
0
0
0
0
0
0
0
0
0
0
0
0
0
0
0
0
0
0
0
0
0
0
0
0
0
0
0
0
0
0
0
0
0
0
0
0
0
0
0
0
0
0
0
0
0
0
0
0
0
0
0
0
0
0
0
0
0
0
0
0
0
0
Hint Data
0
0
0
0
0
0
0
0
0
0
0
0
0
0
0
0
0
0
0
0
0
0
0
0
0
0
0
0
0
0
0
0
0
0
0
0
0
0
0
0
0
0
0
0
0
0
0
0
0
0
0
0
0
0
0
0
0
0
0
0
0
0
0
0
0
0
0
0
0
0
0
0
0
0
0
0
0
0
0
0
0
0
0
0
0
0
0
0
0
0
0
0
0
0
0
0
0
0
0
0
0
Torque Data
0.15590320514
0.1303434
0.120401375
0.111365325
0.0679013962952
0.068926654953
0.0498530591156
0.0399944955255
0.035428787426
0.0317572138562
0.0222013534886
0.0135848809275
0.0128172518262
0.014662632698
0.0028800567985
0.0027179156406
0.0025557733245
0.00099653219778
0.00098047644596
0.0001752332943
0.0006049681404
0.0011419838871
0.0006830335696
0.0007485738593
0.000169255561636
-4.43406099546E-08
-0.000312949909629
-0.00010252984192
-0.00071886254516
-0.0009107782152
-0.000223521791536
-0.00074745844544
-0.00025451750491
-0.00099183190184
-0.0012874857492
0.00041485729698
-0.0020218103267
-0.0106097523155
-0.0138474784734
-0.0047064337872
-0.0060273153405
-0.0094414439232
-0.0283243765932
-0.00554327559585
-0.0111580493865
-0.0299573902107
-0.0000953674
-0.0482797125
-0.025034
0.032389225
0.0045047334536
0.0144243
-0.03349775
0.016522425
0.0246047507904
0.000751015191772
-0.00743862774537
-0.0064969063147
0.007200192398
-0.0079821817851
-0.0091170744144
-0.0043058276976
-0.00117301017988
-0.00226495032027
0.0030898536515
0.0023316883653
0.00264160603296
0.00196920896256
0.00144359672732
0.00071881074732
0.0016599375053
0.0008988087372
0.00065978504034
0.00035402009349
0.000107271988866
-1.82869769664E-08
-0.000192539758998
-0.00036361492839
-0.00054898217224
-0.001115822316
-0.00128749645383
-0.0014984984631
-0.00202363300384
-0.0017261672615
-0.0038910678198
-0.0039482889642
-0.0083543053127
-0.0014305353882
-0.0026321750952
-0.0079108028063
-0.0174715383915
-0.016822912152
-0.0101567109399
-0.0017881518051
-0.0208856420838
-0.0130176821319
-0.00925064
-0.0143766
0.031828875
0.043404075
0.03927745935
dMdH Data
-2.71579366660028E-08
-0.0000000258376
-0.000000024752
-2.55425069798325E-08
-2.57172457379659E-08
-2.42593718500504E-08
-2.7124440995528E-08
-0.000000028595936
-1.8770175403508E-08
-3.99302013959721E-08
-2.92452301907924E-08
-2.26527061082444E-08
-3.01634032680654E-08
-2.47615047699046E-08
-0.000000030296
-0.000000026324
-2.1492042984086E-08
-5.87397365514813E-08
-8.44786483416296E-09
-7.48788019391684E-09
-1.4656234499752E-08
-3.4079454728724E-08
-9.07200000000016E-09
1.93605885618935E-09
5.62572540043861E-07
2.6686245066575E-07
-3.69559200664233E-09
-2.40655401945725E-08
-1.32646367025618E-08
-2.47676037183406E-08
-5.69581773383243E-09
-1.3103580685418E-08
-4.67389912954428E-08
-2.26133668257289E-08
-2.68714625707486E-08
-0.000000028506
-0.00000002838
-0.0000000297
-2.46855062898742E-08
-3.45753084938301E-08
-2.3082461649233E-08
-0.000000036048
-2.04918360653115E-08
-0.0000000249072
-2.89436630986096E-08
-2.55110122642944E-08
-0.000000029904
-0.000000022032
-0.0000000238896
-2.4219167243596E-08
-2.35911383641578E-08
-0.0000000251224
-0.0000000255096
-2.42132125885986E-08
-2.50563990976144E-08
-3.31930655445244E-08
-0.0000000188648
-3.12725498196014E-08
-2.44284885697715E-08
-2.99745994919898E-08
-2.81705634112682E-08
-2.76494470110598E-08
-1.78036439271215E-08
-0.00000002865
-0.000000031326
-3.06561226244905E-08
-2.07158342733258E-08
-1.37172674306933E-08
-3.96134647382569E-08
-2.69608627476078E-08
-1.90086082754649E-08
-1.35193510711485E-08
-8.6400000000016E-10
-3.45608847586497E-09
3.56846145495399E-07
4.75243576781452E-07
-3.0878221414447E-09
-1.91363061808988E-08
-3.08174792390038E-08
-5.2156661973631E-09
-0.000000021072
-1.3263363358559E-08
-4.1988702734706E-08
-2.38272851814446E-08
-3.29913401731965E-08
-0.00000002616
-2.89994200115998E-08
-0.0000000274276
-2.90973819476389E-08
-3.13021479140834E-08
-3.27833113324533E-08
-0.000000020046
-2.70053919137294E-08
-2.76750745994032E-08
-2.56589358144595E-08
-2.3782890789379E-08
-0.00000002391912
-0.0000000261936
-0.0000000260776
-2.22672464914015E-08
-2.22672464914015E-08
dMdT Data
0
0
0
0
0
0
0
0
0
0
0
0
0
0
0
0
0
0
0
0
0
0
0
0
0
0
0
0
0
0
0
0
0
0
0
0
0
0
0
0
0
0
0
0
0
0
0
0
0
0
0
0
0
0
0
0
0
0
0
0
0
0
0
0
0
0
0
0
0
0
0
0
0
0
0
0
0
0
0
0
0
0
0
0
0
0
0
0
0
0
0
0
0
0
0
0
0
0
0
0
0
 
*********************************************** Results ***************************************
 
TotalArea 6.34420484208808E-02
AreaFirstQuad 2.76077559427749E-02
AreaSecondQuad 0.017200373472524
AreaThirdQuad 0
AreaFourthQuad 1.86339190055795E-02
Coercivity 55.9753726467029
PositiveCoercivity 6363.39459058938
NegativeCoercivity 6475.34533588279
Retentivity 2.62037832743086E-06
PositiveRetentivity 1.36677773084833E-04
NegativeRetentivity 1.41918529739695E-04
Magnetization 0.000356111
PositiveMagnetization 0.000499521
NegativeMagnetization -0.000212701
Flatness -46.8831506926159
Squareness 7.35831897198027E-03
SStar 2.72586256482291
SFD1 1.86293128241145
SFD2 3.34946338675324
Slope 0
Intercept 0
SlopeAtHc -2.7124440995528E-08
dH1 -48.3029001014784
dH2 187.48746124
InitialSlope -2.71579366660028E-08
FieldAtHalfMs 0
FieldAtMs -14761.1
MomentMean 1.41259431683168E-04
MomentRMS 1.48514106562024E-04
SFD3 2.72586256482291
dH3 -96.6058002029567
UserField1 0
UserField2 0
CenterField 0
ExchangeField 0
ExchangeMoment 0
ExRegionOneIntercept 0
ExRegionOneSlope 0
ExRegionTwoIntercept 0
ExRegionTwoSlope 0
NegativeIntercept 0
NegativeSlope 0
AutoCenterOffset 0
PinningField 0
PinningMoment 0
PinRegionOneIntercept 0
PinRegionOneSlope 0
PinRegionTwoIntercept 0
PinRegionTwoSlope 0
PositiveIntercept 0
PositiveSlope 0
TotalOffset 0
BHMax 0
BCoercivity 0
BRetentivity 0
BNegativeCoercivity 0
BPositiveCoercivity 0
BNegativeRetentivity 0
BPositiveRetentivity 0
MomentYMean 1.01835381227723E-06
MomentYRMS 3.70573464118811E-06
YOffCorrection 0
Mrt 0
Ms1 0
Ms2 0
Ms3 0
Hc2 0
Hex2 0
HsatValue 0
HsatIntercept 0
HsatSlope 0
CenterH 0
Span .000712222
SpanAsPercentOfRange -54.7863076923077
RMSAsPercentOfRange -11.4241620432326
SpanAsPercentOfMean 504.194298046907
RMSAsPercentOfMean 105.135710084922
