Version 1.25
******************************************** Units *******************************************
System CGS
TemperatureUnit K
MomentUnit emu
AppliedFieldUnit G
 
******************************************** Setup ********************************************
 
Experiment CustomField
Minor False
Acquisition PointByPoint
EditedPoint No
MaxField 5000
FieldIncrement 100
Points 129
MinField 0
RampRate 10
AverageTime 10
TimeInterval 0
TimeConstant 0.1
TimeConstantIndex 0
Sensitivity -0.0013
SensitivityIndex 5
SensitivityY -4
SensitivityIndexY 0
SaturationField 8000
ExperimentTime 1290
Use735Domains False
AutoRangeEnabled False
NumberOfVertices 7
VertexPts
0
12
52
64
76
116
128
VertexField
5000
200
-200
-5000
-200
200
5000
StartAngle 0
EndAngle 0
AngleIncrement 0
StartTemp 0
FinishTemp 0
TempIncrement 0
TempPoints 0
LengthofSetPointsArray 129
SetPointArray
5000
4600
4200
3800
3400
3000
2600
2200
1800
1400
1000
600
200
190
180
170
160
150
140
130
120
110
100
90
80
70
60
50
40
30
20
10
0
-10
-20
-30
-40
-50
-60
-70
-80
-90
-100
-110
-120
-130
-140
-150
-160
-170
-180
-190
-200
-600
-1000
-1400
-1800
-2200
-2600
-3000
-3400
-3800
-4200
-4600
-5000
-4600
-4200
-3800
-3400
-3000
-2600
-2200
-1800
-1400
-1000
-600
-200
-190
-180
-170
-160
-150
-140
-130
-120
-110
-100
-90
-80
-70
-60
-50
-40
-30
-20
-10
0
10
20
30
40
50
60
70
80
90
100
110
120
130
140
150
160
170
180
190
200
600
1000
1400
1800
2200
2600
3000
3400
3800
4200
4600
5000
FieldDomainFile c:\Ideasvsm\Default UserID\Experiments\Hannah_5kG\fdomain.ini
TempDomainFile c:\Ideasvsm\Default UserID\Experiments\Hannah_5kG\tdomain.ini
NumSelectedResults 0
ResultsSelected 
UserName1 
UserValue1 
UserName2 
UserValue2 
LinearBackgroundCorrection Off
MaxLinearFieldCorrection 
MinLinearFieldCorrection 
AutoLinearCorrection Off
FitOneRegion Off
BackgroundMode Off
BackgroundFilename 
AutoCenter Off
OffsetCorrection 
SmoothDeriv Off
DerivOrder 0
DerivPoints 0
MinExFieldOne 
MaxExFieldOne 
MinExFieldTwo 
MaxExFieldTwo 
MinPinFieldOne 
MaxPinFieldOne 
MinPinFieldTwo 
MaxPinFieldTwo 
HCenterStart 
Mass 
Volume 
Density 
MolarWeight 
NumberOfMoles 
Demagnetization 
SampleArea 
Thickness 
MomentScaling 0
XAxis 0
YAxis 0
SimpleSpinValve False
HsatMax 0
HsatMin 0
FieldAutoRange True
 
*************************************************** Experiment Data ********************************************
 
DataPoints 129
MomentX Data
0.0000430073
0.0000533869
0.0000635131
0.0000743011
0.0000836921
0.0000915625
0.000101997
0.000111299
0.000121252
0.000130622
0.000141385
0.000149343
0.0001611
0.000160318
0.000160053
0.000159901
0.000159378
0.000158986
0.00015945
0.000159143
0.00015815
0.000159828
0.000158176
0.000159321
0.000157761
0.00015812
0.000158667
0.000157686
0.000156568
0.000157689
0.000157287
0.00015722
0.00015759
0.000156717
0.000157785
0.000158275
0.000157836
0.00015813
0.000158095
0.000157971
0.00015797
0.000157715
0.00015734
0.000157757
0.000157715
0.00015816
0.000158184
0.000157967
0.000158409
0.000158886
0.000158129
0.000158384
0.000159411
0.000169633
0.000179481
0.00019016
0.000201403
0.00021046
0.000222172
0.000231857
0.00024155
0.000251978
0.000262123
0.000272947
0.000284228
0.000271193
0.000260914
0.000249674
0.000239945
0.000229545
0.000219034
0.000208665
0.000199992
0.000188571
0.000177467
0.00016733
0.00015584
0.000156368
0.000156816
0.000155996
0.000155942
0.000154995
0.000154354
0.000154101
0.000154774
0.000154936
0.000153845
0.00015411
0.00015383
0.000153302
0.000151707
0.000151902
0.000151911
0.000151489
0.000151146
0.000150647
0.000150936
0.000150247
0.000149185
0.000150517
0.000149493
0.000149158
0.000149328
0.000148131
0.000148459
0.00014855
0.000147588
0.000147462
0.000147581
0.000146186
0.000146049
0.000146956
0.000146643
0.000145257
0.000146091
0.000145206
0.000143854
0.000134632
0.000124372
0.000114868
0.000104305
0.0000934449
0.0000815233
0.0000709891
0.0000624393
0.0000489721
0.0000379227
0.00003004
0.0000190555
MomentY Data
0.0000128937
0.00000768661
0.00000880241
0.0000114727
0.0000125599
0.00000812531
0.00000880241
0.00000894547
0.00000922203
0.00000695229
0.00000635147
0.00000720501
0.00000655174
0.00000490665
0.00000681877
0.00000538826
0.00000390053
0.00000518322
0.0000046587
0.0000060463
0.00000671387
0.00000617027
0.00000680923
0.00000693798
0.00000915527
0.00000725269
0.00000678062
0.00000774384
0.00000704765
0.00000718117
0.00000676632
0.00000499249
0.00000518799
0.0000042963
0.00000332832
0.00000347137
0.00000574112
0.00000570774
0.0000055027
0.00000562191
0.00000377178
0.00000585556
0.0000069809
0.00000477791
0.00000394344
0.00000164986
0.00000315189
0.00000491142
0.00000632763
0.0000049305
0.00000571728
0.00000670433
0.00000534534
0.00000415802
0.00000441551
0.00000444889
0.00000516415
0.00000815868
0.00000608444
0.00000711918
0.00000692368
0.00000743866
0.00000651836
0.00000649452
0.00000812054
0.00000666142
0.00000641823
0.00000464439
0.00000741959
0.00000720024
0.00000830173
0.00000780106
0.00000625134
0.00000563622
0.00000277042
0.0000053072
0.00000693798
0.000007267
0.00000668049
0.00000597954
0.00000731468
0.00000525951
0.00000683308
0.00000636101
0.00000629902
0.00000673294
0.00000701904
0.00000665665
0.00000664711
0.0000063324
0.00000684738
0.00000487328
0.00000520706
0.00000428677
0.00000570774
0.00000460625
0.00000603199
0.00000495434
0.00000558853
0.00000617027
0.0000070858
0.00000552177
0.00000594139
0.00000596523
0.00000528336
0.00000654221
0.00000702381
0.00000504017
0.00000574112
0.00000660896
0.00000576973
0.00000566006
0.00000740051
0.0000078392
0.00000565529
0.0000056076
0.00000708103
0.00000675201
0.00000524998
0.0000051403
0.00000526428
0.00000645638
0.00000692844
0.00000596046
0.00000743389
0.00000771999
0.00000681877
0.00000850677
0.00000834465
Field Data
5000.04
4599.99
4200
3799.99
3400
3000
2599.99
2200
1799.99
1399.99
999.986
599.99
199.989
189.997
179.999
170
159.997
149.998
139.999
129.998
119.998
109.999
99.9983
89.9998
79.9997
69.9958
59.9981
49.9962
39.9986
29.9998
19.995
10.0013
-0.000467433
-9.99968
-19.9997
-30.0033
-40.0001
-50.0008
-60.0015
-70.0024
-80.0003
-90.002
-100.001
-109.999
-120.002
-130.002
-140.001
-150.002
-160.004
-170.001
-180
-190
-199.999
-600.011
-1000.01
-1400.01
-1800.01
-2200.01
-2600.02
-3000.01
-3400.02
-3800.02
-4200.03
-4600.02
-5000.02
-4600
-4200
-3800
-3400
-2999.99
-2599.98
-2199.99
-1799.99
-1399.99
-999.986
-599.99
-199.985
-189.996
-179.998
-169.997
-159.996
-149.996
-140
-129.999
-119.997
-109.999
-99.9983
-89.9967
-79.9953
-70.0011
-59.9996
-49.9967
-39.9976
-29.9992
-19.9953
-10.0005
-0.0000596716
10.0021
19.9998
29.999
40.0023
50.0016
60.0012
70.001
80.0025
90.0025
100.004
110.002
119.999
130
140.005
150
160.001
170.002
180.003
190.003
200.002
600.006
1000.01
1400.02
1800.02
2200.01
2600.02
3000.01
3400.02
3800.02
4200.02
4600.02
5000.01
Time Data
0
17.644
35.334
53.025
71.776
89.451
107.11
124.785
142.429
160.088
177.732
195.407
214.143
231.802
249.477
267.168
284.858
302.517
320.192
337.852
355.526
373.217
390.907
408.551
426.242
443.932
461.576
479.251
496.941
514.616
532.322
549.966
567.657
585.347
603.006
620.666
638.356
656.016
673.706
691.412
709.134
726.824
744.499
762.159
779.818
797.493
815.215
832.921
850.58
868.239
885.914
903.574
921.311
940.047
957.722
975.412
993.071
1010.73
1028.42
1046.08
1063.77
1082.51
1100.2
1117.84
1135.53
1153.24
1170.94
1188.63
1207.32
1224.98
1242.64
1260.33
1278.02
1295.7
1313.39
1331.08
1349.77
1367.44
1385.16
1402.85
1420.54
1438.24
1455.94
1473.6
1491.31
1508.97
1526.66
1544.38
1562.08
1579.74
1597.45
1615.11
1632.75
1650.43
1668.09
1685.75
1703.42
1721.08
1738.74
1756.46
1774.12
1791.84
1809.52
1827.22
1844.91
1862.54
1880.23
1897.94
1915.63
1933.32
1950.96
1968.62
1986.33
2004.02
2021.69
2039.37
2057.09
2075.8
2093.47
2111.16
2128.82
2146.45
2164.15
2181.85
2199.52
2218.22
2235.92
2253.61
2271.3
Temperature Data
0
0
0
0
0
0
0
0
0
0
0
0
0
0
0
0
0
0
0
0
0
0
0
0
0
0
0
0
0
0
0
0
0
0
0
0
0
0
0
0
0
0
0
0
0
0
0
0
0
0
0
0
0
0
0
0
0
0
0
0
0
0
0
0
0
0
0
0
0
0
0
0
0
0
0
0
0
0
0
0
0
0
0
0
0
0
0
0
0
0
0
0
0
0
0
0
0
0
0
0
0
0
0
0
0
0
0
0
0
0
0
0
0
0
0
0
0
0
0
0
0
0
0
0
0
0
0
0
0
Angle Data
0
0
0
0
0
0
0
0
0
0
0
0
0
0
0
0
0
0
0
0
0
0
0
0
0
0
0
0
0
0
0
0
0
0
0
0
0
0
0
0
0
0
0
0
0
0
0
0
0
0
0
0
0
0
0
0
0
0
0
0
0
0
0
0
0
0
0
0
0
0
0
0
0
0
0
0
0
0
0
0
0
0
0
0
0
0
0
0
0
0
0
0
0
0
0
0
0
0
0
0
0
0
0
0
0
0
0
0
0
0
0
0
0
0
0
0
0
0
0
0
0
0
0
0
0
0
0
0
0
Bx Data
0
0
0
0
0
0
0
0
0
0
0
0
0
0
0
0
0
0
0
0
0
0
0
0
0
0
0
0
0
0
0
0
0
0
0
0
0
0
0
0
0
0
0
0
0
0
0
0
0
0
0
0
0
0
0
0
0
0
0
0
0
0
0
0
0
0
0
0
0
0
0
0
0
0
0
0
0
0
0
0
0
0
0
0
0
0
0
0
0
0
0
0
0
0
0
0
0
0
0
0
0
0
0
0
0
0
0
0
0
0
0
0
0
0
0
0
0
0
0
0
0
0
0
0
0
0
0
0
0
Hint Data
0
0
0
0
0
0
0
0
0
0
0
0
0
0
0
0
0
0
0
0
0
0
0
0
0
0
0
0
0
0
0
0
0
0
0
0
0
0
0
0
0
0
0
0
0
0
0
0
0
0
0
0
0
0
0
0
0
0
0
0
0
0
0
0
0
0
0
0
0
0
0
0
0
0
0
0
0
0
0
0
0
0
0
0
0
0
0
0
0
0
0
0
0
0
0
0
0
0
0
0
0
0
0
0
0
0
0
0
0
0
0
0
0
0
0
0
0
0
0
0
0
0
0
0
0
0
0
0
0
Torque Data
0.064469015748
0.0353583291339
0.036970122
0.043596145273
0.04270366
0.02437593
0.0228861779759
0.019680034
0.0165995617797
0.0097331364771
0.00635138107942
0.0043229339499
0.00131027593086
0.00093224878005
0.00122737178123
0.0009160042
0.00062407309841
0.00077747263356
0.0006522133413
0.0007860069074
0.00080565097226
0.00067872352973
0.000680911424309
0.000624416812404
0.000732418853419
0.000507657838702
0.000406824316822
0.000387162573408
0.00028189613329
0.000215433663766
0.0001352925684
0.000049931390237
-2.42503772967E-09
-0.000042961625184
-0.000066565401504
-0.000104152555521
-0.000229645374112
-0.000285391566192
-0.00033017025405
-0.000393547192584
-0.000301743531534
-0.00052701211112
-0.0006980969809
-0.00052556532209
-0.00047322068688
-0.00021448509972
-0.00044126775189
-0.00073672282284
-0.00101244611052
-0.0008381899305
-0.0010291104
-0.0012738227
-0.00106906265466
-0.00249485773822
-0.0044155541551
-0.0062284904889
-0.0092955216415
-0.0179491775868
-0.0158196656888
-0.0213576111918
-0.0235406504736
-0.0282670567732
-0.0273773075508
-0.0298749218904
-0.0406028624108
-0.030642532
-0.026956566
-0.017648682
-0.025226606
-0.0216006479976
-0.0215843319654
-0.0171622539894
-0.0112523494866
-0.0078906516378
-0.00277038121412
-0.003184266928
-0.0013874919303
-0.001380700932
-0.00120247483902
-0.00101650386138
-0.00117031954128
-0.00078890546196
-0.0009566312
-0.00082692493899
-0.00075586350294
-0.00074061666706
-0.000701892067632
-0.000599076533055
-0.000531737558583
-0.00044327496564
-0.000410840061048
-0.000243647918176
-0.000208269903056
-0.000128599670584
-0.000114127973622
-0.000046064803125
-3.59938494484E-10
0.000049553804114
0.000111769482294
0.00018510192973
0.00028344829734
0.000276097334832
0.000356490529668
0.00041757206523
0.0004226820084
0.000588815255525
0.00070240909524
0.00055442878034
0.00068892865888
0.0008591648
0.00080779104865
0.000849009
0.00118408900051
0.0013326796784
0.00101796916587
0.0010654608228
0.00141622016206
0.00405124651206
0.0052500324998
0.007196522806
0.0094758092856
0.0142041005638
0.0180140825688
0.0178814396046
0.0252753746778
0.0293361163998
0.0286389703754
0.0391313121354
0.0417233334465
dMdH Data
-2.59457567804024E-08
-2.53161329033226E-08
-2.69693257668558E-08
-2.34780869521738E-08
-0.000000019676
-2.60855978600535E-08
-2.32555813895348E-08
-2.48818779530512E-08
-0.000000023425
-2.69072309276907E-08
-1.98951989519895E-08
-2.93924265189337E-08
7.82626100880712E-08
2.65053010602118E-08
1.5201520152016E-08
5.22843147055879E-08
3.92039203920383E-08
-4.64046404640452E-08
3.06969303069702E-08
9.92999999999997E-08
-1.67816781678167E-07
1.65188436809422E-07
-1.14517177576637E-07
1.55998440015601E-07
-3.58860044582627E-08
-5.4712583894295E-08
9.80813645407369E-08
1.11826838441227E-07
-1.12113453614434E-07
4.01807132576377E-08
6.70422366090615E-09
-3.69934616535087E-08
8.73068748314345E-08
-1.06799786400426E-07
-4.89823663481164E-08
4.3914052496799E-08
-2.93979421440493E-08
3.4997550171497E-09
1.23988841004311E-08
1.0002100440979E-10
2.54956657368251E-08
3.7503750375037E-08
-4.17083416683316E-08
4.198740377885E-09
-4.44999999999986E-08
-2.40024002400224E-09
2.16978302169784E-08
-4.41911617676486E-08
-4.77143142942885E-08
7.57075707570778E-08
-2.55000000000003E-08
-1.02710271027104E-07
-2.55542333729988E-08
-2.46200615501539E-08
-0.0000000266975
-0.0000000281075
-2.26424999999999E-08
-2.92792680182996E-08
-2.42131053276332E-08
-2.42318942026449E-08
-0.00000002607
-2.53618659533513E-08
-2.70606765169129E-08
-2.82024999999999E-08
-3.25858707064646E-08
-2.56974999999999E-08
-0.0000000281
-0.0000000243225
-2.59993500162496E-08
-2.6276843078923E-08
-2.5923148078702E-08
-0.0000000216825
-0.0000000285525
-2.7759722402776E-08
-2.53427534275342E-08
-2.87246409419883E-08
5.28581439583534E-08
4.4808961792359E-08
-8.19918008199191E-08
-5.39946005399289E-09
-9.47000000000003E-08
-6.41256502601049E-08
-2.52974702529746E-08
6.72865426914616E-08
1.62032406481299E-08
-1.09092363534552E-07
2.64957606782913E-08
-2.79960805487222E-08
-5.28306417722298E-08
-1.59476078588211E-07
1.94943466394753E-08
9.00081007288564E-10
-4.22067530804905E-08
-3.42866282149968E-08
-4.99259614999796E-08
2.88987275069552E-08
-6.88851230756038E-08
-1.06224431619272E-07
1.33210656852548E-07
-1.02366219147681E-07
-3.35023451641604E-08
1.70006800272004E-08
-1.19702394047882E-07
3.27950807378908E-08
9.09999999999962E-09
-9.61855721641748E-08
-1.26025205041014E-08
1.19035710713217E-08
-1.39486051394861E-07
-1.36931534232872E-08
9.07453726863428E-08
-3.12968703129682E-08
-1.38586141385862E-07
8.33916608339154E-08
-8.85000000000003E-08
-1.35213521352133E-07
-2.30547694523055E-08
-2.5649743502565E-08
-2.37594060148497E-08
-0.0000000264075
-2.71509287732193E-08
-2.9803254918627E-08
-2.63361584039601E-08
-2.13739656508588E-08
-0.000000033668
-0.0000000276235
-0.00000001970675
-2.74619365484137E-08
-2.74619365484137E-08
dMdT Data
0
0
0
0
0
0
0
0
0
0
0
0
0
0
0
0
0
0
0
0
0
0
0
0
0
0
0
0
0
0
0
0
0
0
0
0
0
0
0
0
0
0
0
0
0
0
0
0
0
0
0
0
0
0
0
0
0
0
0
0
0
0
0
0
0
0
0
0
0
0
0
0
0
0
0
0
0
0
0
0
0
0
0
0
0
0
0
0
0
0
0
0
0
0
0
0
0
0
0
0
0
0
0
0
0
0
0
0
0
0
0
0
0
0
0
0
0
0
0
0
0
0
0
0
0
0
0
0
0
 
*********************************************** Results ***************************************
 
TotalArea 0.108081762637962
AreaFirstQuad 9.79530259511144E-02
AreaSecondQuad 1.01287366868477E-02
AreaThirdQuad 0
AreaFourthQuad 0
Coercivity 0
PositiveCoercivity 0
NegativeCoercivity 0
Retentivity 3.32699340926036E-06
PositiveRetentivity 1.57589982708035E-04
NegativeRetentivity 1.50935995889515E-04
Magnetization 0.000284228
PositiveMagnetization 0.000284228
NegativeMagnetization 0.0000190555
Flatness -46.3670859309186
Squareness 1.17053682580898E-02
SStar 0
SFD1 0
SFD2 0
Slope 0
Intercept 0
SlopeAtHc -2.74619365484137E-08
dH1 0
dH2 85.00155
InitialSlope -2.59457567804024E-08
FieldAtHalfMs 0
FieldAtMs -5000.02
MomentMean 1.54204363565891E-04
MomentRMS 4.66479501222052E-05
SFD3 0
dH3 0
UserField1 0
UserField2 0
CenterField 0
ExchangeField 0
ExchangeMoment 0
ExRegionOneIntercept 0
ExRegionOneSlope 0
ExRegionTwoIntercept 0
ExRegionTwoSlope 0
NegativeIntercept 0
NegativeSlope 0
AutoCenterOffset 0
PinningField 0
PinningMoment 0
PinRegionOneIntercept 0
PinRegionOneSlope 0
PinRegionTwoIntercept 0
PinRegionTwoSlope 0
PositiveIntercept 0
PositiveSlope 0
TotalOffset 0
BHMax 0
BCoercivity 0
BRetentivity 0
BNegativeCoercivity 0
BPositiveCoercivity 0
BNegativeRetentivity 0
BPositiveRetentivity 0
MomentYMean 6.32049503875969E-06
MomentYRMS 1.63195684186679E-06
YOffCorrection 0
Mrt 0
Ms1 0
Ms2 0
Ms3 0
Hc2 0
Hex2 0
HsatValue 0
HsatIntercept 0
HsatSlope 0
CenterH 0
Span .0002651725
SpanAsPercentOfRange -20.3978846153846
RMSAsPercentOfRange -3.58830385555424
SpanAsPercentOfMean 171.961735626691
RMSAsPercentOfMean 30.2507328868632
