Version 1.25
******************************************** Units *******************************************
System CGS
TemperatureUnit K
MomentUnit emu
AppliedFieldUnit G
 
******************************************** Setup ********************************************
 
Experiment CustomField
Minor False
Acquisition PointByPoint
EditedPoint No
MaxField 5000
FieldIncrement 100
Points 129
MinField 0
RampRate 10
AverageTime 10
TimeInterval 0
TimeConstant 0.1
TimeConstantIndex 0
Sensitivity -0.0013
SensitivityIndex 5
SensitivityY -4
SensitivityIndexY 0
SaturationField 8000
ExperimentTime 1290
Use735Domains False
AutoRangeEnabled False
NumberOfVertices 7
VertexPts
0
12
52
64
76
116
128
VertexField
5000
200
-200
-5000
-200
200
5000
StartAngle 0
EndAngle 0
AngleIncrement 0
StartTemp 0
FinishTemp 0
TempIncrement 0
TempPoints 0
LengthofSetPointsArray 129
SetPointArray
5000
4600
4200
3800
3400
3000
2600
2200
1800
1400
1000
600
200
190
180
170
160
150
140
130
120
110
100
90
80
70
60
50
40
30
20
10
0
-10
-20
-30
-40
-50
-60
-70
-80
-90
-100
-110
-120
-130
-140
-150
-160
-170
-180
-190
-200
-600
-1000
-1400
-1800
-2200
-2600
-3000
-3400
-3800
-4200
-4600
-5000
-4600
-4200
-3800
-3400
-3000
-2600
-2200
-1800
-1400
-1000
-600
-200
-190
-180
-170
-160
-150
-140
-130
-120
-110
-100
-90
-80
-70
-60
-50
-40
-30
-20
-10
0
10
20
30
40
50
60
70
80
90
100
110
120
130
140
150
160
170
180
190
200
600
1000
1400
1800
2200
2600
3000
3400
3800
4200
4600
5000
FieldDomainFile c:\Ideasvsm\Default UserID\Experiments\Hannah_5kG\fdomain.ini
TempDomainFile c:\Ideasvsm\Default UserID\Experiments\Hannah_5kG\tdomain.ini
NumSelectedResults 0
ResultsSelected 
UserName1 
UserValue1 
UserName2 
UserValue2 
LinearBackgroundCorrection Off
MaxLinearFieldCorrection 
MinLinearFieldCorrection 
AutoLinearCorrection Off
FitOneRegion Off
BackgroundMode Off
BackgroundFilename 
AutoCenter Off
OffsetCorrection 
SmoothDeriv Off
DerivOrder 0
DerivPoints 0
MinExFieldOne 
MaxExFieldOne 
MinExFieldTwo 
MaxExFieldTwo 
MinPinFieldOne 
MaxPinFieldOne 
MinPinFieldTwo 
MaxPinFieldTwo 
HCenterStart 
Mass 
Volume 
Density 
MolarWeight 
NumberOfMoles 
Demagnetization 
SampleArea 
Thickness 
MomentScaling 0
XAxis 0
YAxis 0
SimpleSpinValve False
HsatMax 0
HsatMin 0
FieldAutoRange True
 
*************************************************** Experiment Data ********************************************
 
DataPoints 129
MomentX Data
0.000035146
0.0000470125
0.0000581658
0.0000742157
0.0000870625
0.000100227
0.000111767
0.00012581
0.000138662
0.000152257
0.000164454
0.000177325
0.000190747
0.00019118
0.000191923
0.000190197
0.000191036
0.000191027
0.000191421
0.000190481
0.000190571
0.000190789
0.000189975
0.000191029
0.000190386
0.000191132
0.000190209
0.000191172
0.000190661
0.000190301
0.000190236
0.000190188
0.000190234
0.000191143
0.000190876
0.000189684
0.00019109
0.000189065
0.00019117
0.000190285
0.000190639
0.000190722
0.000191006
0.000190514
0.000189729
0.000190186
0.000191146
0.000189808
0.000190095
0.000190276
0.00019033
0.000191368
0.000190992
0.000204256
0.000216667
0.000228969
0.00024312
0.000255971
0.000270405
0.000284341
0.000297338
0.000312265
0.000325373
0.000336085
0.000349807
0.000332786
0.000320772
0.000306876
0.000293531
0.000279903
0.000265794
0.000250936
0.000238079
0.000224991
0.000210508
0.000196823
0.000184054
0.000182279
0.000182832
0.000182302
0.000180962
0.000180738
0.000180193
0.000179803
0.000179082
0.000178454
0.000178191
0.000177429
0.000175527
0.000176016
0.000176195
0.000174865
0.000174804
0.000174448
0.00017277
0.000172161
0.000172538
0.000171435
0.000171359
0.000170829
0.000170614
0.000169673
0.000169645
0.000168486
0.000168221
0.000167707
0.000167057
0.000166091
0.000165652
0.000164842
0.00016598
0.000164968
0.000163529
0.000163971
0.000162403
0.000162683
0.000162283
0.000149206
0.000133493
0.000120395
0.000106848
0.0000942611
0.0000781701
0.0000652165
0.0000513565
0.0000376437
0.0000237153
0.00000997604
-0.00000198469
MomentY Data
0.0000111532
0.0000113964
0.00000825405
0.0000107861
0.00000745773
0.00000991821
0.00000883102
0.00000855446
0.00000791073
0.00000609398
0.00000589848
0.00000809669
0.00000614166
0.00000621796
0.00000478745
0.00000682831
0.00000418663
0.00000566006
0.00000603199
0.00000416279
0.00000407696
0.00000328064
0.00000460625
0.00000620842
0.0000071764
0.00000594139
0.00000682831
0.00000632763
0.00000555515
0.00000537872
0.00000487804
0.00000378609
0.00000432491
0.00000357151
0.00000374317
0.00000575066
0.00000449657
0.00000573635
0.00000366688
0.00000310898
0.00000160694
0.00000377655
0.00000418663
0.00000637054
0.00000618935
0.00000293732
0.00000358105
0.00000417709
0.00000282764
0.00000459671
0.00000497818
0.00000594139
0.00000582695
0.00000465393
0.00000326633
0.00000374317
0.0000022316
0.00000609398
0.00000456333
0.0000046587
0.00000619888
0.00000580788
0.00000583172
0.00000495434
0.00000669003
0.00000550747
0.00000545979
0.0000062418
0.00000785828
0.00000452995
0.00000451088
0.00000764847
0.00000402927
0.00000464439
0.00000296593
0.00000536442
0.00000463486
0.00000561714
0.00000383854
0.00000374794
0.00000257015
0.00000337601
0.000003829
0.00000417233
0.0000060463
0.00000575066
0.00000478745
0.00000531673
0.000005126
0.00000782967
0.00000597954
0.00000562191
0.00000442982
0.00000584126
0.00000473022
0.00000558376
0.00000474453
0.00000396729
0.00000704765
0.00000491142
0.00000471592
0.0000071907
0.00000499725
0.0000041151
0.00000550747
0.00000385284
0.00000478268
0.00000501156
0.00000191212
0.0000044632
0.0000039053
0.00000423908
0.00000314236
0.00000235081
0.0000027895
0.0000023365
0.00000163555
0.00000246048
0.00000383377
0.00000398159
0.00000288486
0.00000410557
0.00000733852
0.00000771999
0.00000562668
0.00000537872
0.0000073576
0.00000656605
0.0000069952
Field Data
5000.03
4600
4199.99
3800
3399.99
3000
2599.99
2199.99
1799.99
1399.99
999.991
599.985
199.99
189.997
179.994
169.998
159.998
149.998
139.996
130.001
119.999
109.999
99.9997
89.9975
79.9969
69.9979
59.9992
49.9996
39.9972
29.9986
19.9983
9.99683
-0.00376802
-10.0005
-20.0014
-30.0007
-40.0028
-50.0019
-60.0014
-69.9989
-80
-90.0001
-100.001
-110.001
-120.002
-130.002
-140.003
-150.001
-160.001
-170
-180
-190.002
-200.004
-600.011
-1000.02
-1400.02
-1800.02
-2200.02
-2600.02
-3000.02
-3400.02
-3800.02
-4200.02
-4600.01
-5000.02
-4600
-4200
-3800
-3400
-2999.99
-2599.99
-2199.99
-1799.99
-1399.99
-999.987
-599.988
-199.99
-189.998
-179.999
-169.999
-159.999
-149.998
-140
-130
-120
-109.999
-99.9995
-89.9985
-79.9994
-70.0012
-60.0021
-49.9976
-40.0003
-29.9978
-19.9993
-10.0004
-0.00000509975
10.0015
20.0023
29.9997
40.0009
50
60.0034
70.003
80.0026
90.002
100
110.001
120.002
130.002
140
150
160
170
180.001
189.999
200.003
600.008
1000.01
1400.01
1800.02
2200.02
2600.02
3000.02
3400.02
3800.01
4200.02
4600.02
5000.02
Time Data
0
17.612
35.272
52.962
71.667
89.326
107.001
124.691
142.335
159.994
177.669
195.329
214.033
231.661
249.336
267.011
284.67
302.345
320.036
337.695
355.37
373.092
390.782
408.441
426.132
443.807
461.482
479.172
496.847
514.491
532.135
549.81
567.469
585.175
602.85
620.525
638.2
655.906
673.596
691.271
708.962
726.621
744.312
762.002
779.693
797.383
815.121
832.78
850.455
868.161
885.82
903.479
921.108
939.859
957.565
975.24
992.93
1010.59
1028.28
1045.97
1063.66
1082.4
1100.13
1117.82
1135.45
1153.13
1170.8
1188.48
1207.17
1224.84
1242.48
1260.14
1277.79
1295.46
1313.15
1330.83
1349.55
1367.22
1384.9
1402.57
1420.26
1437.97
1455.68
1473.34
1491.03
1508.73
1526.42
1544.14
1561.8
1579.46
1597.12
1614.81
1632.49
1650.16
1667.87
1685.54
1703.23
1720.88
1738.51
1756.2
1773.89
1791.59
1809.22
1826.9
1844.57
1862.26
1879.94
1897.61
1915.3
1933.01
1950.7
1968.39
1986.08
2003.74
2021.41
2039.14
2056.83
2075.53
2093.2
2110.88
2128.55
2146.23
2163.92
2181.58
2199.27
2218.01
2235.67
2253.32
2271.01
Temperature Data
0
0
0
0
0
0
0
0
0
0
0
0
0
0
0
0
0
0
0
0
0
0
0
0
0
0
0
0
0
0
0
0
0
0
0
0
0
0
0
0
0
0
0
0
0
0
0
0
0
0
0
0
0
0
0
0
0
0
0
0
0
0
0
0
0
0
0
0
0
0
0
0
0
0
0
0
0
0
0
0
0
0
0
0
0
0
0
0
0
0
0
0
0
0
0
0
0
0
0
0
0
0
0
0
0
0
0
0
0
0
0
0
0
0
0
0
0
0
0
0
0
0
0
0
0
0
0
0
0
Angle Data
0
0
0
0
0
0
0
0
0
0
0
0
0
0
0
0
0
0
0
0
0
0
0
0
0
0
0
0
0
0
0
0
0
0
0
0
0
0
0
0
0
0
0
0
0
0
0
0
0
0
0
0
0
0
0
0
0
0
0
0
0
0
0
0
0
0
0
0
0
0
0
0
0
0
0
0
0
0
0
0
0
0
0
0
0
0
0
0
0
0
0
0
0
0
0
0
0
0
0
0
0
0
0
0
0
0
0
0
0
0
0
0
0
0
0
0
0
0
0
0
0
0
0
0
0
0
0
0
0
Bx Data
0
0
0
0
0
0
0
0
0
0
0
0
0
0
0
0
0
0
0
0
0
0
0
0
0
0
0
0
0
0
0
0
0
0
0
0
0
0
0
0
0
0
0
0
0
0
0
0
0
0
0
0
0
0
0
0
0
0
0
0
0
0
0
0
0
0
0
0
0
0
0
0
0
0
0
0
0
0
0
0
0
0
0
0
0
0
0
0
0
0
0
0
0
0
0
0
0
0
0
0
0
0
0
0
0
0
0
0
0
0
0
0
0
0
0
0
0
0
0
0
0
0
0
0
0
0
0
0
0
Hint Data
0
0
0
0
0
0
0
0
0
0
0
0
0
0
0
0
0
0
0
0
0
0
0
0
0
0
0
0
0
0
0
0
0
0
0
0
0
0
0
0
0
0
0
0
0
0
0
0
0
0
0
0
0
0
0
0
0
0
0
0
0
0
0
0
0
0
0
0
0
0
0
0
0
0
0
0
0
0
0
0
0
0
0
0
0
0
0
0
0
0
0
0
0
0
0
0
0
0
0
0
0
0
0
0
0
0
0
0
0
0
0
0
0
0
0
0
0
0
0
0
0
0
0
0
0
0
0
0
0
Torque Data
0.055766334596
0.05242344
0.0346669274595
0.04098718
0.0253562074227
0.02975463
0.0229605636898
0.0188197264554
0.0142392348927
0.0085315110602
0.00589842691368
0.00485789254965
0.0012282705834
0.00118139374612
0.0008617122753
0.00116079904338
0.00066985242674
0.00084899767988
0.00084445447204
0.00054116686279
0.00048923112304
0.00036086711936
0.000460623618125
0.00055874227895
0.00057408975316
0.000415884823081
0.000409693137352
0.000316378968948
0.00022219044558
0.000161354069792
0.000097552507332
3.78488980947E-05
-1.62963473782E-08
-0.000035716885755
-0.000074868640438
-0.000172523825462
-0.000179875390396
-0.000286828399065
-0.000220017933632
-0.000217625180122
-0.0001285552
-0.000339889877655
-0.00041866718663
-0.00070076577054
-0.0007427343787
-0.00038185747464
-0.00050135774315
-0.00062656767709
-0.00045242522764
-0.0007814407
-0.0008960724
-0.00112887598278
-0.0011654133078
-0.00279240919323
-0.0032663953266
-0.0052405128634
-0.004016924632
-0.0134068778796
-0.0118647492666
-0.013976193174
-0.0210763159776
-0.0220700601576
-0.0244933406344
-0.0227900135434
-0.0334502838006
-0.025334362
-0.022931118
-0.02371884
-0.026718152
-0.0135898047005
-0.0117282428912
-0.0168265575153
-0.0072526457073
-0.0065020995561
-0.00296589144291
-0.00321858762696
-0.0009269256514
-0.00106724536572
-0.00069093336146
-0.00063714605206
-0.00041122142985
-0.00050639474798
-0.00053606
-0.0005424029
-0.000725556
-0.00063256684934
-0.000478742606275
-0.000478497724905
-0.0004100769244
-0.000548086295604
-0.000358784957034
-0.000281082007416
-0.000177194128946
-0.000175224949228
-0.000094601088846
-0.000055839833504
-2.41959168675E-11
0.000039678850935
0.000140969209595
0.000147341126574
0.000188641044328
0.000359535
0.00029985199065
0.0002880693453
0.000440611919422
0.00034676330568
0.000478268
0.00055127661156
0.00022945822424
0.0005802249264
0.000546742
0.000635862
0.0005027776
0.0003996377
0.0005021127895
0.0004439326635
0.00032711490665
0.00147630768384
0.0038338083377
0.0055742658159
0.0051928056972
0.0090323361114
0.0190802987704
0.0231601243998
0.0191308245336
0.0204391897872
0.030902067152
0.030203961321
0.034976139904
dMdH Data
-2.96640251981102E-08
-2.78825529361766E-08
-4.01257531438286E-08
-3.21161970950726E-08
-3.29120728018201E-08
-2.88492787680308E-08
-0.0000000351075
-3.21300000000001E-08
-0.0000000339875
-3.04925762314406E-08
-3.21770173447398E-08
-3.35554194427431E-08
-4.3330331231861E-08
-7.4277716684996E-08
1.72669067627052E-07
-8.3900000000001E-08
9.00000000000618E-10
-3.93921215756846E-08
9.4047023511756E-08
-8.99820035992877E-09
-2.1799999999999E-08
8.14056983988876E-08
-1.05376817100239E-07
6.42961422314675E-08
-7.46074607460756E-08
9.23120005600733E-08
-9.63038521540873E-08
5.10877389426533E-08
3.60050407056991E-08
6.49980500584917E-09
4.79929450371035E-09
-4.59972492725186E-09
-9.09297160130526E-08
2.66975972162508E-08
1.19208344584122E-07
-1.40570480199157E-07
2.02518226640396E-07
-2.10510525526276E-07
8.85221305326333E-08
-3.53961064282919E-08
-8.29991700083057E-09
-2.83974442300192E-08
4.91999999999995E-08
7.84921507849216E-08
-4.57000000000012E-08
-9.59904009599033E-08
1.33826765353071E-07
-2.86999999999992E-08
-1.81018101810185E-08
-5.400000000001E-09
-1.0377924415117E-07
3.75924815037005E-08
-3.31594197101551E-08
-3.10268018969574E-08
-0.000000030755
-3.53774999999999E-08
-3.21275000000001E-08
-3.60849999999999E-08
-3.48400000000001E-08
-0.0000000324925
-3.73174999999999E-08
-0.00000003277
-2.6780669516738E-08
-3.430414239644E-08
-4.25503724813758E-08
-3.00350000000001E-08
-0.00000003474
-0.0000000333625
-3.40691482712931E-08
-0.0000000352725
-3.71450000000001E-08
-0.0000000321425
-3.27200000000001E-08
-3.62072284457866E-08
-3.42125855314639E-08
-3.1922659613298E-08
-1.77642113690953E-07
5.53055305530533E-08
-5.29999999999997E-08
-1.33999999999998E-07
-2.23977602239779E-08
-5.45109021804377E-08
-3.89999999999988E-08
-7.20999999999995E-08
-6.27937206279366E-08
-2.63013150657554E-08
-7.61923807619229E-08
-1.90217119540758E-07
4.89088035846454E-08
1.7901611145003E-08
-1.32940176920387E-07
-6.10164744480857E-09
-3.55911022244433E-08
-1.67825173776068E-07
-6.09066997369704E-08
3.76985112848469E-08
-1.10283401248035E-07
-7.59939204863651E-09
-5.30137835837314E-08
-2.14974203095626E-08
-9.41084697622776E-08
-2.7990483235707E-09
-1.15904636185448E-07
-2.65010600424015E-08
-5.140308418505E-08
-6.50130026005217E-08
-9.65903409659038E-08
-4.38956104389562E-08
-8.09999999999986E-08
1.13822764552911E-07
-0.0000001012
-0.0000001439
4.41999999999993E-08
-1.56784321567843E-07
2.80056011202231E-08
-3.9984006397442E-08
-3.26920913488581E-08
-3.92823035884821E-08
-0.000000032745
-3.38666533336667E-08
-0.00000003146725
-0.0000000402275
-0.000000032384
-0.00000003465
-3.42828570714268E-08
-3.48201294967626E-08
-0.00000003434815
-0.000000029901825
-0.000000029901825
dMdT Data
0
0
0
0
0
0
0
0
0
0
0
0
0
0
0
0
0
0
0
0
0
0
0
0
0
0
0
0
0
0
0
0
0
0
0
0
0
0
0
0
0
0
0
0
0
0
0
0
0
0
0
0
0
0
0
0
0
0
0
0
0
0
0
0
0
0
0
0
0
0
0
0
0
0
0
0
0
0
0
0
0
0
0
0
0
0
0
0
0
0
0
0
0
0
0
0
0
0
0
0
0
0
0
0
0
0
0
0
0
0
0
0
0
0
0
0
0
0
0
0
0
0
0
0
0
0
0
0
0
 
*********************************************** Results ***************************************
 
TotalArea 0.191533598797203
AreaFirstQuad 0.165778314730713
AreaSecondQuad 2.54242021247543E-02
AreaThirdQuad 0
AreaFourthQuad 3.31081941735984E-04
Coercivity 4933.64645925458
PositiveCoercivity 0
NegativeCoercivity 4933.64645925458
Retentivity 8.84799161528114E-06
PositiveRetentivity 1.90233982668144E-04
NegativeRetentivity 1.72537999437582E-04
Magnetization 0.000175895845
PositiveMagnetization 0.000349807
NegativeMagnetization -0.00000198469
Flatness -33.8713336170607
Squareness 5.03024481066119E-02
SStar 1.0599762049407
SFD1 1.02998810247035
SFD2 0.514833758555081
Slope 0
Intercept 0
SlopeAtHc -0.000000029901825
dH1 -147.950695572614
dH2 2540.00775
InitialSlope -2.96640251981102E-08
FieldAtHalfMs 0
FieldAtMs -5000.02
MomentMean 1.80419279457364E-04
MomentRMS 6.27903808541534E-05
SFD3 1.04344134467033
dH3 -214.324236318036
UserField1 0
UserField2 0
CenterField 0
ExchangeField 0
ExchangeMoment 0
ExRegionOneIntercept 0
ExRegionOneSlope 0
ExRegionTwoIntercept 0
ExRegionTwoSlope 0
NegativeIntercept 0
NegativeSlope 0
AutoCenterOffset 0
PinningField 0
PinningMoment 0
PinRegionOneIntercept 0
PinRegionOneSlope 0
PinRegionTwoIntercept 0
PinRegionTwoSlope 0
PositiveIntercept 0
PositiveSlope 0
TotalOffset 0
BHMax 0
BCoercivity 0
BRetentivity 0
BNegativeCoercivity 0
BPositiveCoercivity 0
BNegativeRetentivity 0
BPositiveRetentivity 0
MomentYMean 5.20898418604651E-06
MomentYRMS 1.8323302860952E-06
YOffCorrection 0
Mrt 0
Ms1 0
Ms2 0
Ms3 0
Hc2 0
Hex2 0
HsatValue 0
HsatIntercept 0
HsatSlope 0
CenterH 0
Span .00035179169
SpanAsPercentOfRange -27.0608992307692
RMSAsPercentOfRange -4.83002929647334
SpanAsPercentOfMean 194.985641810599
RMSAsPercentOfMean 34.8024784507532
