Version 1.25
******************************************** Units *******************************************
System CGS
TemperatureUnit K
MomentUnit emu
AppliedFieldUnit G
 
******************************************** Setup ********************************************
 
Experiment CustomField
Minor False
Acquisition PointByPoint
EditedPoint No
MaxField 5000
FieldIncrement 100
Points 129
MinField 0
RampRate 10
AverageTime 10
TimeInterval 0
TimeConstant 0.1
TimeConstantIndex 0
Sensitivity -0.0013
SensitivityIndex 5
SensitivityY -4
SensitivityIndexY 0
SaturationField 8000
ExperimentTime 1290
Use735Domains False
AutoRangeEnabled False
NumberOfVertices 7
VertexPts
0
12
52
64
76
116
128
VertexField
5000
200
-200
-5000
-200
200
5000
StartAngle 0
EndAngle 0
AngleIncrement 0
StartTemp 0
FinishTemp 0
TempIncrement 0
TempPoints 0
LengthofSetPointsArray 129
SetPointArray
5000
4600
4200
3800
3400
3000
2600
2200
1800
1400
1000
600
200
190
180
170
160
150
140
130
120
110
100
90
80
70
60
50
40
30
20
10
0
-10
-20
-30
-40
-50
-60
-70
-80
-90
-100
-110
-120
-130
-140
-150
-160
-170
-180
-190
-200
-600
-1000
-1400
-1800
-2200
-2600
-3000
-3400
-3800
-4200
-4600
-5000
-4600
-4200
-3800
-3400
-3000
-2600
-2200
-1800
-1400
-1000
-600
-200
-190
-180
-170
-160
-150
-140
-130
-120
-110
-100
-90
-80
-70
-60
-50
-40
-30
-20
-10
0
10
20
30
40
50
60
70
80
90
100
110
120
130
140
150
160
170
180
190
200
600
1000
1400
1800
2200
2600
3000
3400
3800
4200
4600
5000
FieldDomainFile c:\Ideasvsm\Default UserID\Experiments\Hannah_5kG\fdomain.ini
TempDomainFile c:\Ideasvsm\Default UserID\Experiments\Hannah_5kG\tdomain.ini
NumSelectedResults 0
ResultsSelected 
UserName1 
UserValue1 
UserName2 
UserValue2 
LinearBackgroundCorrection Off
MaxLinearFieldCorrection 
MinLinearFieldCorrection 
AutoLinearCorrection Off
FitOneRegion Off
BackgroundMode Off
BackgroundFilename 
AutoCenter Off
OffsetCorrection 
SmoothDeriv Off
DerivOrder 0
DerivPoints 0
MinExFieldOne 
MaxExFieldOne 
MinExFieldTwo 
MaxExFieldTwo 
MinPinFieldOne 
MaxPinFieldOne 
MinPinFieldTwo 
MaxPinFieldTwo 
HCenterStart 
Mass 
Volume 
Density 
MolarWeight 
NumberOfMoles 
Demagnetization 
SampleArea 
Thickness 
MomentScaling 0
XAxis 0
YAxis 0
SimpleSpinValve False
HsatMax 0
HsatMin 0
FieldAutoRange True
 
*************************************************** Experiment Data ********************************************
 
DataPoints 129
MomentX Data
0.0000210064
0.0000321125
0.0000414945
0.0000520977
0.0000621464
0.0000728647
0.0000821773
0.0000928774
0.000102566
0.000113255
0.000123794
0.000134473
0.000144664
0.000144517
0.000144219
0.000145117
0.000146075
0.000145745
0.000146555
0.000146777
0.000146561
0.000147565
0.000147071
0.000147159
0.000147812
0.000147545
0.000148058
0.000148052
0.000148755
0.000148871
0.000148898
0.000149704
0.00014959
0.000149839
0.000150052
0.000149679
0.000150785
0.000151824
0.000151345
0.000151358
0.000151999
0.000151591
0.000152321
0.000152336
0.000152527
0.000151895
0.000153438
0.000153068
0.000154295
0.000153893
0.000153972
0.000154069
0.000154271
0.000164685
0.000175165
0.000186141
0.000197228
0.000208141
0.000216866
0.000229075
0.000238159
0.000250426
0.000258635
0.000270348
0.000281048
0.000268072
0.000258822
0.000245995
0.000237083
0.000226231
0.000216084
0.000206185
0.000195929
0.000185146
0.000176112
0.000164956
0.000155893
0.000153818
0.000153605
0.000153973
0.000152682
0.000153143
0.000151995
0.0001525
0.000151941
0.000151384
0.000152349
0.000150963
0.000149671
0.000150949
0.000149289
0.000150413
0.000149776
0.000149864
0.000149533
0.000149821
0.000149791
0.00014842
0.000148611
0.000148258
0.000147534
0.000148312
0.000147436
0.000147811
0.000147329
0.000147207
0.00014649
0.00014643
0.000145156
0.000145915
0.000145181
0.000145376
0.000145544
0.000144845
0.000144651
0.000144238
0.000143941
0.00013371
0.000124778
0.000113615
0.000101989
0.0000916002
0.0000817373
0.000070443
0.0000600036
0.0000498489
0.0000379644
0.0000278623
0.0000170205
MomentY Data
0.00000926495
0.00000974655
0.00000832558
0.00000849247
0.00000777245
0.00000889301
0.00000840664
0.00000885963
0.00000732422
0.00000746727
0.00000686646
0.00000810623
0.00000916481
0.00000709057
0.00000794411
0.00000730038
0.00000814438
0.00000888824
0.00000655174
0.0000063467
0.00000611305
0.00000705719
0.00000770569
0.00000940323
0.0000094223
0.00000734329
0.0000102234
0.00000876427
0.00000967026
0.00000976563
0.00000760078
0.00000780106
0.00000871658
0.00000794411
0.0000093174
0.00000917435
0.0000079155
0.00000915527
0.00000677109
0.00000774384
0.00000772476
0.00000832558
0.00000874996
0.00000897408
0.00000823021
0.0000099659
0.00000864029
0.00000951767
0.00000919342
0.00000795364
0.0000101852
0.00000753403
0.00000762939
0.00000558853
0.00000654221
0.00000642776
0.00000653744
0.00000844002
0.00000751495
0.00000756741
0.0000088501
0.00000771523
0.0000062418
0.00000769615
0.00000861645
0.00000814438
0.00000574112
0.00000938416
0.00000891685
0.00000598907
0.00000840187
0.00000769615
0.00000635147
0.00000583649
0.00000340939
0.00000310421
0.00000483513
0.0000054121
0.00000706673
0.00000726223
0.00000656128
0.00000644207
0.00000566959
0.000006423
0.00000597477
0.00000632763
0.00000684738
0.00000762939
0.00000736237
0.00000747681
0.00000810146
0.00000776768
0.0000056982
0.00000692844
0.00000668526
0.00000801086
0.00000832558
0.0000070858
0.00000599384
0.00000738144
0.00000603199
0.00000634193
0.00000512123
0.00000653744
0.00000571728
0.00000714302
0.00000570297
0.00000608921
0.00000527859
0.00000550747
0.00000443459
0.0000067997
0.00000496864
0.00000646591
0.00000588894
0.0000063324
0.00000702381
0.00000720978
0.00000715733
0.00000618458
0.00000695705
0.00000882626
0.00000936508
0.00000897884
0.00000788689
0.0000068903
0.00000781536
0.00000799179
0.00000939369
Field Data
5000.02
4600
4200
3800
3399.99
2999.99
2599.99
2199.99
1799.99
1399.99
999.989
599.987
199.987
189.998
179.998
170.001
160
149.994
139.997
129.998
119.998
109.999
99.9996
89.9981
79.9958
69.9991
59.9982
50.0008
39.9981
30.0004
19.9979
9.99684
-0.00141246
-10.002
-20.0025
-30.0001
-40.0017
-50.0005
-59.9992
-70.0033
-79.9984
-90.0014
-100.002
-109.999
-120.001
-130.001
-140
-149.999
-160.001
-170.001
-180.002
-190.001
-200.002
-600.01
-1000.01
-1400.02
-1800.02
-2200.01
-2600.02
-3000.02
-3400.02
-3800.02
-4200.02
-4600.02
-5000.01
-4600
-4200
-3799.99
-3400
-2999.99
-2599.99
-2199.99
-1799.98
-1399.99
-999.986
-599.988
-199.99
-189.998
-179.996
-169.998
-159.998
-149.998
-139.996
-129.998
-119.997
-109.993
-99.9975
-89.9979
-80.0015
-70.0018
-59.9997
-50.0027
-39.9977
-30.0007
-19.9998
-9.99965
0.00152593
10.0042
20.0008
30.0037
40.0041
50.0006
60.0053
70.0004
80.0022
90.0005
100.001
110.001
120.005
130.002
140
149.999
160.001
170.001
180.002
190.005
200.002
600.008
1000.01
1400.01
1800.02
2200.02
2600.02
3000.01
3400.02
3800.02
4200.02
4600.01
5000.02
Time Data
0
17.675
35.334
53.025
71.698
89.342
107.001
124.645
142.32
159.995
177.701
195.376
214.065
231.755
249.477
267.105
284.827
302.502
320.177
337.836
355.526
373.217
390.892
408.582
426.257
443.932
461.623
479.313
496.988
514.663
532.338
550.013
567.688
585.331
603.006
620.712
638.387
656
673.659
691.365
709.025
726.746
744.452
762.127
779.818
797.508
815.199
832.858
850.502
868.146
885.821
903.527
921.202
939.891
957.581
975.287
992.962
1010.7
1028.36
1046.05
1063.74
1082.43
1100.1
1117.73
1135.42
1153.08
1170.76
1188.45
1207.14
1224.81
1242.52
1260.18
1277.84
1295.54
1313.23
1330.88
1349.6
1367.3
1384.99
1402.67
1420.31
1437.99
1455.64
1473.32
1490.99
1508.7
1526.38
1544.05
1561.77
1579.46
1597.14
1614.81
1632.5
1650.16
1667.84
1685.53
1703.22
1720.91
1738.6
1756.31
1774
1791.69
1809.33
1827.02
1844.73
1862.39
1880.08
1897.8
1915.52
1933.16
1950.89
1968.61
1986.28
2003.94
2021.65
2039.32
2056.98
2075.7
2093.39
2111.07
2128.77
2146.43
2164.09
2181.77
2199.47
2218.19
2235.87
2253.56
2271.25
Temperature Data
0
0
0
0
0
0
0
0
0
0
0
0
0
0
0
0
0
0
0
0
0
0
0
0
0
0
0
0
0
0
0
0
0
0
0
0
0
0
0
0
0
0
0
0
0
0
0
0
0
0
0
0
0
0
0
0
0
0
0
0
0
0
0
0
0
0
0
0
0
0
0
0
0
0
0
0
0
0
0
0
0
0
0
0
0
0
0
0
0
0
0
0
0
0
0
0
0
0
0
0
0
0
0
0
0
0
0
0
0
0
0
0
0
0
0
0
0
0
0
0
0
0
0
0
0
0
0
0
0
Angle Data
0
0
0
0
0
0
0
0
0
0
0
0
0
0
0
0
0
0
0
0
0
0
0
0
0
0
0
0
0
0
0
0
0
0
0
0
0
0
0
0
0
0
0
0
0
0
0
0
0
0
0
0
0
0
0
0
0
0
0
0
0
0
0
0
0
0
0
0
0
0
0
0
0
0
0
0
0
0
0
0
0
0
0
0
0
0
0
0
0
0
0
0
0
0
0
0
0
0
0
0
0
0
0
0
0
0
0
0
0
0
0
0
0
0
0
0
0
0
0
0
0
0
0
0
0
0
0
0
0
Bx Data
0
0
0
0
0
0
0
0
0
0
0
0
0
0
0
0
0
0
0
0
0
0
0
0
0
0
0
0
0
0
0
0
0
0
0
0
0
0
0
0
0
0
0
0
0
0
0
0
0
0
0
0
0
0
0
0
0
0
0
0
0
0
0
0
0
0
0
0
0
0
0
0
0
0
0
0
0
0
0
0
0
0
0
0
0
0
0
0
0
0
0
0
0
0
0
0
0
0
0
0
0
0
0
0
0
0
0
0
0
0
0
0
0
0
0
0
0
0
0
0
0
0
0
0
0
0
0
0
0
Hint Data
0
0
0
0
0
0
0
0
0
0
0
0
0
0
0
0
0
0
0
0
0
0
0
0
0
0
0
0
0
0
0
0
0
0
0
0
0
0
0
0
0
0
0
0
0
0
0
0
0
0
0
0
0
0
0
0
0
0
0
0
0
0
0
0
0
0
0
0
0
0
0
0
0
0
0
0
0
0
0
0
0
0
0
0
0
0
0
0
0
0
0
0
0
0
0
0
0
0
0
0
0
0
0
0
0
0
0
0
0
0
0
0
0
0
0
0
0
0
0
0
0
0
0
0
0
0
0
0
0
Torque Data
0.046324935299
0.04483413
0.034967436
0.032271386
0.0264262522755
0.0266789410699
0.0218571799336
0.0194910974037
0.0131835227578
0.0104541033273
0.00686638446894
0.00486363261901
0.00183284285747
0.00134719411886
0.00142992391178
0.00124107190038
0.0013031008
0.00133318267056
0.00091722394478
0.0008250583066
0.0007335537739
0.00077628384281
0.000770565917724
0.000846272833863
0.00075374442634
0.000514023691039
0.00061338559788
0.000438220511416
0.000386792026506
0.000292972806252
0.000151999638362
7.79859486504E-05
-1.23118205868E-08
-0.00007945698822
-0.0001863712935
-0.000275231417435
-0.00031663345635
-0.000457768077635
-0.000406259983128
-0.000542094354672
-0.000617968440384
-0.000749313855812
-0.00087501349992
-0.00098713982592
-0.00098763343021
-0.0012955769659
-0.0012096406
-0.00142764098233
-0.00147095639342
-0.00135212675364
-0.0018333563704
-0.00143147323403
-0.00152589325878
-0.0033531738853
-0.0065422754221
-0.0089989925552
-0.0117675227488
-0.0185681284002
-0.019539020299
-0.0227023813482
-0.030090517002
-0.0293180283046
-0.026215684836
-0.035402443923
-0.0430823361645
-0.037464148
-0.024112704
-0.0356597141584
-0.03031729
-0.0179671501093
-0.0218447779813
-0.0169314530385
-0.0114325189706
-0.0081710276351
-0.00340934226854
-0.00186248874948
-0.0009669776487
-0.0010282881758
-0.00127198313308
-0.00123456457554
-0.00104979167744
-0.00096629761586
-0.00079371992164
-0.000834977154
-0.00071695447569
-0.00069599500659
-0.00068472088155
-0.000686629078281
-0.000589000643555
-0.000523390158258
-0.000486085169562
-0.000388404972736
-0.00022791489414
-0.000207858049908
-0.000133703862948
-0.000080105796199
1.27042522894E-08
0.00007088776036
0.000119881595072
0.000221470511328
0.000241304331159
0.000317100305158
0.000307300942519
0.000457623414976
0.000457394978016
0.00064287537151
0.00057030270297
0.00066981918921
0.00063345719295
0.00071598211494
0.0006208426
0.0010199482003
0.00079498736864
0.00109921116591
0.00106002097788
0.001203187662
0.00140477604762
0.00432592567824
0.0071574015733
0.0086584738458
0.012522829141
0.0194179485252
0.0243493953016
0.0269366097884
0.0268155837378
0.026183277806
0.0328246683072
0.0367623139179
0.0469686378738
dMdH Data
-2.77638618069096E-08
-0.000000023455
-0.000000026508
-2.51211219719507E-08
-0.00000002679575
-0.0000000232815
-0.00000002675025
-0.0000000242215
-0.0000000267225
-2.63474341314146E-08
-2.66973665131675E-08
-0.0000000254775
1.47161878065856E-08
2.98000000000003E-08
-8.98269480844245E-08
-9.57904209579055E-08
3.29802118728782E-08
-8.10243072921892E-08
-2.2202220222022E-08
2.16000000000013E-08
-1.00410041004101E-07
4.94029641778506E-08
-8.79868019797062E-09
-6.52849844535739E-08
2.67088139085874E-08
-5.12953834154926E-08
6.00156040571864E-10
-7.02810241234877E-08
-1.16026686137795E-08
-2.69932516870968E-09
-8.05914573055234E-08
1.14019925438029E-08
-2.48985371113496E-08
-2.12989350532466E-08
3.73089541489949E-08
-1.10582306830906E-07
-1.03912469496341E-07
4.79062278096159E-08
-1.29946721844193E-09
-6.41314243979532E-08
4.07877636708987E-08
-7.29956202627844E-08
-1.50045013504245E-09
-1.90961807638471E-08
6.32000000000003E-08
-1.54315431543153E-07
3.70037003700368E-08
-1.22675464907021E-07
4.02000000000014E-08
-7.8992100789918E-09
-9.70097009701065E-09
-2.0197980201978E-08
-2.60344793104138E-08
-0.0000000262
-2.74393140171496E-08
-0.0000000277175
-2.7283182079552E-08
-2.18119547011324E-08
-0.0000000305225
-0.00000002271
-0.0000000306675
-0.0000000205225
-0.0000000292825
-2.67506687667192E-08
-3.24391890202745E-08
-0.000000023125
-3.20666983325417E-08
-2.22805570139254E-08
-2.71293217669558E-08
-0.0000000253675
-0.0000000247475
-2.56393590160247E-08
-2.69581739543488E-08
-2.25847741522585E-08
-2.78901394506972E-08
-2.26576132880665E-08
-2.07666132906323E-07
-2.12957408518317E-08
3.68073614722965E-08
-0.0000001291
4.60999999999994E-08
-1.14777044591082E-07
5.05101020204022E-08
-5.58944105589434E-08
-5.56777289084354E-08
9.65434445500464E-08
-1.38605544221769E-07
-1.29246528750349E-07
1.27803834115022E-07
-1.65965147319061E-07
1.12433730119036E-07
-6.36681659170416E-08
8.80264079223528E-09
-3.30970212680839E-08
2.8799568006478E-08
-2.99964726247791E-09
-1.37063348301222E-07
1.91064962087108E-08
-3.52897659678695E-08
-7.23971041158342E-08
7.78272395338367E-08
-8.7558847341749E-08
3.75183840081636E-08
-4.81913255613989E-08
-1.22020743526396E-08
-7.16964151792424E-08
-5.9999999999996E-09
-1.2734906037585E-07
7.59227768330495E-08
-7.34146829365857E-08
1.95019501950203E-08
1.67966406718645E-08
-6.99000000000001E-08
-1.93980601939798E-08
-4.1287613715885E-08
-2.97089126738035E-08
-2.55771163432549E-08
-2.23298883505582E-08
-0.0000000279075
-2.90642733931652E-08
-0.000000025972
-0.00000002465725
-2.82364559113978E-08
-2.60978475538112E-08
-0.00000002538675
-0.00000002971125
-2.52558813970349E-08
-2.71038224044399E-08
-2.71038224044399E-08
dMdT Data
0
0
0
0
0
0
0
0
0
0
0
0
0
0
0
0
0
0
0
0
0
0
0
0
0
0
0
0
0
0
0
0
0
0
0
0
0
0
0
0
0
0
0
0
0
0
0
0
0
0
0
0
0
0
0
0
0
0
0
0
0
0
0
0
0
0
0
0
0
0
0
0
0
0
0
0
0
0
0
0
0
0
0
0
0
0
0
0
0
0
0
0
0
0
0
0
0
0
0
0
0
0
0
0
0
0
0
0
0
0
0
0
0
0
0
0
0
0
0
0
0
0
0
0
0
0
0
0
0
 
*********************************************** Results ***************************************
 
TotalArea 1.30591678795434E-02
AreaFirstQuad 7.56813396931056E-03
AreaSecondQuad 5.49103391023292E-03
AreaThirdQuad 0
AreaFourthQuad 0
Coercivity 0
PositiveCoercivity 0
NegativeCoercivity 0
Retentivity 1.00494236196676E-07
PositiveRetentivity 1.49590016104858E-04
NegativeRetentivity 1.49791004577252E-04
Magnetization 0.000281048
PositiveMagnetization 0.000281048
NegativeMagnetization 0.0000170205
Flatness -1487.54324154569
Squareness 3.57569654282101E-04
SStar 0
SFD1 0
SFD2 0
Slope 0
Intercept 0
SlopeAtHc -2.71038224044399E-08
dH1 0
dH2 40.00105
InitialSlope -2.77638618069096E-08
FieldAtHalfMs 0
FieldAtMs -5000.01
MomentMean 1.48402124806202E-04
MomentRMS 4.84604210625667E-05
SFD3 0
dH3 0
UserField1 0
UserField2 0
CenterField 0
ExchangeField 0
ExchangeMoment 0
ExRegionOneIntercept 0
ExRegionOneSlope 0
ExRegionTwoIntercept 0
ExRegionTwoSlope 0
NegativeIntercept 0
NegativeSlope 0
AutoCenterOffset 0
PinningField 0
PinningMoment 0
PinRegionOneIntercept 0
PinRegionOneSlope 0
PinRegionTwoIntercept 0
PinRegionTwoSlope 0
PositiveIntercept 0
PositiveSlope 0
TotalOffset 0
BHMax 0
BCoercivity 0
BRetentivity 0
BNegativeCoercivity 0
BPositiveCoercivity 0
BNegativeRetentivity 0
BPositiveRetentivity 0
MomentYMean 7.45126457364341E-06
MomentYRMS 1.39049306423567E-06
YOffCorrection 0
Mrt 0
Ms1 0
Ms2 0
Ms3 0
Hc2 0
Hex2 0
HsatValue 0
HsatIntercept 0
HsatSlope 0
CenterH 0
Span .0002640275
SpanAsPercentOfRange -20.3098076923077
RMSAsPercentOfRange -3.72772469712051
SpanAsPercentOfMean 177.913557736989
RMSAsPercentOfMean 32.6548027030281
