Version 1.25
******************************************** Units *******************************************
System CGS
TemperatureUnit K
MomentUnit emu
AppliedFieldUnit G
 
******************************************** Setup ********************************************
 
Experiment CustomField
Minor False
Acquisition PointByPoint
EditedPoint No
MaxField 5000
FieldIncrement 100
Points 129
MinField 0
RampRate 10
AverageTime 10
TimeInterval 0
TimeConstant 0.1
TimeConstantIndex 0
Sensitivity -0.0013
SensitivityIndex 5
SensitivityY -4
SensitivityIndexY 0
SaturationField 8000
ExperimentTime 1290
Use735Domains False
AutoRangeEnabled False
NumberOfVertices 7
VertexPts
0
12
52
64
76
116
128
VertexField
5000
200
-200
-5000
-200
200
5000
StartAngle 0
EndAngle 0
AngleIncrement 0
StartTemp 0
FinishTemp 0
TempIncrement 0
TempPoints 0
LengthofSetPointsArray 129
SetPointArray
5000
4600
4200
3800
3400
3000
2600
2200
1800
1400
1000
600
200
190
180
170
160
150
140
130
120
110
100
90
80
70
60
50
40
30
20
10
0
-10
-20
-30
-40
-50
-60
-70
-80
-90
-100
-110
-120
-130
-140
-150
-160
-170
-180
-190
-200
-600
-1000
-1400
-1800
-2200
-2600
-3000
-3400
-3800
-4200
-4600
-5000
-4600
-4200
-3800
-3400
-3000
-2600
-2200
-1800
-1400
-1000
-600
-200
-190
-180
-170
-160
-150
-140
-130
-120
-110
-100
-90
-80
-70
-60
-50
-40
-30
-20
-10
0
10
20
30
40
50
60
70
80
90
100
110
120
130
140
150
160
170
180
190
200
600
1000
1400
1800
2200
2600
3000
3400
3800
4200
4600
5000
FieldDomainFile c:\Ideasvsm\Default UserID\Experiments\Hannah_5kG\fdomain.ini
TempDomainFile c:\Ideasvsm\Default UserID\Experiments\Hannah_5kG\tdomain.ini
NumSelectedResults 0
ResultsSelected 
UserName1 
UserValue1 
UserName2 
UserValue2 
LinearBackgroundCorrection Off
MaxLinearFieldCorrection 
MinLinearFieldCorrection 
AutoLinearCorrection Off
FitOneRegion Off
BackgroundMode Off
BackgroundFilename 
AutoCenter Off
OffsetCorrection 
SmoothDeriv Off
DerivOrder 0
DerivPoints 0
MinExFieldOne 
MaxExFieldOne 
MinExFieldTwo 
MaxExFieldTwo 
MinPinFieldOne 
MaxPinFieldOne 
MinPinFieldTwo 
MaxPinFieldTwo 
HCenterStart 
Mass 
Volume 
Density 
MolarWeight 
NumberOfMoles 
Demagnetization 
SampleArea 
Thickness 
MomentScaling 0
XAxis 0
YAxis 0
SimpleSpinValve False
HsatMax 0
HsatMin 0
FieldAutoRange True
 
*************************************************** Experiment Data ********************************************
 
DataPoints 129
MomentX Data
0.0000145335
0.0000281666
0.0000391059
0.0000493565
0.0000591751
0.0000702429
0.0000809941
0.0000926687
0.000101901
0.000114266
0.000124003
0.000134535
0.000144763
0.000146541
0.000145515
0.000145713
0.000147294
0.000146486
0.000147049
0.000147215
0.000147097
0.000146965
0.000147764
0.000148212
0.000147524
0.000148382
0.00014883
0.000148584
0.000149233
0.000149776
0.000150814
0.000150084
0.000149844
0.00015154
0.000151191
0.0001511
0.000150832
0.000151755
0.000152362
0.000152373
0.000152058
0.000153251
0.000153783
0.000153224
0.000152989
0.000154715
0.000153848
0.000154972
0.000155142
0.000155045
0.000154408
0.000155104
0.0001549
0.000166271
0.00017684
0.00018723
0.000197815
0.000210268
0.000221823
0.000232342
0.000242307
0.000254704
0.000264937
0.000275089
0.000285701
0.000275522
0.000263139
0.000252694
0.000241676
0.000230459
0.00021959
0.000209694
0.000198303
0.000187666
0.000176981
0.000166459
0.000155212
0.000155276
0.000154385
0.000153712
0.00015524
0.000154163
0.000154628
0.000153744
0.000153372
0.000152476
0.000152341
0.000153269
0.000152303
0.000151835
0.000151384
0.000150925
0.000150198
0.000150015
0.00015129
0.00015038
0.000149755
0.000149573
0.000150226
0.000149652
0.00014923
0.000148754
0.00014808
0.000147238
0.000147351
0.000148081
0.000147142
0.000146583
0.000146154
0.000146567
0.00014641
0.000146131
0.000145818
0.00014564
0.000144647
0.000144606
0.000143728
0.000134374
0.000121376
0.000111607
0.00010126
0.0000913843
0.0000782618
0.0000670251
0.0000578618
0.0000451082
0.0000328209
0.000024352
0.0000123145
MomentY Data
0.00000926971
0.00000603676
0.00000529766
0.00000712395
0.00000699043
0.00000739574
0.0000069952
0.00000978947
0.00000740051
0.00000494003
0.00000555992
0.00000258446
0.00000591278
0.00000314713
0.00000642776
0.00000549316
0.00000578403
0.00000619411
0.00000454903
0.00000663757
0.00000598431
0.0000046587
0.00000528812
0.00000611305
0.00000464916
0.00000648975
0.00000522614
0.00000657558
0.00000647545
0.00000564575
0.00000700474
0.00000475407
0.00000458717
0.00000627041
0.00000658035
0.00000687599
0.00000535965
0.00000679016
0.00000603676
0.00000702858
0.00000715256
0.0000062561
0.00000593662
0.00000470638
0.00000701427
0.00000610352
0.00000800133
0.00000641346
0.00000534534
0.0000056982
0.0000053215
0.00000658035
0.00000501156
0.00000484943
0.00000403404
0.00000385761
0.0000033617
0.00000710964
0.00000718594
0.0000071907
0.0000051403
0.00000637531
0.00000627518
0.00000376225
0.00000226498
0.00000578403
0.00000778198
0.00000566483
0.00000795364
0.00000725269
0.00000837326
0.00000680923
0.00000353813
0.00000365257
0.0000028038
0.0000000190735
0.00000289917
0.00000324726
0.00000302792
0.00000448704
0.00000506878
0.00000481606
0.00000458717
0.0000037241
0.00000442982
0.00000288963
0.00000422955
0.0000040102
0.00000436306
0.00000452518
0.00000429153
0.00000272751
0.00000427246
0.00000201225
0.00000284195
0.00000117302
0.000000333786
0.00000125885
0.00000343323
0.00000265598
0.00000484467
0.00000243664
0.00000552654
0.00000444412
0.00000572205
0.00000710011
0.00000673294
0.00000636101
0.00000718117
0.00000872612
0.0000087738
0.00000893593
0.000007658
0.00000769615
0.00000782013
0.00000775814
0.00000815392
0.00000859737
0.00000882149
0.00000697136
0.00000837803
0.00000841141
0.00000878334
0.00000944138
0.00000998497
0.00000754356
0.00000631809
0.00000737667
0.00000745296
Field Data
5000.03
4599.99
4199.99
3800
3399.99
2999.99
2599.99
2200
1799.99
1399.99
999.988
599.991
199.988
189.998
180
170
159.995
150.001
139.998
129.999
120
109.999
100
90.0009
79.9977
70.0002
59.9983
49.9995
39.9993
29.9977
19.9975
9.99662
-0.00160971
-10.0023
-20.0014
-30.0047
-40.0023
-50.0036
-60
-70.0002
-80.0008
-90.0015
-100.003
-110.001
-120
-130.001
-139.997
-150
-159.999
-170.002
-180.002
-190.003
-200.001
-600.009
-1000.01
-1400.01
-1800.01
-2200.02
-2600.02
-3000.01
-3400.02
-3800.01
-4200.02
-4600.01
-5000.02
-4600
-4199.99
-3800
-3400
-2999.99
-2600
-2199.98
-1799.99
-1399.99
-999.991
-599.984
-199.987
-189.996
-179.998
-169.998
-160.002
-150.002
-139.997
-130.001
-120
-109.998
-99.9991
-89.9986
-79.9991
-69.996
-60.0002
-49.9987
-39.9982
-29.9959
-20.0008
-9.9983
-0.000251408
10.0006
19.9981
30.0037
40.0041
50.0013
60.0008
69.9996
80.0023
90.0002
99.9999
110
120.001
130
140.003
150.002
160
170
180
189.997
200.005
600.006
1000.01
1400.02
1800.02
2200.02
2600.02
3000.02
3400.02
3800.02
4200.02
4600.02
5000.02
Time Data
0
17.675
35.366
53.04
71.729
89.42
107.126
124.785
142.476
160.12
177.794
195.501
214.174
231.88
249.555
267.261
284.92
302.611
320.301
338.008
355.636
373.342
391.017
408.676
426.366
444.073
461.716
479.391
497.082
514.725
532.432
550.138
567.813
585.519
603.194
620.884
638.559
656.203
673.878
691.537
709.227
726.918
744.624
762.299
779.958
797.649
815.339
833.045
850.736
868.473
886.179
903.839
921.529
940.249
957.924
975.584
993.29
1010.97
1028.62
1046.31
1064.01
1082.76
1100.46
1118.14
1135.81
1153.5
1171.22
1188.85
1207.6
1225.31
1243
1260.68
1278.37
1296.03
1313.72
1331.38
1350.06
1367.71
1385.38
1403.09
1420.76
1438.45
1456.13
1473.82
1491.5
1509.12
1526.78
1544.46
1562.15
1579.82
1597.51
1615.2
1632.89
1650.54
1668.21
1685.89
1703.55
1721.24
1738.88
1756.54
1774.23
1791.94
1809.61
1827.32
1844.98
1862.62
1880.28
1897.94
1915.6
1933.29
1950.98
1968.67
1986.38
2004.07
2021.73
2039.4
2057.12
2075.8
2093.49
2111.18
2128.81
2146.54
2164.2
2181.89
2199.58
2218.3
2236.01
2253.64
2271.33
Temperature Data
0
0
0
0
0
0
0
0
0
0
0
0
0
0
0
0
0
0
0
0
0
0
0
0
0
0
0
0
0
0
0
0
0
0
0
0
0
0
0
0
0
0
0
0
0
0
0
0
0
0
0
0
0
0
0
0
0
0
0
0
0
0
0
0
0
0
0
0
0
0
0
0
0
0
0
0
0
0
0
0
0
0
0
0
0
0
0
0
0
0
0
0
0
0
0
0
0
0
0
0
0
0
0
0
0
0
0
0
0
0
0
0
0
0
0
0
0
0
0
0
0
0
0
0
0
0
0
0
0
Angle Data
0
0
0
0
0
0
0
0
0
0
0
0
0
0
0
0
0
0
0
0
0
0
0
0
0
0
0
0
0
0
0
0
0
0
0
0
0
0
0
0
0
0
0
0
0
0
0
0
0
0
0
0
0
0
0
0
0
0
0
0
0
0
0
0
0
0
0
0
0
0
0
0
0
0
0
0
0
0
0
0
0
0
0
0
0
0
0
0
0
0
0
0
0
0
0
0
0
0
0
0
0
0
0
0
0
0
0
0
0
0
0
0
0
0
0
0
0
0
0
0
0
0
0
0
0
0
0
0
0
Bx Data
0
0
0
0
0
0
0
0
0
0
0
0
0
0
0
0
0
0
0
0
0
0
0
0
0
0
0
0
0
0
0
0
0
0
0
0
0
0
0
0
0
0
0
0
0
0
0
0
0
0
0
0
0
0
0
0
0
0
0
0
0
0
0
0
0
0
0
0
0
0
0
0
0
0
0
0
0
0
0
0
0
0
0
0
0
0
0
0
0
0
0
0
0
0
0
0
0
0
0
0
0
0
0
0
0
0
0
0
0
0
0
0
0
0
0
0
0
0
0
0
0
0
0
0
0
0
0
0
0
Hint Data
0
0
0
0
0
0
0
0
0
0
0
0
0
0
0
0
0
0
0
0
0
0
0
0
0
0
0
0
0
0
0
0
0
0
0
0
0
0
0
0
0
0
0
0
0
0
0
0
0
0
0
0
0
0
0
0
0
0
0
0
0
0
0
0
0
0
0
0
0
0
0
0
0
0
0
0
0
0
0
0
0
0
0
0
0
0
0
0
0
0
0
0
0
0
0
0
0
0
0
0
0
0
0
0
0
0
0
0
0
0
0
0
0
0
0
0
0
0
0
0
0
0
0
0
0
0
0
0
0
Torque Data
0.0463488280913
0.0277690356324
0.0222501190234
0.02707101
0.0237673920957
0.0221871460426
0.018187450048
0.021536834
0.0133208439949
0.0069159925997
0.00555985328096
0.00155065273986
0.00118248504664
0.00059794840574
0.0011569968
0.0009338372
0.00092541587985
0.00092912269411
0.00063685510194
0.00086287746243
0.0007181172
0.0005124523413
0.000528812
0.000550180001745
0.000371922106932
0.00045428379795
0.000313559515562
0.00032877571221
0.000259013467185
0.000169359514775
0.00014007728815
4.75246312434E-05
-7.3840134207E-09
-0.000062718521943
-0.00013161621249
-0.000206312017153
-0.000214398327195
-0.000339532444576
-0.0003622056
-0.000492002005716
-0.000572210522048
-0.00056305838415
-0.00059367980986
-0.00051770650638
-0.0008417124
-0.00079346370352
-0.00112016219601
-0.000962019
-0.00085524905466
-0.0009687053964
-0.000957880643
-0.00125028624105
-0.00100231701156
-0.00290970164487
-0.0040340803404
-0.0054006925761
-0.006051093617
-0.0156413501928
-0.0186835877188
-0.021572171907
-0.017477122806
-0.0242262417531
-0.0263558815036
-0.0173063876225
-0.0113249452996
-0.026606538
-0.0326842381802
-0.021526354
-0.027042376
-0.0217579974731
-0.021770476
-0.0149801698154
-0.0063685986187
-0.0051135614743
-0.0028037747658
-0.000011443794824
-0.00057979631079
-0.00061696641096
-0.00054501954416
-0.00076278782592
-0.00081101493756
-0.00072241863212
-0.00064219003849
-0.0004841367241
-0.0005315784
-0.00031785352074
-0.000422951193405
-0.00036091238572
-0.000349040873246
-0.00031674449928
-0.000257492658306
-0.000136371954237
-0.000170890709572
-0.000060359249775
-0.00005684127356
-0.000011728205866
-8.3916470688E-11
0.00001258925531
0.000068658076863
0.000079689227126
0.000193806663147
0.000121835167632
0.000331596821232
0.000311086622352
0.000457777160715
0.000639011320022
0.000673293326706
0.0006997111
0.00086174758117
0.0011343956
0.0012283583214
0.00134040737186
0.00122528
0.0013083455
0.0014076234
0.00147402332558
0.0016308247696
0.00515847358422
0.0088215782149
0.0097600434272
0.0150806215606
0.0185052702282
0.0228368596668
0.0283243288276
0.0339490976994
0.0286656788712
0.0265361043618
0.0339328295334
0.0372649490592
dMdH Data
-3.40793420657934E-08
-0.00000002734825
-2.5627140678517E-08
-2.45458863528412E-08
-0.0000000276695
-0.000000026878
-2.9187229680742E-08
-2.30801729956751E-08
-0.0000000309125
-2.43423782881086E-08
-2.63301974764811E-08
-2.55698082264383E-08
-1.77977977977977E-07
1.02620524104821E-07
-0.0000000198
-1.58020989505246E-07
8.08485091054616E-08
-5.62831150654804E-08
-1.66016601660151E-08
1.18011801180106E-08
1.31986801319859E-08
-7.99079907990776E-08
-4.48040323629133E-08
6.87779910428653E-08
-8.58214553638395E-08
-4.47914896169734E-08
2.46029523542822E-08
-6.48987020259595E-08
-5.42913133898588E-08
-1.03797924041519E-07
7.29935765652624E-08
2.40042494482767E-08
-1.69588293489689E-07
3.49031412827147E-08
9.09699799066542E-09
2.68064335440497E-08
-9.22880025596677E-08
-6.0721859869552E-08
-1.09997800044105E-09
3.14981101133932E-08
-1.19291649584529E-07
-5.31920211968205E-08
5.59111822364465E-08
2.35023502350249E-08
-1.72582741725829E-07
8.67346938775527E-08
-1.12366290112966E-07
-1.70017001700191E-08
9.6970908727391E-09
6.37000000000001E-08
-6.95930406959314E-08
2.04040808161646E-08
-2.84269314613708E-08
-2.64224339439151E-08
-0.000000025975
-0.0000000264625
-3.11317217069573E-08
-0.0000000288875
-2.62981574539363E-08
-2.491187720307E-08
-3.09932748318708E-08
-2.55818604534885E-08
-2.5380634515863E-08
-2.65293367665809E-08
-2.54462276886156E-08
-3.09567260818479E-08
-2.61131528288208E-08
-0.000000027545
-2.80417989550261E-08
-2.71731793294832E-08
-2.47387630618469E-08
-2.84782119552989E-08
-0.0000000265925
-2.67125667814169E-08
-2.63045396705557E-08
-2.81177108828316E-08
6.40576518867029E-09
-8.91178235647143E-08
-6.72999999999998E-08
1.52861144457785E-07
-1.07700000000002E-07
4.64767616191907E-08
-8.84353741496585E-08
-3.7196280371963E-08
-8.95820835832847E-08
-1.35014851633664E-08
9.27953602319886E-08
-9.66048302415125E-08
-4.67854964960858E-08
-4.51189499589828E-08
-4.58931160325968E-08
-7.26963651817417E-08
-1.82957919678455E-08
1.27562505627757E-07
-9.09772556860774E-08
-6.25121986804604E-08
-1.8198450569359E-08
6.53163290822687E-08
-5.73678739905638E-08
-4.21983120675177E-08
-4.76133317328866E-08
-6.74033701685072E-08
-8.42101052126258E-08
1.12969498235467E-08
7.30153332199763E-08
-9.39028170845112E-08
-5.58994410055919E-08
-4.28957104289549E-08
4.13041304130411E-08
-1.56952914125768E-08
-2.7902790279028E-08
-3.130626125225E-08
-1.78000000000011E-08
-9.92999999999995E-08
-4.10123036911023E-09
-8.77298161470826E-08
-2.33849415376461E-08
-3.24946750532495E-08
-2.44218894527637E-08
-0.0000000258675
-0.00000002468925
-0.00000003280625
-0.00000002809175
-0.00000002290825
-0.000000031884
-0.00000003071825
-0.00000002117225
-0.00000003009375
-0.00000003009375
dMdT Data
0
0
0
0
0
0
0
0
0
0
0
0
0
0
0
0
0
0
0
0
0
0
0
0
0
0
0
0
0
0
0
0
0
0
0
0
0
0
0
0
0
0
0
0
0
0
0
0
0
0
0
0
0
0
0
0
0
0
0
0
0
0
0
0
0
0
0
0
0
0
0
0
0
0
0
0
0
0
0
0
0
0
0
0
0
0
0
0
0
0
0
0
0
0
0
0
0
0
0
0
0
0
0
0
0
0
0
0
0
0
0
0
0
0
0
0
0
0
0
0
0
0
0
0
0
0
0
0
0
 
*********************************************** Results ***************************************
 
TotalArea 1.53594553954309E-02
AreaFirstQuad 1.23608603621884E-02
AreaSecondQuad 2.99859503324258E-03
AreaThirdQuad 0
AreaFourthQuad 0
Coercivity 0
PositiveCoercivity 0
NegativeCoercivity 0
Retentivity 4.45216075582136E-08
PositiveRetentivity 1.4984403863988E-04
NegativeRetentivity 1.49754995424764E-04
Magnetization 0.000285701
PositiveMagnetization 0.000285701
NegativeMagnetization 0.0000123145
Flatness -3364.64753291879
Squareness 1.55832872682327E-04
SStar 0
SFD1 0
SFD2 0
Slope 0
Intercept 0
SlopeAtHc -0.00000003009375
dH1 0
dH2 49.994
InitialSlope -3.40793420657934E-08
FieldAtHalfMs 0
FieldAtMs -5000.02
MomentMean 1.49147247286822E-04
MomentRMS 5.0467633570514E-05
SFD3 0
dH3 0
UserField1 0
UserField2 0
CenterField 0
ExchangeField 0
ExchangeMoment 0
ExRegionOneIntercept 0
ExRegionOneSlope 0
ExRegionTwoIntercept 0
ExRegionTwoSlope 0
NegativeIntercept 0
NegativeSlope 0
AutoCenterOffset 0
PinningField 0
PinningMoment 0
PinRegionOneIntercept 0
PinRegionOneSlope 0
PinRegionTwoIntercept 0
PinRegionTwoSlope 0
PositiveIntercept 0
PositiveSlope 0
TotalOffset 0
BHMax 0
BCoercivity 0
BRetentivity 0
BNegativeCoercivity 0
BPositiveCoercivity 0
BNegativeRetentivity 0
BPositiveRetentivity 0
MomentYMean 5.7190882131783E-06
MomentYRMS 2.00300383729619E-06
YOffCorrection 0
Mrt 0
Ms1 0
Ms2 0
Ms3 0
Hc2 0
Hex2 0
HsatValue 0
HsatIntercept 0
HsatSlope 0
CenterH 0
Span .0002733865
SpanAsPercentOfRange -21.0297307692308
RMSAsPercentOfRange -3.8821256592703
SpanAsPercentOfMean 183.299728941196
RMSAsPercentOfMean 33.8374555941088
