Version 1.25
******************************************** Units *******************************************
System CGS
TemperatureUnit K
MomentUnit emu
AppliedFieldUnit G
 
******************************************** Setup ********************************************
 
Experiment CustomField
Minor False
Acquisition PointByPoint
EditedPoint No
MaxField 5000
FieldIncrement 100
Points 129
MinField 0
RampRate 10
AverageTime 10
TimeInterval 0
TimeConstant 0.1
TimeConstantIndex 0
Sensitivity -0.0013
SensitivityIndex 5
SensitivityY -4
SensitivityIndexY 0
SaturationField 8000
ExperimentTime 1290
Use735Domains False
AutoRangeEnabled False
NumberOfVertices 7
VertexPts
0
12
52
64
76
116
128
VertexField
5000
200
-200
-5000
-200
200
5000
StartAngle 0
EndAngle 0
AngleIncrement 0
StartTemp 0
FinishTemp 0
TempIncrement 0
TempPoints 0
LengthofSetPointsArray 129
SetPointArray
5000
4600
4200
3800
3400
3000
2600
2200
1800
1400
1000
600
200
190
180
170
160
150
140
130
120
110
100
90
80
70
60
50
40
30
20
10
0
-10
-20
-30
-40
-50
-60
-70
-80
-90
-100
-110
-120
-130
-140
-150
-160
-170
-180
-190
-200
-600
-1000
-1400
-1800
-2200
-2600
-3000
-3400
-3800
-4200
-4600
-5000
-4600
-4200
-3800
-3400
-3000
-2600
-2200
-1800
-1400
-1000
-600
-200
-190
-180
-170
-160
-150
-140
-130
-120
-110
-100
-90
-80
-70
-60
-50
-40
-30
-20
-10
0
10
20
30
40
50
60
70
80
90
100
110
120
130
140
150
160
170
180
190
200
600
1000
1400
1800
2200
2600
3000
3400
3800
4200
4600
5000
FieldDomainFile c:\Ideasvsm\Default UserID\Experiments\Hannah_5kG\fdomain.ini
TempDomainFile c:\Ideasvsm\Default UserID\Experiments\Hannah_5kG\tdomain.ini
NumSelectedResults 0
ResultsSelected 
UserName1 
UserValue1 
UserName2 
UserValue2 
LinearBackgroundCorrection Off
MaxLinearFieldCorrection 
MinLinearFieldCorrection 
AutoLinearCorrection Off
FitOneRegion Off
BackgroundMode Off
BackgroundFilename 
AutoCenter Off
OffsetCorrection 
SmoothDeriv Off
DerivOrder 0
DerivPoints 0
MinExFieldOne 
MaxExFieldOne 
MinExFieldTwo 
MaxExFieldTwo 
MinPinFieldOne 
MaxPinFieldOne 
MinPinFieldTwo 
MaxPinFieldTwo 
HCenterStart 
Mass 
Volume 
Density 
MolarWeight 
NumberOfMoles 
Demagnetization 
SampleArea 
Thickness 
MomentScaling 0
XAxis 0
YAxis 0
SimpleSpinValve False
HsatMax 0
HsatMin 0
FieldAutoRange True
 
*************************************************** Experiment Data ********************************************
 
DataPoints 129
MomentX Data
-0.00000318043
0.0000105615
0.0000249359
0.0000372826
0.0000506835
0.0000633787
0.0000780438
0.000089478
0.000103126
0.000116293
0.000129893
0.000144026
0.000156646
0.000157184
0.000157642
0.000156417
0.00015805
0.000157333
0.000157663
0.000157931
0.000157265
0.000159347
0.000159151
0.000158347
0.000159925
0.000159258
0.000159956
0.000159215
0.00015998
0.000160192
0.00016059
0.000159886
0.000160341
0.000160305
0.000160856
0.000160024
0.000161241
0.000162278
0.000162184
0.000161482
0.000162241
0.000161877
0.000162971
0.000162791
0.000162533
0.000162582
0.000162987
0.000163747
0.00016344
0.000163748
0.000164964
0.000165299
0.000163758
0.000177407
0.000190932
0.000205815
0.000217804
0.000231498
0.000245242
0.000258701
0.000274188
0.000287249
0.000299162
0.000312803
0.000326732
0.000311555
0.000297629
0.000285041
0.000270998
0.000257257
0.000243106
0.000229895
0.000216656
0.000203215
0.000189628
0.000174767
0.0001621
0.000162598
0.000162374
0.000161307
0.00016025
0.000159758
0.00016025
0.000158974
0.000158675
0.000158503
0.000159092
0.000158069
0.000157949
0.00015712
0.000157787
0.000157029
0.000156681
0.000156042
0.000155329
0.000154924
0.000154559
0.000153656
0.000153809
0.000153984
0.000152926
0.000151506
0.000152389
0.000152574
0.000151923
0.000150688
0.000150357
0.000149767
0.000149682
0.000149154
0.00014923
0.000149079
0.000148209
0.00014791
0.000147747
0.000147026
0.000146296
0.000133042
0.000118697
0.000105728
0.0000922665
0.0000787268
0.0000656006
0.0000502163
0.0000369753
0.0000231355
0.0000103358
-0.00000253658
-0.0000160745
MomentY Data
0.00000752926
0.0000108719
0.0000086689
0.00000685692
0.0000113297
0.00000728607
0.00000727654
0.00000673294
0.00000442505
0.00000511646
0.00000452995
0.00000463486
0.00000600338
0.00000572205
0.00000529766
0.0000048399
0.00000458241
0.00000473022
0.00000533581
0.00000337601
0.00000242233
0.00000406265
0.00000394344
0.00000380516
0.00000511169
0.00000542164
0.00000583649
0.00000527859
0.00000545502
0.00000374317
0.0000049305
0.0000053978
0.00000355721
0.00000347614
0.00000386715
0.00000359058
0.0000039196
0.00000359535
0.00000524998
0.00000574589
0.00000603199
0.0000057888
0.00000588417
0.00000662327
0.0000039959
0.00000388145
0.00000346184
0.00000389099
0.00000495434
0.00000372887
0.00000378609
0.00000349998
0.0000046587
0.00000370502
0.00000295639
0.00000296116
0.00000340939
0.00000801563
0.00000799656
0.00000630379
0.00000441551
0.00000625134
0.00000636578
0.00000590801
0.00000540733
0.00000461102
0.00000570774
0.00000995159
0.00000478268
0.00000584126
0.00000729561
0.0000063467
0.00000279903
0.00000311375
0.00000558376
0.00000397682
0.00000431061
0.0000063467
0.00000369072
0.00000480652
0.00000445366
0.00000292778
0.00000332832
0.00000531197
0.00000427246
0.00000127792
0.00000191689
-0.000000510216
0.00000206947
0.00000261784
0.00000278473
0.00000169277
0.00000337124
0.00000424862
0.00000761032
0.00000534534
0.00000571251
0.00000679016
0.00000501156
0.00000631332
0.00000520706
0.00000202656
0.00000139713
0.00000239372
0.000000977516
0.000000844002
0.00000273705
0.00000471115
0.00000362396
0.00000447273
0.00000268459
0.0000066328
0.00000427723
0.00000426292
0.00000371456
0.00000267029
0.00000306606
0.00000229359
0.00000219822
0.00000428677
0.00000164509
0.00000501633
0.00000700951
0.0000065136
0.00000264168
0.00000288486
0.0000032711
0.00000642776
0.00000507832
Field Data
5000.03
4600
4200
3799.99
3400
2999.99
2600
2199.99
1800
1399.99
999.988
599.985
199.988
190
179.997
169.998
159.998
149.996
139.995
129.998
119.998
109.998
100.001
89.9953
79.9999
69.9998
60.0008
49.9981
40.0003
29.9996
19.9975
9.99821
-0.00178349
-10.0025
-20.0023
-30.0018
-39.9988
-50
-59.9995
-70.0002
-79.9989
-90.0003
-100.001
-110
-120.001
-130.001
-140.003
-149.999
-160.001
-170.002
-179.999
-189.999
-200.002
-600.009
-1000.01
-1400.01
-1800.01
-2200.01
-2600.02
-3000.02
-3400.02
-3796.02
-4200.02
-4600.02
-5000.02
-4600
-4200
-3799.99
-3400
-2999.99
-2599.99
-2199.99
-1799.99
-1399.99
-999.984
-599.988
-199.99
-189.997
-179.998
-169.998
-159.997
-149.999
-139.998
-129.997
-120
-109.998
-99.9972
-89.9988
-79.9985
-69.9997
-59.9958
-49.9991
-39.9984
-29.9982
-19.9944
-10.0003
0.00142741
9.99934
19.9991
30.0007
40.0021
49.9991
60.0026
70.0041
80.0002
90.0026
100.005
110.002
120.001
130.005
140.004
150.001
160.001
170.004
180.001
190.002
200
600.008
1000.01
1400.01
1800.02
2200.01
2600.01
3000.02
3400.02
3800.01
4200.01
4600.02
5000.02
Time Data
0
17.629
35.319
52.963
71.652
89.358
107.002
124.692
142.383
160.057
177.764
195.485
214.221
231.912
249.586
267.277
284.921
302.58
320.27
337.945
355.636
373.342
390.986
408.661
426.336
443.995
461.685
479.376
497.02
514.71
532.416
550.091
567.782
585.441
603.131
620.791
638.466
656.125
673.862
691.553
709.212
726.809
744.484
762.159
779.849
797.509
815.168
832.89
850.549
868.208
885.868
903.543
921.171
939.875
957.55
975.225
992.9
1010.59
1028.26
1045.92
1063.61
1082.37
1100.04
1117.73
1135.42
1153.08
1170.82
1188.46
1207.15
1224.79
1242.42
1260.1
1277.82
1295.49
1313.14
1330.81
1349.55
1367.24
1384.95
1402.62
1420.31
1437.99
1455.68
1473.34
1491.03
1508.73
1526.38
1544.07
1561.73
1579.39
1597.06
1614.74
1632.43
1650.07
1667.73
1685.4
1703.08
1720.77
1738.43
1756.12
1773.82
1791.55
1809.19
1826.87
1844.56
1862.26
1879.94
1897.61
1915.32
1933.01
1950.71
1968.4
1986.06
2003.75
2021.46
2039.12
2056.86
2075.55
2093.24
2110.93
2128.62
2146.31
2163.98
2181.66
2199.35
2218.07
2235.76
2253.42
2271.11
Temperature Data
0
0
0
0
0
0
0
0
0
0
0
0
0
0
0
0
0
0
0
0
0
0
0
0
0
0
0
0
0
0
0
0
0
0
0
0
0
0
0
0
0
0
0
0
0
0
0
0
0
0
0
0
0
0
0
0
0
0
0
0
0
0
0
0
0
0
0
0
0
0
0
0
0
0
0
0
0
0
0
0
0
0
0
0
0
0
0
0
0
0
0
0
0
0
0
0
0
0
0
0
0
0
0
0
0
0
0
0
0
0
0
0
0
0
0
0
0
0
0
0
0
0
0
0
0
0
0
0
0
Angle Data
0
0
0
0
0
0
0
0
0
0
0
0
0
0
0
0
0
0
0
0
0
0
0
0
0
0
0
0
0
0
0
0
0
0
0
0
0
0
0
0
0
0
0
0
0
0
0
0
0
0
0
0
0
0
0
0
0
0
0
0
0
0
0
0
0
0
0
0
0
0
0
0
0
0
0
0
0
0
0
0
0
0
0
0
0
0
0
0
0
0
0
0
0
0
0
0
0
0
0
0
0
0
0
0
0
0
0
0
0
0
0
0
0
0
0
0
0
0
0
0
0
0
0
0
0
0
0
0
0
Bx Data
0
0
0
0
0
0
0
0
0
0
0
0
0
0
0
0
0
0
0
0
0
0
0
0
0
0
0
0
0
0
0
0
0
0
0
0
0
0
0
0
0
0
0
0
0
0
0
0
0
0
0
0
0
0
0
0
0
0
0
0
0
0
0
0
0
0
0
0
0
0
0
0
0
0
0
0
0
0
0
0
0
0
0
0
0
0
0
0
0
0
0
0
0
0
0
0
0
0
0
0
0
0
0
0
0
0
0
0
0
0
0
0
0
0
0
0
0
0
0
0
0
0
0
0
0
0
0
0
0
Hint Data
0
0
0
0
0
0
0
0
0
0
0
0
0
0
0
0
0
0
0
0
0
0
0
0
0
0
0
0
0
0
0
0
0
0
0
0
0
0
0
0
0
0
0
0
0
0
0
0
0
0
0
0
0
0
0
0
0
0
0
0
0
0
0
0
0
0
0
0
0
0
0
0
0
0
0
0
0
0
0
0
0
0
0
0
0
0
0
0
0
0
0
0
0
0
0
0
0
0
0
0
0
0
0
0
0
0
0
0
0
0
0
0
0
0
0
0
0
0
0
0
0
0
0
0
0
0
0
0
0
Torque Data
0.0376465258778
0.05001074
0.03640938
0.0260562274308
0.03852098
0.0218581371393
0.018919004
0.0148124006706
0.00796509
0.0071629928354
0.0045298956406
0.0027808464771
0.00120060395944
0.0010871895
0.00095356290702
0.0008227733202
0.00073317643518
0.00070951407912
0.00074698672095
0.00043887454798
0.00029067475534
0.0004468833747
0.00039434794344
0.000342446515748
0.000408934688831
0.000379513715672
0.000350194069192
0.000263919470679
0.000218202436506
0.000112293602732
0.00009859767375
0.000053968337938
-6.3442484629E-09
-0.00003477009035
-0.000077351894445
-0.000107723863044
-0.00015677929648
-0.0001797675
-0.00031499617501
-0.000402213449178
-0.000482552564811
-0.00052099373664
-0.00058842288417
-0.0007285597
-0.0004795119959
-0.00050459238145
-0.00048466798552
-0.00058364460901
-0.00079269935434
-0.00063391535774
-0.00068149241391
-0.00066499270002
-0.0009317493174
-0.00222304534518
-0.0029564195639
-0.0041456536116
-0.0061369360939
-0.0176344661563
-0.0207912159312
-0.0189114960758
-0.0150128223102
-0.0237302116668
-0.0267364033156
-0.0271769641602
-0.0270367581466
-0.021210692
-0.023972508
-0.0378159424841
-0.016261112
-0.0175237215874
-0.0189685130439
-0.013962676533
-0.0050382260097
-0.0043592188625
-0.00558367065984
-0.00238604427816
-0.0008620788939
-0.0012058539599
-0.00066432221856
-0.00081709878696
-0.00071257223902
-0.00043916407222
-0.00046595814336
-0.00069054016409
-0.0005126952
-0.00014056864416
-0.000191683632708
4.59188277408E-05
-0.000165554495795
-0.000183248014648
-0.000167072104134
-0.000084636976507
-0.000134844206016
-0.000127450952484
-0.000152163782208
-0.000053455003602
8.1540938991E-09
6.78971184944E-05
0.000100226689596
0.000189404019324
0.000208293334826
0.000101326176096
0.000083831432538
0.000167570214252
7.82014755032E-05
7.59623744052E-05
0.00027371868525
0.0005182359223
0.00043487882396
0.00058147726365
0.00037585333836
0.0009949266328
0.00068436107723
0.00072471345168
0.00066862451456
0.00050736044058
0.000613212
0.00137617234872
0.0021982419822
0.0060015208677
0.0029611949018
0.0110359761633
0.0182247960951
0.019540930272
0.0089817648336
0.0109624968486
0.013738652711
0.0295678245552
0.0253917015664
dMdH Data
-3.43522485813564E-08
-0.000000035936
-3.08659783505412E-08
-3.35030875771894E-08
-3.17372065698357E-08
-3.66636665916648E-08
-2.85847853803655E-08
-3.41208530213256E-08
-3.29166770830729E-08
-3.399983000085E-08
-3.53322350082374E-08
-3.15502366267747E-08
-5.38646375650768E-08
-4.5786264120764E-08
1.22512251225121E-07
-1.63299999999999E-07
7.16856628674253E-08
-3.29967003299662E-08
-2.68080424127229E-08
6.65999999999998E-08
-2.08200000000001E-07
1.9605881764529E-08
8.0354198107079E-08
-1.57872621405846E-07
6.66993330066684E-08
-6.98069806980684E-08
7.40799984004304E-08
-7.65168337034131E-08
-2.11985161038731E-08
-3.9791643754812E-08
7.04049987549115E-08
-4.55000296205174E-08
3.59974207488036E-09
-5.51011020220406E-08
8.32041602080085E-08
-1.21736520956287E-07
-1.03687557493099E-07
9.4004700235001E-09
7.01950863439553E-08
-7.59098682828765E-08
3.63949047133414E-08
-1.09392342536024E-07
1.80018001800195E-08
2.57974202579738E-08
-4.90000000000126E-09
-4.04919016196741E-08
-7.60304121648672E-08
3.06938612277553E-08
-3.0796920307969E-08
-1.21636490947285E-07
-3.34999999999989E-08
1.54053783864838E-07
-3.41219028666998E-08
-3.38124154689613E-08
-0.0000000372075
-0.0000000299725
-0.000000034235
-3.43591410214745E-08
-0.0000000336475
-0.0000000387175
-3.29823232323232E-08
-2.94876237623762E-08
-0.0000000341025
-0.0000000348225
-3.79406029698515E-08
-0.000000034815
-3.14692132696683E-08
-3.51083777094427E-08
-3.43516412089698E-08
-3.53774999999999E-08
-0.0000000330275
-3.30975000000001E-08
-0.0000000336025
-3.39669904951426E-08
-3.71528715287153E-08
-3.16676583382916E-08
4.98348844190915E-08
-2.24022402240227E-08
-0.0000001067
-1.05689431056895E-07
-4.9209841968393E-08
4.91950804919502E-08
-1.27587241275871E-07
-2.99089726918094E-08
-1.71965606878622E-08
5.88952883769303E-08
-1.023163706193E-07
-1.19996400107989E-08
-8.29099491939021E-08
6.66739971411135E-08
-7.58250222573458E-08
-3.47975641705058E-08
-6.389872202556E-08
-7.12729162918096E-08
-4.05239091063735E-08
-3.6493696042452E-08
-9.03188532477446E-08
1.53003672088127E-08
1.74972004479274E-08
-1.05785190073389E-07
-1.42042612783835E-07
8.82691058129653E-08
1.84972254161861E-08
-6.51253989055735E-08
-1.23470367111892E-07
-3.30920579061033E-08
-5.90177053115927E-08
-8.50085008500951E-09
-5.27788884446214E-08
7.60076007600801E-09
-1.51045313594097E-08
-8.69999999999983E-08
-2.98910326901921E-08
-1.63048914674421E-08
-7.20927907209274E-08
-7.30146029205843E-08
-3.31343373132537E-08
-3.58623206883965E-08
-0.0000000324225
-3.36529086772831E-08
-3.38500962524063E-08
-0.0000000328155
-3.84597885052874E-08
-0.0000000331025
-3.46003650091252E-08
-0.00000003199925
-3.21801454963626E-08
-0.0000000338448
-0.0000000338448
dMdT Data
0
0
0
0
0
0
0
0
0
0
0
0
0
0
0
0
0
0
0
0
0
0
0
0
0
0
0
0
0
0
0
0
0
0
0
0
0
0
0
0
0
0
0
0
0
0
0
0
0
0
0
0
0
0
0
0
0
0
0
0
0
0
0
0
0
0
0
0
0
0
0
0
0
0
0
0
0
0
0
0
0
0
0
0
0
0
0
0
0
0
0
0
0
0
0
0
0
0
0
0
0
0
0
0
0
0
0
0
0
0
0
0
0
0
0
0
0
0
0
0
0
0
0
0
0
0
0
0
0
 
*********************************************** Results ***************************************
 
TotalArea 7.01345638567073E-02
AreaFirstQuad 5.69104636048854E-02
AreaSecondQuad 9.58333849344642E-03
AreaThirdQuad 0
AreaFourthQuad 3.64076175837553E-03
Coercivity 193.125751308877
PositiveCoercivity 4521.19562053016
NegativeCoercivity 4907.44712314791
Retentivity 2.89093337984274E-06
PositiveRetentivity 1.60340918851152E-04
NegativeRetentivity 1.54559052091467E-04
Magnetization 0.00017140325
PositiveMagnetization 0.000326732
NegativeMagnetization -0.0000160745
Flatness -55.5060019018203
Squareness 1.68662693376161E-02
SStar 1.43575534974536
SFD1 1.21787767487268
SFD2 1.34625495687612
Slope 0
Intercept 0
SlopeAtHc -3.43522485813564E-08
dH1 -42.0777896532181
dH2 259.9965
InitialSlope -3.43522485813564E-08
FieldAtHalfMs 0
FieldAtMs -5000.02
MomentMean 1.56347467364341E-04
MomentRMS 6.2453094438172E-05
SFD3 1.43575534974537
dH3 -84.1555793064363
UserField1 0
UserField2 0
CenterField 0
ExchangeField 0
ExchangeMoment 0
ExRegionOneIntercept 0
ExRegionOneSlope 0
ExRegionTwoIntercept 0
ExRegionTwoSlope 0
NegativeIntercept 0
NegativeSlope 0
AutoCenterOffset 0
PinningField 0
PinningMoment 0
PinRegionOneIntercept 0
PinRegionOneSlope 0
PinRegionTwoIntercept 0
PinRegionTwoSlope 0
PositiveIntercept 0
PositiveSlope 0
TotalOffset 0
BHMax 0
BCoercivity 0
BRetentivity 0
BNegativeCoercivity 0
BPositiveCoercivity 0
BNegativeRetentivity 0
BPositiveRetentivity 0
MomentYMean 4.63655815503876E-06
MomentYRMS 1.91515037097212E-06
YOffCorrection 0
Mrt 0
Ms1 0
Ms2 0
Ms3 0
Hc2 0
Hex2 0
HsatValue 0
HsatIntercept 0
HsatSlope 0
CenterH 0
Span .0003428065
SpanAsPercentOfRange -26.3697307692308
RMSAsPercentOfRange -4.80408418755169
SpanAsPercentOfMean 219.259387938244
RMSAsPercentOfMean 39.9450630643321
