Version 1.25
******************************************** Units *******************************************
System CGS
TemperatureUnit K
MomentUnit emu
AppliedFieldUnit G
 
******************************************** Setup ********************************************
 
Experiment CustomField
Minor False
Acquisition PointByPoint
EditedPoint No
MaxField 5000
FieldIncrement 100
Points 129
MinField 0
RampRate 10
AverageTime 10
TimeInterval 0
TimeConstant 0.1
TimeConstantIndex 0
Sensitivity -0.0013
SensitivityIndex 5
SensitivityY -4
SensitivityIndexY 0
SaturationField 8000
ExperimentTime 1290
Use735Domains False
AutoRangeEnabled False
NumberOfVertices 7
VertexPts
0
12
52
64
76
116
128
VertexField
5000
200
-200
-5000
-200
200
5000
StartAngle 0
EndAngle 0
AngleIncrement 0
StartTemp 0
FinishTemp 0
TempIncrement 0
TempPoints 0
LengthofSetPointsArray 129
SetPointArray
5000
4600
4200
3800
3400
3000
2600
2200
1800
1400
1000
600
200
190
180
170
160
150
140
130
120
110
100
90
80
70
60
50
40
30
20
10
0
-10
-20
-30
-40
-50
-60
-70
-80
-90
-100
-110
-120
-130
-140
-150
-160
-170
-180
-190
-200
-600
-1000
-1400
-1800
-2200
-2600
-3000
-3400
-3800
-4200
-4600
-5000
-4600
-4200
-3800
-3400
-3000
-2600
-2200
-1800
-1400
-1000
-600
-200
-190
-180
-170
-160
-150
-140
-130
-120
-110
-100
-90
-80
-70
-60
-50
-40
-30
-20
-10
0
10
20
30
40
50
60
70
80
90
100
110
120
130
140
150
160
170
180
190
200
600
1000
1400
1800
2200
2600
3000
3400
3800
4200
4600
5000
FieldDomainFile c:\Ideasvsm\Default UserID\Experiments\Hannah_5kG\fdomain.ini
TempDomainFile c:\Ideasvsm\Default UserID\Experiments\Hannah_5kG\tdomain.ini
NumSelectedResults 0
ResultsSelected 
UserName1 
UserValue1 
UserName2 
UserValue2 
LinearBackgroundCorrection Off
MaxLinearFieldCorrection 
MinLinearFieldCorrection 
AutoLinearCorrection Off
FitOneRegion Off
BackgroundMode Off
BackgroundFilename 
AutoCenter Off
OffsetCorrection 
SmoothDeriv Off
DerivOrder 0
DerivPoints 0
MinExFieldOne 
MaxExFieldOne 
MinExFieldTwo 
MaxExFieldTwo 
MinPinFieldOne 
MaxPinFieldOne 
MinPinFieldTwo 
MaxPinFieldTwo 
HCenterStart 
Mass 
Volume 
Density 
MolarWeight 
NumberOfMoles 
Demagnetization 
SampleArea 
Thickness 
MomentScaling 0
XAxis 0
YAxis 0
SimpleSpinValve False
HsatMax 0
HsatMin 0
FieldAutoRange True
 
*************************************************** Experiment Data ********************************************
 
DataPoints 129
MomentX Data
0.0000604384
0.0000719588
0.000084322
0.0000955703
0.000105443
0.000116278
0.000128257
0.000139123
0.0001494
0.000161297
0.000172413
0.000184215
0.000195011
0.000194526
0.000193473
0.000192889
0.000192629
0.000192222
0.000191277
0.000191749
0.000190552
0.000189604
0.000188799
0.000188167
0.000188848
0.000187937
0.00018756
0.000186296
0.000187235
0.00018524
0.000184601
0.000185415
0.000183695
0.000183936
0.000183782
0.000183003
0.000182838
0.000181999
0.000183309
0.000182452
0.000181911
0.000181088
0.000180817
0.00018082
0.00018
0.000180143
0.000178698
0.000179361
0.000179713
0.000178683
0.000179093
0.000178764
0.000178507
0.000190943
0.000202315
0.000214557
0.000227155
0.000237858
0.000249827
0.000264216
0.000275899
0.000288807
0.000302223
0.000312413
0.000324729
0.000310287
0.000297332
0.000284043
0.000270599
0.000257782
0.000245223
0.000231466
0.000219303
0.000206738
0.000194426
0.000181498
0.000169141
0.000168348
0.000168067
0.000167336
0.00016688
0.000166612
0.000165886
0.000165008
0.00016419
0.000164601
0.000163167
0.000162927
0.000161743
0.000160854
0.000161782
0.000161045
0.000160614
0.000160315
0.000159231
0.000158336
0.000158141
0.000158434
0.000156887
0.000156147
0.000156351
0.000155668
0.000155297
0.000154613
0.000154579
0.000153593
0.000153841
0.000152573
0.000152664
0.000151496
0.000152258
0.000150555
0.000150721
0.000149205
0.000150367
0.000149693
0.000149077
0.000137307
0.000123718
0.000110869
0.0000991791
0.0000841389
0.0000716768
0.0000585926
0.0000477884
0.0000323701
0.000020692
0.00000895852
-0.00000256867
MomentY Data
0.0000056982
0.00000629425
0.00000537872
0.00000727177
0.00000338554
0.0000068903
0.00000666618
0.00000788689
0.00000481606
0.0000029707
0.00000300407
0.00000272751
0.00000426769
0.00000446796
0.00000468254
0.00000198841
0.00000347614
0.00000301361
0.00000130653
0.0000000905991
0.00000226974
0.00000531673
0.00000394821
0.000002985
0.00000162125
0.0000046587
0.00000258923
0.00000566006
0.00000309944
0.00000357628
0.00000221729
0.00000562668
0.00000573635
0.00000395775
0.00000457287
0.00000249863
0.00000575066
0.00000369072
0.00000435829
0.00000469685
0.00000282764
0.00000410557
0.00000503063
0.00000418663
0.00000362396
0.00000368595
0.00000216007
0.00000447273
0.00000480175
0.00000468731
0.0000056076
0.00000290871
0.00000363827
0.000000910759
-0.000000505447
0.00000515461
0.00000324249
0.00000610352
0.00000565529
0.00000648499
0.00000594616
0.0000038147
0.00000553608
0.00000407696
0.00000553608
0.00000623703
0.0000037384
0.00000455379
0.00000567436
0.00000635624
0.00000609398
0.00000273705
0.00000451565
0.00000279427
0.00000431538
0.00000618458
0.00000492573
0.00000341892
0.00000281811
0.00000332832
0.00000462055
0.00000312328
0.00000570774
0.0000041914
0.00000442505
0.00000468254
0.00000575542
0.00000524044
0.00000638008
0.00000596046
0.00000572681
0.00000555038
0.00000518799
0.00000743389
0.0000070715
0.00000453949
0.00000458717
0.00000702381
0.00000527382
0.00000445366
0.00000449657
0.0000046587
0.00000693321
0.0000058651
0.00000574589
0.00000577927
0.0000061512
0.00000556469
0.00000607491
0.00000545979
0.00000432491
0.00000619411
0.00000597954
0.00000777245
0.00000731468
0.00000706196
0.0000066185
0.0000065136
0.00000646114
0.00000586033
0.00000727654
0.00000953197
0.00000796795
0.00000859261
0.00000872612
0.00000692844
0.00000917435
0.00000975609
0.00000846863
Field Data
5000.02
4600
4200
3800
3399.99
2999.99
2599.99
2199.99
1799.99
1399.99
999.988
599.988
199.985
190.002
179.997
170
159.999
150
139.998
129.999
119.999
109.997
99.9999
89.9977
79.9994
69.9991
59.9997
49.9985
39.9955
29.9997
19.9967
9.99866
-0.00245976
-9.99968
-20.0031
-30.0027
-40.0021
-50
-60.0004
-70.0017
-79.9986
-89.9999
-99.9964
-110.001
-119.998
-129.999
-140.001
-150.003
-160.003
-169.998
-180.001
-190.002
-200.001
-600.007
-1000.01
-1400.01
-1800.01
-2200.01
-2600.02
-3000.02
-3400.02
-3800.02
-4200.02
-4600.02
-5000.01
-4600
-4199.99
-3800
-3400
-2999.99
-2599.99
-2199.99
-1799.99
-1399.99
-999.99
-599.986
-199.987
-189.996
-179.998
-169.997
-159.997
-149.997
-139.998
-129.999
-119.999
-109.998
-99.9966
-89.9974
-79.9989
-69.9967
-59.9982
-49.9984
-39.9982
-30.0006
-19.9972
-10.0005
0.00197867
10.0011
20.0004
30.0039
39.9998
49.9991
60.0037
70.0025
80.0023
90.001
100.001
110.004
119.997
130.001
140.002
150.004
160.002
169.999
180.002
190
199.999
600.009
1000.01
1400.01
1800.01
2200.02
2600.01
3000.02
3400.02
3800.02
4200.01
4600.02
5000.01
Time Data
0
17.659
35.35
53.072
71.745
89.436
107.095
124.77
142.476
160.166
177.826
195.485
214.205
231.896
249.571
267.23
284.905
302.564
320.239
337.898
355.604
373.279
391.001
408.66
426.367
444.073
461.732
479.422
497.097
514.757
532.432
550.107
567.766
585.41
603.084
620.728
638.434
656.094
673.769
691.475
709.15
726.856
744.562
762.252
779.958
797.649
815.339
833.03
850.674
868.349
886.008
903.667
921.358
940.062
957.706
975.396
993.056
1010.73
1028.42
1046.11
1063.76
1082.51
1100.18
1117.83
1135.42
1153.1
1170.74
1188.46
1207.17
1224.84
1242.53
1260.22
1277.88
1295.56
1313.26
1330.99
1349.66
1367.35
1385.1
1402.78
1420.47
1438.13
1455.79
1473.45
1491.11
1508.8
1526.52
1544.22
1561.93
1579.65
1597.33
1614.99
1632.66
1650.4
1668.09
1685.76
1703.47
1721.18
1738.83
1756.54
1774.23
1791.91
1809.63
1827.3
1844.99
1862.65
1880.33
1898
1915.69
1933.4
1951.11
1968.8
1986.5
2004.16
2021.88
2039.57
2057.26
2075.95
2093.6
2111.29
2128.98
2146.64
2164.3
2181.99
2199.66
2218.4
2236.12
2253.81
2271.48
Temperature Data
0
0
0
0
0
0
0
0
0
0
0
0
0
0
0
0
0
0
0
0
0
0
0
0
0
0
0
0
0
0
0
0
0
0
0
0
0
0
0
0
0
0
0
0
0
0
0
0
0
0
0
0
0
0
0
0
0
0
0
0
0
0
0
0
0
0
0
0
0
0
0
0
0
0
0
0
0
0
0
0
0
0
0
0
0
0
0
0
0
0
0
0
0
0
0
0
0
0
0
0
0
0
0
0
0
0
0
0
0
0
0
0
0
0
0
0
0
0
0
0
0
0
0
0
0
0
0
0
0
Angle Data
0
0
0
0
0
0
0
0
0
0
0
0
0
0
0
0
0
0
0
0
0
0
0
0
0
0
0
0
0
0
0
0
0
0
0
0
0
0
0
0
0
0
0
0
0
0
0
0
0
0
0
0
0
0
0
0
0
0
0
0
0
0
0
0
0
0
0
0
0
0
0
0
0
0
0
0
0
0
0
0
0
0
0
0
0
0
0
0
0
0
0
0
0
0
0
0
0
0
0
0
0
0
0
0
0
0
0
0
0
0
0
0
0
0
0
0
0
0
0
0
0
0
0
0
0
0
0
0
0
Bx Data
0
0
0
0
0
0
0
0
0
0
0
0
0
0
0
0
0
0
0
0
0
0
0
0
0
0
0
0
0
0
0
0
0
0
0
0
0
0
0
0
0
0
0
0
0
0
0
0
0
0
0
0
0
0
0
0
0
0
0
0
0
0
0
0
0
0
0
0
0
0
0
0
0
0
0
0
0
0
0
0
0
0
0
0
0
0
0
0
0
0
0
0
0
0
0
0
0
0
0
0
0
0
0
0
0
0
0
0
0
0
0
0
0
0
0
0
0
0
0
0
0
0
0
0
0
0
0
0
0
Hint Data
0
0
0
0
0
0
0
0
0
0
0
0
0
0
0
0
0
0
0
0
0
0
0
0
0
0
0
0
0
0
0
0
0
0
0
0
0
0
0
0
0
0
0
0
0
0
0
0
0
0
0
0
0
0
0
0
0
0
0
0
0
0
0
0
0
0
0
0
0
0
0
0
0
0
0
0
0
0
0
0
0
0
0
0
0
0
0
0
0
0
0
0
0
0
0
0
0
0
0
0
0
0
0
0
0
0
0
0
0
0
0
0
0
0
0
0
0
0
0
0
0
0
0
0
0
0
0
0
0
Torque Data
0.028491113964
0.02895355
0.022590624
0.027632726
0.0115108021446
0.020670831097
0.0173320013382
0.0173510791311
0.0086688598394
0.004158950293
0.00300403395116
0.00163647326988
0.00085347398465
0.00084892133592
0.00084284315238
0.0003380297
0.00055617892386
0.0004520415
0.00018291158694
1.17777924009E-05
0.00027236653026
0.00058482434981
0.000394820605179
0.0002686431345
0.00012969902725
0.00032610480717
0.000155353023231
0.00028299450991
0.00012396365252
0.000107287327116
0.000044338482943
5.62592602488E-05
-1.4110044276E-08
-0.00003957623352
-0.000091471575897
-0.000074965646301
-0.000230038476386
-0.000184536
-0.000261499143316
-0.000328787484645
-0.000226207241304
-0.000369500889443
-0.000503044889732
-0.00046053348663
-0.00043486795208
-0.00047916981405
-0.00030241196007
-0.00067092291819
-0.00076829440525
-0.00079683332538
-0.0010093736076
-0.00055266071742
-0.00072765763827
-0.000546461775313
0.00050545205447
-0.0072165055461
-0.0058365144249
-0.0134278050352
-0.0147038671058
-0.0194550996998
-0.0202170629232
-0.014495936294
-0.0232516467216
-0.0187540975392
-0.0276804553608
-0.028690338
-0.015701242616
-0.017304402
-0.019292824
-0.0190686564376
-0.0158442870602
-0.0060214826295
-0.0081281248435
-0.0039119500573
-0.0043153368462
-0.00371066141588
-0.00098508196551
-0.00064958112432
-0.00050725416378
-0.00056580441504
-0.00073927413835
-0.00046848263016
-0.00079907218452
-0.0005448778086
-0.00053100157495
-0.00051507003492
-0.000575522431572
-0.000471625974856
-0.000510399381912
-0.000417212530482
-0.000343598291742
-0.000277510119392
-0.000207510261618
-0.000223021160334
-0.0001414101998
-0.000045397169745
9.0764956639E-09
0.000070245826191
0.000105478509528
0.000133627169274
0.000179861900686
0.00023293080717
0.000416018252877
0.00041057166275
0.000459684415547
0.00052014007927
0.0006151261512
0.00061213815876
0.00072897097527
0.00070977815979
0.00060549604982
0.00092914127644
0.00095673835908
0.00132130872755
0.00131665702936
0.0013417724
0.0013236933815
0.0039082186224
0.0064612046114
0.0082045206033
0.0130978447654
0.0209705246394
0.0207167496795
0.0257780018522
0.0296689825224
0.0263282105688
0.0385323617435
0.0448782091218
0.0423432346863
dMdH Data
-2.87995600219989E-08
-0.000000030908
-0.00000002812075
-2.46811329716757E-08
-0.0000000270875
-0.0000000299475
-0.000000027165
-0.0000000256925
-0.0000000297425
-2.77898610506948E-08
-0.000000029505
-2.69897975765182E-08
4.85825904036882E-08
1.05247376311843E-07
5.84175252575779E-08
2.59974002599741E-08
4.07040704070392E-08
9.44811037792439E-08
-4.72047204720477E-08
1.19700000000001E-07
9.4781043791241E-08
8.05233517720155E-08
6.31860990582075E-08
-6.81115789684262E-08
9.10972670819881E-08
3.77022621357281E-08
1.26384833819942E-07
-9.38718384484667E-08
1.99583825206586E-07
6.38808357492757E-08
-8.1415957527675E-08
1.71980742284402E-07
-2.41067010843406E-08
1.53947350006283E-08
7.79031161246464E-08
1.65009900594032E-08
8.39176227007682E-08
-1.30994760209592E-07
8.56888604481413E-08
5.41167762006229E-08
8.22893023906867E-08
2.71094883209135E-08
-2.99862063450115E-10
8.20246073822129E-08
-1.42985701429859E-08
1.44471105778845E-07
-6.62867426514702E-08
-3.51999999999986E-08
1.0305152576288E-07
-4.0987703688891E-08
3.28967103289647E-08
2.57025702570265E-08
-3.10895336569952E-08
-2.84297867765992E-08
-0.000000030605
-3.14949999999999E-08
-0.0000000267575
-2.99217519562011E-08
-0.0000000359725
-0.0000000292075
-3.22699999999999E-08
-0.00000003354
-0.000000025475
-3.07907697692443E-08
-3.6104097397565E-08
-3.23866903327418E-08
-3.32233305832646E-08
-0.00000003361
-3.2041698957526E-08
-3.13975000000001E-08
-0.0000000343925
-0.0000000304075
-0.0000000314125
-0.00000003078
-3.2319676803232E-08
-3.0892577231443E-08
-7.93714342908637E-08
-2.81056211242254E-08
-7.30926907309261E-08
-4.55999999999997E-08
-2.67999999999991E-08
-7.26072607260744E-08
-8.78087808780879E-08
-8.17999999999978E-08
4.10958904109583E-08
-1.43379926810247E-07
-2.40019201536134E-08
-1.18417762664399E-07
-8.88804463018147E-08
9.28139220883134E-08
-7.37014740294809E-08
-4.30991380172379E-08
-2.99071777226526E-08
-1.08363156526783E-07
-8.95295447497672E-08
-1.94951677912458E-08
2.93025747293343E-08
-1.54710829758082E-07
-7.3974109061828E-08
2.04083674306452E-08
-6.83047813346928E-08
-3.70829418467519E-08
-6.84082089850764E-08
-3.40006800135935E-09
-9.86128196665587E-08
2.48000000000002E-08
-1.26761971408576E-07
9.10637446212312E-09
-1.16753298680529E-07
7.61923807619255E-08
-1.70265946810639E-07
1.6603320664134E-08
-1.51645493648096E-07
1.16165150454863E-07
-6.74134826965381E-08
-6.16061606160612E-08
-2.94242643933902E-08
-3.39724150689623E-08
-0.0000000321225
-0.00000002922475
-3.75995600109997E-08
-3.11560289007225E-08
-3.27096822579436E-08
-0.0000000270105
-0.00000003854575
-2.91959798994975E-08
-2.93329666758331E-08
-2.88186954673867E-08
-2.88186954673867E-08
dMdT Data
0
0
0
0
0
0
0
0
0
0
0
0
0
0
0
0
0
0
0
0
0
0
0
0
0
0
0
0
0
0
0
0
0
0
0
0
0
0
0
0
0
0
0
0
0
0
0
0
0
0
0
0
0
0
0
0
0
0
0
0
0
0
0
0
0
0
0
0
0
0
0
0
0
0
0
0
0
0
0
0
0
0
0
0
0
0
0
0
0
0
0
0
0
0
0
0
0
0
0
0
0
0
0
0
0
0
0
0
0
0
0
0
0
0
0
0
0
0
0
0
0
0
0
0
0
0
0
0
0
 
*********************************************** Results ***************************************
 
TotalArea 0.307850573170214
AreaFirstQuad 0.275066627822176
AreaSecondQuad 3.23846873095744E-02
AreaThirdQuad 0
AreaFourthQuad 3.99258038464101E-04
Coercivity 4910.87792936527
PositiveCoercivity 0
NegativeCoercivity 4910.87792936527
Retentivity 1.27771922284235E-05
PositiveRetentivity 1.83695423031351E-04
NegativeRetentivity 1.58141038574504E-04
Magnetization 0.000163648835
PositiveMagnetization 0.000324729
NegativeMagnetization -0.00000256867
Flatness -21.3081779306244
Squareness 7.80768908524372E-02
SStar 1.09028216643222
SFD1 1.04506373546438
SFD2 2.64701040974157E-02
Slope 0
Intercept 0
SlopeAtHc -2.88186954673867E-08
dH1 -221.302503906762
dH2 129.99145
InitialSlope -2.87995600219989E-08
FieldAtHalfMs 0
FieldAtMs -5000.01
MomentMean 1.71674118217054E-04
MomentRMS 5.65582012861693E-05
SFD3 1.06329100913908
dH3 -310.814419908369
UserField1 0
UserField2 0
CenterField 0
ExchangeField 0
ExchangeMoment 0
ExRegionOneIntercept 0
ExRegionOneSlope 0
ExRegionTwoIntercept 0
ExRegionTwoSlope 0
NegativeIntercept 0
NegativeSlope 0
AutoCenterOffset 0
PinningField 0
PinningMoment 0
PinRegionOneIntercept 0
PinRegionOneSlope 0
PinRegionTwoIntercept 0
PinRegionTwoSlope 0
PositiveIntercept 0
PositiveSlope 0
TotalOffset 0
BHMax 0
BCoercivity 0
BRetentivity 0
BNegativeCoercivity 0
BPositiveCoercivity 0
BNegativeRetentivity 0
BPositiveRetentivity 0
MomentYMean 4.96657326434109E-06
MomentYRMS 1.8483915442721E-06
YOffCorrection 0
Mrt 0
Ms1 0
Ms2 0
Ms3 0
Hc2 0
Hex2 0
HsatValue 0
HsatIntercept 0
HsatSlope 0
CenterH 0
Span .00032729767
SpanAsPercentOfRange -25.1767438461539
RMSAsPercentOfRange -4.35063086816687
SpanAsPercentOfMean 190.6505613072
RMSAsPercentOfMean 32.9450949703791
