Version 1.25
******************************************** Units *******************************************
System CGS
TemperatureUnit K
MomentUnit emu
AppliedFieldUnit G
 
******************************************** Setup ********************************************
 
Experiment CustomField
Minor False
Acquisition PointByPoint
EditedPoint No
MaxField 5000
FieldIncrement 100
Points 129
MinField 0
RampRate 10
AverageTime 10
TimeInterval 0
TimeConstant 0.1
TimeConstantIndex 0
Sensitivity -0.0013
SensitivityIndex 5
SensitivityY -4
SensitivityIndexY 0
SaturationField 8000
ExperimentTime 1290
Use735Domains False
AutoRangeEnabled False
NumberOfVertices 7
VertexPts
0
12
52
64
76
116
128
VertexField
5000
200
-200
-5000
-200
200
5000
StartAngle 0
EndAngle 0
AngleIncrement 0
StartTemp 0
FinishTemp 0
TempIncrement 0
TempPoints 0
LengthofSetPointsArray 129
SetPointArray
5000
4600
4200
3800
3400
3000
2600
2200
1800
1400
1000
600
200
190
180
170
160
150
140
130
120
110
100
90
80
70
60
50
40
30
20
10
0
-10
-20
-30
-40
-50
-60
-70
-80
-90
-100
-110
-120
-130
-140
-150
-160
-170
-180
-190
-200
-600
-1000
-1400
-1800
-2200
-2600
-3000
-3400
-3800
-4200
-4600
-5000
-4600
-4200
-3800
-3400
-3000
-2600
-2200
-1800
-1400
-1000
-600
-200
-190
-180
-170
-160
-150
-140
-130
-120
-110
-100
-90
-80
-70
-60
-50
-40
-30
-20
-10
0
10
20
30
40
50
60
70
80
90
100
110
120
130
140
150
160
170
180
190
200
600
1000
1400
1800
2200
2600
3000
3400
3800
4200
4600
5000
FieldDomainFile c:\Ideasvsm\Default UserID\Experiments\Hannah_5kG\fdomain.ini
TempDomainFile c:\Ideasvsm\Default UserID\Experiments\Hannah_5kG\tdomain.ini
NumSelectedResults 0
ResultsSelected 
UserName1 
UserValue1 
UserName2 
UserValue2 
LinearBackgroundCorrection Off
MaxLinearFieldCorrection 
MinLinearFieldCorrection 
AutoLinearCorrection Off
FitOneRegion Off
BackgroundMode Off
BackgroundFilename 
AutoCenter Off
OffsetCorrection 
SmoothDeriv Off
DerivOrder 0
DerivPoints 0
MinExFieldOne 
MaxExFieldOne 
MinExFieldTwo 
MaxExFieldTwo 
MinPinFieldOne 
MaxPinFieldOne 
MinPinFieldTwo 
MaxPinFieldTwo 
HCenterStart 
Mass 
Volume 
Density 
MolarWeight 
NumberOfMoles 
Demagnetization 
SampleArea 
Thickness 
MomentScaling 0
XAxis 0
YAxis 0
SimpleSpinValve False
HsatMax 0
HsatMin 0
FieldAutoRange True
 
*************************************************** Experiment Data ********************************************
 
DataPoints 129
MomentX Data
0.0000244509
0.0000353715
0.0000470964
0.0000582259
0.0000683867
0.0000793569
0.000089483
0.000100928
0.000110611
0.000121043
0.000131845
0.000143025
0.000152338
0.000153526
0.00015346
0.000153619
0.000153473
0.000154137
0.000154096
0.000154356
0.00015441
0.000154545
0.000153878
0.00015532
0.000154835
0.000154969
0.000155395
0.000156183
0.000155417
0.000155368
0.000155606
0.000156902
0.000157259
0.000155926
0.000155983
0.000156612
0.000156403
0.000157268
0.000156327
0.000157299
0.00015678
0.000157537
0.000157119
0.000159001
0.000158442
0.000158795
0.000157889
0.000159344
0.000158032
0.000159259
0.000158452
0.00015885
0.000158635
0.000170921
0.000180951
0.000192467
0.00020242
0.000212982
0.000225502
0.000236476
0.000248192
0.000255662
0.000267547
0.000280196
0.000290852
0.000278037
0.000267662
0.00025434
0.000244634
0.000233705
0.000222149
0.0002127
0.000201641
0.000190102
0.000179243
0.000169071
0.000157911
0.000158579
0.000157441
0.000157027
0.00015624
0.000156248
0.000156674
0.000156776
0.000155555
0.000155167
0.000155527
0.000156229
0.000154329
0.000153161
0.00015399
0.000153814
0.000153427
0.00015269
0.000152599
0.000153209
0.000151454
0.000151894
0.000151622
0.000151172
0.00015058
0.000149562
0.000149938
0.000149472
0.000149428
0.000149166
0.00014857
0.000148887
0.000148658
0.000146989
0.000147652
0.000147589
0.000148024
0.00014622
0.000146465
0.000146571
0.000145814
0.000135318
0.000124106
0.000113079
0.000103408
0.000092521
0.0000801805
0.0000699689
0.0000583455
0.0000479623
0.0000363978
0.0000265798
0.0000145404
MomentY Data
0.00000495434
0.00000346661
0.00000390053
0.00000685215
0.00000789642
0.00000810623
0.00000717163
0.00000706196
0.00000374317
0.00000549316
0.00000326157
0.000003829
0.00000204086
0.00000201225
0.00000216007
0.000000305176
0.00000132084
0.0000014019
0.00000239372
0.00000378609
0.00000376225
0.00000328064
0.0000041008
0.00000555515
0.00000511169
0.00000120163
0.00000589371
0.0000044632
0.00000611782
0.00000573158
0.00000583649
0.00000532627
0.0000052309
0.00000562668
0.00000455379
0.0000065279
0.00000465393
0.00000337124
0.000004282
0.00000357151
0.00000459671
0.00000347614
0.00000549793
0.00000534058
0.00000640869
0.00000673771
0.00000538826
0.0000064373
0.00000597
0.00000637054
0.00000578403
0.0000030756
0.00000473022
0.00000422001
0.00000658989
0.00000703335
0.00000553131
0.00000730038
0.00000741005
0.00000872135
0.0000074482
0.00000827789
0.00000659943
0.0000071907
0.00000897408
0.00000631809
0.00000755787
0.00000776291
0.00000500202
0.00000704765
0.0000100231
0.00000846386
0.00000511646
0.00000398159
0.00000458241
0.00000483036
0.00000473499
0.00000542164
0.00000181675
0.00000267982
0.00000113964
0.00000383377
0.00000329971
0.00000367165
0.00000448704
0.00000336647
0.00000450611
0.00000320435
0.00000238895
0.00000457764
0.00000461578
0.00000492096
0.00000670433
0.00000535488
0.00000555992
0.00000542641
0.00000525475
0.00000420094
0.00000531197
0.00000439644
0.00000452518
0.00000436783
0.00000374794
0.00000353813
0.00000304222
0.00000612736
0.00000446796
0.00000568867
0.0000054121
0.00000813484
0.00000667095
0.00000594139
0.00000547886
0.00000444412
0.0000060463
0.00000539303
0.00000628471
0.00000663757
0.00000638962
0.00000589371
0.00000628471
0.00000706196
0.00000736237
0.00000708103
0.00000904083
0.0000077343
0.00000766277
0.00000730038
0.00000837326
Field Data
5000.02
4600
4200
3799.99
3399.99
2999.99
2599.99
2199.99
1799.99
1399.99
999.989
599.989
199.988
189.996
180
170.001
159.998
149.998
139.997
129.996
120.001
110
99.9997
89.9997
79.9988
69.9975
59.9984
50.0014
39.9966
29.9974
19.9984
10.0016
-0.0000114493
-10.0028
-20.0014
-29.9994
-40.002
-49.9995
-60.0003
-70.0023
-79.9986
-90.0015
-100
-110.002
-120.002
-130.002
-139.999
-150
-160.001
-169.999
-180.003
-190.003
-200.001
-600.008
-1000.01
-1400.02
-1800.02
-2200.02
-2600.01
-3000.03
-3400.01
-3800.01
-4200.02
-4600.02
-5000.02
-4600
-4199.99
-3800
-3400
-2999.99
-2599.99
-2199.99
-1799.99
-1399.99
-999.989
-599.988
-199.989
-189.999
-179.995
-169.999
-159.997
-149.997
-139.998
-129.999
-119.999
-110.001
-99.9985
-89.9981
-79.9946
-69.9968
-59.993
-49.9996
-39.9972
-29.9973
-19.9985
-9.99934
-0.000623211
9.99913
19.9996
30.0017
40.0043
50.0019
60.0009
70.0014
80.0044
89.9999
100.004
110
120.001
130
140.002
150.001
160.004
170.003
180.001
190.001
200.003
600.007
1000.01
1400.01
1800.02
2200.01
2600.02
3000.02
3400.02
3800.01
4200.01
4600.02
5000.02
Time Data
0
17.643
35.318
52.962
71.667
89.326
107.032
124.707
142.351
159.994
177.669
195.329
214.018
231.692
249.367
267.089
284.811
302.501
320.161
337.804
355.464
373.123
390.813
408.457
426.117
443.791
461.466
479.172
496.832
514.46
532.104
549.763
567.422
585.082
602.725
620.369
638.075
655.797
673.472
691.131
708.775
726.403
744.109
761.753
779.443
797.149
814.84
832.468
850.143
867.849
885.524
903.183
920.811
939.547
957.238
974.928
992.634
1010.31
1028.03
1045.72
1063.4
1082.12
1099.78
1117.44
1135.16
1152.86
1170.51
1188.18
1206.89
1224.59
1242.25
1259.93
1277.62
1295.28
1312.97
1330.67
1349.32
1367.02
1384.71
1402.39
1420.03
1437.67
1455.36
1473.09
1490.76
1508.41
1526.1
1543.75
1561.43
1579.15
1596.81
1614.49
1632.16
1649.87
1667.57
1685.26
1702.95
1720.64
1738.34
1756.03
1773.73
1791.42
1809.14
1826.8
1844.45
1862.17
1879.89
1897.58
1915.24
1932.88
1950.57
1968.26
1985.94
2003.63
2021.31
2039.01
2056.73
2075.44
2093.13
2110.82
2128.51
2146.2
2163.87
2181.58
2199.27
2218.04
2235.7
2253.36
2271.06
Temperature Data
0
0
0
0
0
0
0
0
0
0
0
0
0
0
0
0
0
0
0
0
0
0
0
0
0
0
0
0
0
0
0
0
0
0
0
0
0
0
0
0
0
0
0
0
0
0
0
0
0
0
0
0
0
0
0
0
0
0
0
0
0
0
0
0
0
0
0
0
0
0
0
0
0
0
0
0
0
0
0
0
0
0
0
0
0
0
0
0
0
0
0
0
0
0
0
0
0
0
0
0
0
0
0
0
0
0
0
0
0
0
0
0
0
0
0
0
0
0
0
0
0
0
0
0
0
0
0
0
0
Angle Data
0
0
0
0
0
0
0
0
0
0
0
0
0
0
0
0
0
0
0
0
0
0
0
0
0
0
0
0
0
0
0
0
0
0
0
0
0
0
0
0
0
0
0
0
0
0
0
0
0
0
0
0
0
0
0
0
0
0
0
0
0
0
0
0
0
0
0
0
0
0
0
0
0
0
0
0
0
0
0
0
0
0
0
0
0
0
0
0
0
0
0
0
0
0
0
0
0
0
0
0
0
0
0
0
0
0
0
0
0
0
0
0
0
0
0
0
0
0
0
0
0
0
0
0
0
0
0
0
0
Bx Data
0
0
0
0
0
0
0
0
0
0
0
0
0
0
0
0
0
0
0
0
0
0
0
0
0
0
0
0
0
0
0
0
0
0
0
0
0
0
0
0
0
0
0
0
0
0
0
0
0
0
0
0
0
0
0
0
0
0
0
0
0
0
0
0
0
0
0
0
0
0
0
0
0
0
0
0
0
0
0
0
0
0
0
0
0
0
0
0
0
0
0
0
0
0
0
0
0
0
0
0
0
0
0
0
0
0
0
0
0
0
0
0
0
0
0
0
0
0
0
0
0
0
0
0
0
0
0
0
0
Hint Data
0
0
0
0
0
0
0
0
0
0
0
0
0
0
0
0
0
0
0
0
0
0
0
0
0
0
0
0
0
0
0
0
0
0
0
0
0
0
0
0
0
0
0
0
0
0
0
0
0
0
0
0
0
0
0
0
0
0
0
0
0
0
0
0
0
0
0
0
0
0
0
0
0
0
0
0
0
0
0
0
0
0
0
0
0
0
0
0
0
0
0
0
0
0
0
0
0
0
0
0
0
0
0
0
0
0
0
0
0
0
0
0
0
0
0
0
0
0
0
0
0
0
0
0
0
0
0
0
0
Torque Data
0.0247717990868
0.015946406
0.016382226
0.0260381014785
0.0268477490358
0.0243186089377
0.0186461662837
0.0155362413804
0.0067376685683
0.0076903690684
0.00326153412273
0.002297357881
0.00040814750968
0.000382319451
0.0003888126
0.000051880225176
0.00021133175832
0.0002102821962
0.00033511361884
0.00049217655564
0.00045147376225
0.0003608704
0.00041007876976
0.000499961833455
0.000408929065972
0.000084111095925
0.000353613170064
0.00022316624848
0.000244691999412
0.000171932497892
0.000116720461616
0.000053271222032
-5.989014337E-11
-0.000056282554704
-0.000091082175306
-0.00019583308326
-0.00018616650786
-0.00016856031438
-0.0002569212846
-0.000250013914473
-0.000367730364606
-0.00031285781421
-0.000549793
-0.00058747448116
-0.00076905561738
-0.00087591577542
-0.00075435101174
-0.000965595
-0.00095520597
-0.00108298542946
-0.00104114275209
-0.0005843732268
-0.00094604873022
-0.00253203976008
-0.0065899558989
-0.009846830667
-0.0099564686262
-0.0160609820076
-0.0192662041005
-0.0261643116405
-0.025323954482
-0.0314560647789
-0.0277177379886
-0.033077363814
-0.0448705794816
-0.029063214
-0.0317429784213
-0.029499058
-0.017006868
-0.0211428795235
-0.026059959769
-0.0186204073614
-0.0092095768354
-0.0055741861841
-0.00458235959349
-0.00289815803568
-0.00094694591511
-0.00103010617836
-0.00032700591625
-0.00045556672018
-0.00018233898108
-0.00057505399869
-0.00046195280058
-0.00047731082835
-0.00053844031296
-0.00037031506647
-0.000450604240835
-0.000288385411735
-0.00019110309967
-0.000320420151552
-0.00027691448954
-0.000246046031616
-0.000268154427876
-0.000160631941824
-0.00011119006012
-5.42605185694E-05
-3.27481800225E-09
4.20057451822E-05
0.000106237275212
0.000131900673948
0.000181026658274
0.000218399798877
0.000224879773146
0.000247674053382
0.000243390985768
0.000551461787264
0.00044681387184
0.0006257537
0.0006494574121
0.0010575292
0.0009339463419
0.00089121444139
0.00087663951544
0.00075551373236
0.0010883400463
0.00102468109303
0.00125696085413
0.00398258846299
0.0063896838962
0.0082512529371
0.0113126036942
0.0155363826196
0.0191423092474
0.0212432316206
0.0307390028166
0.029390417343
0.0321837106277
0.0335818940076
0.0418664674652
dMdH Data
-2.73001349932503E-08
-0.00000002931225
-2.78230544236394E-08
-0.000000025402
-0.0000000274255
-0.00000002531525
-0.0000000286125
-0.0000000242075
-0.00000002608
-2.70049324876688E-08
-0.00000002795
-2.32824417938955E-08
-1.18895116092875E-07
6.60264105642077E-09
-1.59015901590142E-08
1.45956213136054E-08
-6.63999999999992E-08
4.09959004099541E-09
-2.59974002599741E-08
-5.40270135067633E-09
-1.34986501349849E-08
6.66979990600268E-08
-1.44199999999999E-07
4.84956353928139E-08
-1.33982582264301E-08
-4.26038343450923E-08
-7.88236470941276E-08
7.65632496401727E-08
4.90039203136377E-09
-2.38023802380245E-08
-1.29641485275288E-07
-3.56942480528971E-08
1.33262838981708E-07
-5.70079811173594E-09
-6.29125825165043E-08
2.08945674124739E-08
-8.65216304076032E-08
9.40924726021935E-08
-9.71805638872242E-08
5.19192101077412E-08
-7.56780533645236E-08
4.18062709406406E-08
-1.88162367526495E-07
5.58999999999992E-08
-3.52999999999974E-08
9.06271881564451E-08
-1.45485451454855E-07
1.31186881311869E-07
-1.22724544908981E-07
8.06677329068368E-08
-3.98000000000005E-08
2.15043008601744E-08
-3.07144624969064E-08
-2.50748746256268E-08
-2.87892802679933E-08
-0.0000000248825
-0.000000026405
-3.1300782519563E-08
-2.74336283185841E-08
-2.92914645732286E-08
-0.000000018675
-2.97117572060698E-08
-3.16225000000001E-08
-0.00000002664
-3.20358982050897E-08
-2.59368515787106E-08
-3.33058326458162E-08
-0.000000024265
-2.7321816954576E-08
-2.88900000000001E-08
-0.0000000236225
-0.0000000276475
-0.0000000288475
-2.71474321314197E-08
-2.54299364251589E-08
-2.79000697501744E-08
6.68668668668669E-08
-1.1375449820072E-07
-4.14165666266492E-08
-7.86842631473711E-08
7.99999999999044E-10
4.26042604260438E-08
1.02010201020082E-08
-1.22099999999998E-07
-3.88077615523116E-08
3.5991002249438E-08
7.01971921123148E-08
-1.89933523266856E-07
-1.16825701654365E-07
8.28685099662144E-08
-1.76116236716239E-08
-3.86907142285846E-08
-7.37007370073704E-08
-9.10109213105535E-09
6.10051244304504E-08
-1.75522523243256E-07
4.40010858983977E-08
-2.7198721660082E-08
-4.49905519840817E-08
-5.91846120008795E-08
-1.01824437865089E-07
3.76037603760387E-08
-4.65976701164961E-08
-4.39868039588004E-09
-2.62117953078891E-08
-5.95755740146545E-08
3.171268507403E-08
-2.28977102289772E-08
-1.66916691669166E-07
6.62867426514673E-08
-6.30063006300521E-09
4.34869539138251E-08
-1.8041804180418E-07
2.45049009801969E-08
1.05999999999988E-08
-7.5684863027394E-08
-2.6239737602624E-08
-2.80297897765767E-08
-0.0000000275675
-2.41768955776106E-08
-2.72181804545113E-08
-3.08504787380316E-08
-0.000000025529
-0.0000000290585
-2.59586489662241E-08
-0.00000002891125
-2.45443863903402E-08
-0.0000000300985
-0.0000000300985
dMdT Data
0
0
0
0
0
0
0
0
0
0
0
0
0
0
0
0
0
0
0
0
0
0
0
0
0
0
0
0
0
0
0
0
0
0
0
0
0
0
0
0
0
0
0
0
0
0
0
0
0
0
0
0
0
0
0
0
0
0
0
0
0
0
0
0
0
0
0
0
0
0
0
0
0
0
0
0
0
0
0
0
0
0
0
0
0
0
0
0
0
0
0
0
0
0
0
0
0
0
0
0
0
0
0
0
0
0
0
0
0
0
0
0
0
0
0
0
0
0
0
0
0
0
0
0
0
0
0
0
0
 
*********************************************** Results ***************************************
 
TotalArea 5.21082319199684E-02
AreaFirstQuad 4.34545676263615E-02
AreaSecondQuad 8.65366429360698E-03
AreaThirdQuad 0
AreaFourthQuad 0
Coercivity 0
PositiveCoercivity 0
NegativeCoercivity 0
Retentivity 2.90248608468255E-06
PositiveRetentivity 1.57258999591326E-04
NegativeRetentivity 1.51454027421961E-04
Magnetization 0.000290852
PositiveMagnetization 0.000290852
NegativeMagnetization 0.0000145404
Flatness -53.1807936379911
Squareness 9.97925434476142E-03
SStar 0
SFD1 0
SFD2 0
Slope 0
Intercept 0
SlopeAtHc -0.0000000300985
dH1 0
dH2 249.9968
InitialSlope -2.73001349932503E-08
FieldAtHalfMs 0
FieldAtMs -5000.02
MomentMean 1.5321742248062E-04
MomentRMS 5.00022660046167E-05
SFD3 0
dH3 0
UserField1 0
UserField2 0
CenterField 0
ExchangeField 0
ExchangeMoment 0
ExRegionOneIntercept 0
ExRegionOneSlope 0
ExRegionTwoIntercept 0
ExRegionTwoSlope 0
NegativeIntercept 0
NegativeSlope 0
AutoCenterOffset 0
PinningField 0
PinningMoment 0
PinRegionOneIntercept 0
PinRegionOneSlope 0
PinRegionTwoIntercept 0
PinRegionTwoSlope 0
PositiveIntercept 0
PositiveSlope 0
TotalOffset 0
BHMax 0
BCoercivity 0
BRetentivity 0
BNegativeCoercivity 0
BPositiveCoercivity 0
BNegativeRetentivity 0
BPositiveRetentivity 0
MomentYMean 5.25707392248062E-06
MomentYRMS 1.86567920380607E-06
YOffCorrection 0
Mrt 0
Ms1 0
Ms2 0
Ms3 0
Hc2 0
Hex2 0
HsatValue 0
HsatIntercept 0
HsatSlope 0
CenterH 0
Span .0002763116
SpanAsPercentOfRange -21.2547384615385
RMSAsPercentOfRange -3.84632815420128
SpanAsPercentOfMean 180.339543327685
RMSAsPercentOfMean 32.6348434760683
