Version 1.25
******************************************** Units *******************************************
System CGS
TemperatureUnit K
MomentUnit emu
AppliedFieldUnit G
 
******************************************** Setup ********************************************
 
Experiment CustomField
Minor False
Acquisition PointByPoint
EditedPoint No
MaxField 15000
FieldIncrement 1000
Points 81
MinField 0
RampRate 133.333333333333
AverageTime 6
TimeInterval 0
TimeConstant 1
TimeConstantIndex 2
Sensitivity -0.0015
SensitivityIndex 5
SensitivityY -4
SensitivityIndexY 0
SaturationField 8000
ExperimentTime 486
Use735Domains False
AutoRangeEnabled False
NumberOfVertices 7
VertexPts
0
10
30
40
50
70
80
VertexField
15000
2000
-2000
-15000
-2000
2000
15000
StartAngle 0
EndAngle 0
AngleIncrement 0
StartTemp 0
FinishTemp 0
TempIncrement 0
TempPoints 0
LengthofSetPointsArray 81
SetPointArray
15000
13700
12400
11100
9800
8500
7200
5900
4600
3300
2000
1800
1600
1400
1200
1000
800
600
400
200
0
-200
-400
-600
-800
-1000
-1200
-1400
-1600
-1800
-2000
-3300
-4600
-5900
-7200
-8500
-9800
-11100
-12400
-13700
-15000
-13700
-12400
-11100
-9800
-8500
-7200
-5900
-4600
-3300
-2000
-1800
-1600
-1400
-1200
-1000
-800
-600
-400
-200
0
200
400
600
800
1000
1200
1400
1600
1800
2000
3300
4600
5900
7200
8500
9800
11100
12400
13700
15000
FieldDomainFile c:\Ideasvsm\Default UserID\Experiments\Jason_1p5T_fast\fdomain.ini
TempDomainFile c:\Ideasvsm\Default UserID\Experiments\Jason_1p5T_fast\tdomain.ini
NumSelectedResults 0
ResultsSelected 
UserName1 
UserValue1 
UserName2 
UserValue2 
LinearBackgroundCorrection Off
MaxLinearFieldCorrection 
MinLinearFieldCorrection 
AutoLinearCorrection Off
FitOneRegion Off
BackgroundMode Off
BackgroundFilename 
AutoCenter Off
OffsetCorrection 
SmoothDeriv Off
DerivOrder 0
DerivPoints 0
MinExFieldOne 
MaxExFieldOne 
MinExFieldTwo 
MaxExFieldTwo 
MinPinFieldOne 
MaxPinFieldOne 
MinPinFieldTwo 
MaxPinFieldTwo 
HCenterStart 
Mass 
Volume 
Density 
MolarWeight 
NumberOfMoles 
Demagnetization 
SampleArea 
Thickness 
MomentScaling 0
XAxis 0
YAxis 0
SimpleSpinValve False
HsatMax 0
HsatMin 0
FieldAutoRange True
 
*************************************************** Experiment Data ********************************************
 
DataPoints 67
MomentX Data
0.000285822
0.000328877
0.00036946
0.00041265
0.000448537
0.000492591
0.000534183
0.000573674
0.000615813
0.00063403
0.000659658
0.000663839
0.000665298
0.000670324
0.000672709
0.000677312
0.000682028
0.000683909
0.000689597
0.000690687
0.000690797
0.000691985
0.000694754
0.000699487
0.00070167
0.000702372
0.000701358
0.000706311
0.000708818
0.000714664
0.000718168
0.000743822
0.000766205
0.000794204
0.000840728
0.000872754
0.000929441
0.000960038
0.00100003
0.00103733
0.00107588
0.00103924
0.00100211
0.000963786
0.000922754
0.00088935
0.000845717
0.000816123
0.000786265
0.000759392
0.000743354
0.000743492
0.000740794
0.000738322
0.000740166
0.00073981
0.000736105
0.000738225
0.000734445
0.000736018
0.000737735
0.00073996
0.000736508
0.000737605
0.000738293
0.000740447
0.000738526
MomentY Data
0.00000157356
0.00000354449
-0.00000162919
-0.00000387828
-0.000000842412
-0.00000394185
-0.00000282923
-0.00000449022
-0.00000470479
-0.00000212193
-0.00000561078
-0.00000634193
-0.00000700156
-0.00000593662
-0.00000472864
-0.00000429948
-0.00000631015
-0.00000511805
-0.00000695388
-0.0000057141
-0.00000500679
-0.00000676314
-0.00000673135
-0.00000544389
-0.00000656446
-0.00000487169
-0.00000523726
-0.00000452201
-0.00000428359
-0.00000477632
-0.00000384649
-0.00000252724
-0.00000285308
-0.00000210603
-0.00000464122
-0.00000413259
-0.00000651677
-0.00000698566
-0.00000775655
-0.0000057141
-0.00000531673
-0.00000329812
-0.0000025034
-0.00000782013
-0.00000533263
-0.00000375907
-0.00000490348
-0.00000158151
-0.00000127157
-0.00000316302
-0.00000522137
-0.00000584126
-0.00000588894
-0.00000419617
-0.00000631015
-0.0000064373
-0.00000647704
-0.00000449816
-0.000005126
-0.000005277
-0.00000476042
-0.00000542005
-0.00000508626
-0.00000521342
-0.00000485579
-0.00000617504
-0.00000627041
Field Data
15000
13700
12400
11100
9799.98
8499.96
7199.97
5899.96
4599.95
3299.96
1999.96
1799.98
1599.98
1399.98
1199.98
999.986
799.985
599.986
399.987
199.983
-0.0149931
-200.019
-400.016
-600.017
-800.012
-1000.02
-1200.01
-1400.02
-1600.01
-1800.01
-2000.01
-3300.04
-4600.04
-5900.07
-7200.06
-8500.04
-9800.03
-11100
-12400
-13700
-15000
-13700
-12400
-11100
-9799.98
-8499.97
-7199.96
-5899.97
-4599.97
-3299.97
-1999.96
-1799.98
-1599.99
-1399.99
-1199.98
-999.985
-799.99
-599.984
-399.986
-199.987
0.0161648
200.013
400.015
600.019
800.015
1000.02
1200.02
Time Data
0
14.555
29.094
43.633
58.157
72.665
87.204
101.744
116.267
131.868
146.376
159.901
173.426
186.951
200.508
214.002
227.512
241.068
254.609
269.148
282.658
296.137
310.676
324.186
337.726
351.221
364.777
378.287
391.781
405.259
418.8
433.339
448.908
463.448
478.003
492.557
507.066
521.589
536.16
550.683
565.238
579.793
594.317
608.856
623.364
637.904
652.443
666.951
681.459
696.997
711.552
725.061
738.602
752.096
765.622
779.178
792.75
806.275
819.801
834.293
847.881
861.422
875.945
889.44
902.949
916.521
930
Temperature Data
0
0
0
0
0
0
0
0
0
0
0
0
0
0
0
0
0
0
0
0
0
0
0
0
0
0
0
0
0
0
0
0
0
0
0
0
0
0
0
0
0
0
0
0
0
0
0
0
0
0
0
0
0
0
0
0
0
0
0
0
0
0
0
0
0
0
0
Angle Data
0
0
0
0
0
0
0
0
0
0
0
0
0
0
0
0
0
0
0
0
0
0
0
0
0
0
0
0
0
0
0
0
0
0
0
0
0
0
0
0
0
0
0
0
0
0
0
0
0
0
0
0
0
0
0
0
0
0
0
0
0
0
0
0
0
0
0
Bx Data
0
0
0
0
0
0
0
0
0
0
0
0
0
0
0
0
0
0
0
0
0
0
0
0
0
0
0
0
0
0
0
0
0
0
0
0
0
0
0
0
0
0
0
0
0
0
0
0
0
0
0
0
0
0
0
0
0
0
0
0
0
0
0
0
0
0
0
Hint Data
0
0
0
0
0
0
0
0
0
0
0
0
0
0
0
0
0
0
0
0
0
0
0
0
0
0
0
0
0
0
0
0
0
0
0
0
0
0
0
0
0
0
0
0
0
0
0
0
0
0
0
0
0
0
0
0
0
0
0
0
0
0
0
0
0
0
0
Torque Data
0.0236034
0.048559513
-0.020201956
-0.043048908
-0.00825562075176
-0.033505567326
-0.0203703711231
-0.0264921183912
-0.0216417987605
-0.0070022841228
-0.0112213355688
-0.0114153471614
-0.0112023559688
-0.0083111492676
-0.0056742734272
-0.00429941980728
-0.00504802534775
-0.0030707583473
-0.00278146159956
-0.0011427228603
7.5067303149E-08
0.00135275649966
0.0026926477016
0.00326642654613
0.00525164677352
0.0048717874338
0.0062847643726
0.0063309044402
0.0068537868359
0.0085974237632
0.0076930184649
0.0083399930896
0.0131242821232
0.0124257244221
0.0334170624732
0.0351271803036
0.0638645415031
0.077540826
0.09618122
0.07828317
0.07975095
0.045184244
0.03104216
0.086803443
0.0522596673474
0.0319519822279
0.0353048598608
0.0093308615547
0.0058491838529
0.0104378711094
0.0104425311452
0.0105141511748
0.0094222451106
0.0058745960383
0.007572053797
0.0064372034405
0.0051815672296
0.00269882402944
0.002050328236
0.001055331399
-7.6951237216E-08
-0.00108408046065
-0.0020345802939
-0.00312815105498
-0.00388470483685
-0.0061751635008
-0.0075246174082
dMdH Data
-3.31192307692308E-08
-3.12176923076923E-08
-3.32230769230769E-08
-2.76049599236935E-08
-3.38871709666005E-08
-3.19940922622482E-08
-3.03774586349336E-08
-3.24143660433381E-08
-1.40131847168056E-08
-1.97138461538461E-08
-2.0907090709071E-08
-7.29499999999994E-09
-2.51299999999999E-08
-1.19249999999997E-08
-2.30156904707144E-08
-2.35798821005894E-08
-9.40504702523521E-09
-2.8440142200711E-08
-5.44989100218012E-09
-5.50005519030367E-10
-5.9398809974539E-09
-1.38452076781152E-08
-2.36648816755918E-08
-1.09152728818221E-08
-3.50985960561575E-09
5.07025351267577E-09
-2.47637618119096E-08
-1.25356267813386E-08
-0.00000002923
-1.75200000000005E-08
-1.97333907679053E-08
-1.72176923076923E-08
-2.15371952954932E-08
-3.57879675997508E-08
-2.46357636271327E-08
-4.36057200440004E-08
-2.35366970007E-08
-3.0763076923077E-08
-2.86923076923076E-08
-2.96538461538462E-08
-2.81846153846153E-08
-2.85615384615385E-08
-0.00000002948
-3.15625913447485E-08
-2.56951869601003E-08
-3.35635879724003E-08
-2.27647904983884E-08
-2.29676923076923E-08
-2.06715384615384E-08
-1.23368281782448E-08
6.90069006900712E-10
-1.34906745337266E-08
-0.00000001236
9.21953902304874E-09
-1.78004450111236E-09
-1.85254631365784E-08
1.05996820095396E-08
-1.890018900189E-08
7.86503932519632E-09
8.58486415310983E-09
1.11251760447858E-08
-1.72598274017262E-08
5.48489030219412E-09
3.44006880137598E-09
1.0769730756731E-08
-9.60499999999999E-09
-9.60499999999999E-09
dMdT Data
0
0
0
0
0
0
0
0
0
0
0
0
0
0
0
0
0
0
0
0
0
0
0
0
0
0
0
0
0
0
0
0
0
0
0
0
0
0
0
0
0
0
0
0
0
0
0
0
0
0
0
0
0
0
0
0
0
0
0
0
0
0
0
0
0
0
0
 
*********************************************** Results ***************************************
 
TotalArea -0.445567032969062
AreaFirstQuad -0.252706628011742
AreaSecondQuad -0.192860404957319
AreaThirdQuad 0
AreaFourthQuad 0
Coercivity 0
PositiveCoercivity 0
NegativeCoercivity 0
Retentivity 2.34689347368378E-05
PositiveRetentivity 6.90796991753712E-04
NegativeRetentivity 7.37734861227388E-04
Magnetization 0.00107588
PositiveMagnetization 0.00107588
NegativeMagnetization 0.000285822
Flatness -28.434526939538
Squareness 2.18137103922722E-02
SStar 0
SFD1 0
SFD2 0
Slope 0
Intercept 0
SlopeAtHc -9.60499999999999E-09
dH1 0
dH2 699.9915
InitialSlope -3.31192307692308E-08
FieldAtHalfMs 0
FieldAtMs -15000
MomentMean 7.28154567164179E-04
MomentRMS 1.54725091897447E-04
SFD3 0
dH3 0
UserField1 0
UserField2 0
CenterField 0
ExchangeField 0
ExchangeMoment 0
ExRegionOneIntercept 0
ExRegionOneSlope 0
ExRegionTwoIntercept 0
ExRegionTwoSlope 0
NegativeIntercept 0
NegativeSlope 0
AutoCenterOffset 0
PinningField 0
PinningMoment 0
PinRegionOneIntercept 0
PinRegionOneSlope 0
PinRegionTwoIntercept 0
PinRegionTwoSlope 0
PositiveIntercept 0
PositiveSlope 0
TotalOffset 0
BHMax 0
BCoercivity 0
BRetentivity 0
BNegativeCoercivity 0
BPositiveCoercivity 0
BNegativeRetentivity 0
BPositiveRetentivity 0
MomentYMean -4.63611510447761E-06
MomentYRMS 2.02365792282964E-06
YOffCorrection 0
Mrt 0
Ms1 0
Ms2 0
Ms3 0
Hc2 0
Hex2 0
HsatValue 0
HsatIntercept 0
HsatSlope 0
CenterH 0
Span .000790058
SpanAsPercentOfRange -52.6705333333333
RMSAsPercentOfRange -10.3150061264965
SpanAsPercentOfMean 108.501413796923
RMSAsPercentOfMean 21.2489351677115
