Version 1.25
******************************************** Units *******************************************
System CGS
TemperatureUnit K
MomentUnit emu
AppliedFieldUnit G
 
******************************************** Setup ********************************************
 
Experiment CustomField
Minor False
Acquisition PointByPoint
EditedPoint No
MaxField 5000
FieldIncrement 100
Points 51
MinField 0
RampRate 10
AverageTime 10
TimeInterval 0
TimeConstant 0.1
TimeConstantIndex 0
Sensitivity -0.0013
SensitivityIndex 5
SensitivityY -4
SensitivityIndexY 0
SaturationField 8000
ExperimentTime 510
Use735Domains False
AutoRangeEnabled False
NumberOfVertices 7
VertexPts
0
5
20
25
30
45
50
VertexField
5000
1750
-1750
-5000
-1750
1750
5000
StartAngle 0
EndAngle 0
AngleIncrement 0
StartTemp 0
FinishTemp 0
TempIncrement 0
TempPoints 0
LengthofSetPointsArray 51
SetPointArray
5000
4350
3700
3050
2400
1750
1516.66666666667
1283.33333333333
1050
816.666666666667
583.333333333333
350
116.666666666667
-116.666666666667
-350
-583.333333333333
-816.666666666667
-1050
-1283.33333333333
-1516.66666666667
-1750
-2400
-3050
-3700
-4350
-5000
-4350
-3700
-3050
-2400
-1750
-1516.66666666667
-1283.33333333333
-1050
-816.666666666667
-583.333333333333
-350
-116.666666666667
116.666666666667
350
583.333333333333
816.666666666667
1050
1283.33333333333
1516.66666666667
1750
2400
3050
3700
4350
5000
FieldDomainFile c:\Ideasvsm\Default UserID\Experiments\Hannah_5kG_fast\fdomain.ini
TempDomainFile c:\Ideasvsm\Default UserID\Experiments\Hannah_5kG_fast\tdomain.ini
NumSelectedResults 0
ResultsSelected 
UserName1 
UserValue1 
UserName2 
UserValue2 
LinearBackgroundCorrection Off
MaxLinearFieldCorrection 
MinLinearFieldCorrection 
AutoLinearCorrection Off
FitOneRegion Off
BackgroundMode Off
BackgroundFilename 
AutoCenter Off
OffsetCorrection 
SmoothDeriv Off
DerivOrder 0
DerivPoints 0
MinExFieldOne 
MaxExFieldOne 
MinExFieldTwo 
MaxExFieldTwo 
MinPinFieldOne 
MaxPinFieldOne 
MinPinFieldTwo 
MaxPinFieldTwo 
HCenterStart 
Mass 
Volume 
Density 
MolarWeight 
NumberOfMoles 
Demagnetization 
SampleArea 
Thickness 
MomentScaling 0
XAxis 0
YAxis 0
SimpleSpinValve False
HsatMax 0
HsatMin 0
FieldAutoRange True
 
*************************************************** Experiment Data ********************************************
 
DataPoints 51
MomentX Data
0.000228387
0.000245547
0.000263066
0.000280174
0.000297086
0.000311385
0.000317955
0.000323213
0.000328031
0.000333151
0.000338158
0.000340106
0.000337433
0.000145055
0.000142051
0.000143733
0.000149597
0.000154474
0.000159999
0.000164892
0.000170869
0.00018623
0.000205271
0.000220743
0.000236946
0.00025302
0.000235614
0.000218942
0.000200901
0.000185154
0.000170525
0.000164756
0.000157709
0.000153312
0.000147403
0.000143297
0.000139531
0.00014276
0.000336966
0.000339327
0.000336457
0.000331464
0.00032614
0.00031944
0.000315621
0.000309515
0.000292864
0.000277351
0.000257738
0.000244287
0.000226721
MomentY Data
-0.0000043869
-0.00000457764
-0.00000552654
-0.00000601292
-0.00000617027
-0.00000767231
-0.00000649929
-0.00000743866
-0.00000631332
-0.00000789642
-0.0000074482
-0.00000760555
-0.00000745773
-0.00000647545
-0.00000506878
-0.0000062418
-0.00000629902
-0.00000498295
-0.00000546455
-0.00000535488
-0.00000548363
-0.00000470638
-0.000003438
-0.00000362873
-0.00000758648
-0.00000312805
-0.00000313282
-0.00000507355
-0.00000449657
-0.00000643253
-0.00000780582
-0.00000505924
-0.00000697613
-0.00000539303
-0.00000721455
-0.00000754356
-0.00000654221
-0.00000721455
-0.00000721931
-0.00000581264
-0.00000631809
-0.00000780582
-0.00000645161
-0.00000658035
-0.00000832558
-0.00000842094
-0.00000817776
-0.00000585079
-0.0000067234
-0.00000777245
-0.00000778675
Field Data
5000.02
4350
3699.99
3050
2399.99
1749.99
1516.66
1283.33
1049.99
816.661
583.322
349.993
116.655
-116.677
-350.011
-583.346
-816.677
-1050.01
-1283.35
-1516.68
-1750.01
-2400.02
-3050.02
-3700.02
-4350.02
-5000.03
-4350
-3699.99
-3049.99
-2399.99
-1749.98
-1516.65
-1283.32
-1049.99
-816.66
-583.323
-349.99
-116.658
116.678
350.012
583.344
816.676
1050.01
1283.34
1516.68
1750.01
2400.02
3050.03
3700.02
4350.03
5000.03
Time Data
0
17.706
35.381
54.101
71.838
89.544
107.204
124.894
142.6
161.258
178.933
197.622
215.312
233.003
250.693
269.413
287.073
304.841
322.547
340.238
357.913
375.556
393.231
411.936
429.626
447.348
465.101
482.792
501.512
519.155
536.877
554.568
572.243
589.902
607.592
625.267
643.972
661.693
679.353
697.075
715.81
733.532
751.191
768.882
787.571
806.197
823.919
842.623
861.312
880.001
897.723
Temperature Data
0
0
0
0
0
0
0
0
0
0
0
0
0
0
0
0
0
0
0
0
0
0
0
0
0
0
0
0
0
0
0
0
0
0
0
0
0
0
0
0
0
0
0
0
0
0
0
0
0
0
0
Angle Data
0
0
0
0
0
0
0
0
0
0
0
0
0
0
0
0
0
0
0
0
0
0
0
0
0
0
0
0
0
0
0
0
0
0
0
0
0
0
0
0
0
0
0
0
0
0
0
0
0
0
0
Bx Data
0
0
0
0
0
0
0
0
0
0
0
0
0
0
0
0
0
0
0
0
0
0
0
0
0
0
0
0
0
0
0
0
0
0
0
0
0
0
0
0
0
0
0
0
0
0
0
0
0
0
0
Hint Data
0
0
0
0
0
0
0
0
0
0
0
0
0
0
0
0
0
0
0
0
0
0
0
0
0
0
0
0
0
0
0
0
0
0
0
0
0
0
0
0
0
0
0
0
0
0
0
0
0
0
0
Torque Data
-0.021934587738
-0.019912734
-0.0204481427346
-0.018339406
-0.0148085862973
-0.0134264657769
-0.0098572131714
-0.0095462555378
-0.0066289228668
-0.00644869825362
-0.0043446989204
-0.00266188926115
-0.00086998149315
0.00075553607965
0.00177412875658
0.0036411290628
0.00514426475654
0.0052321473295
0.0070129302425
0.0081216393984
0.0095964073363
0.0112954061276
0.01048596876
0.0134263735746
0.0330013397296
0.0156403438415
0.013627767
0.0187720842645
0.0137144935343
0.0154380076747
0.0136600288836
0.007673096346
0.0089526071516
0.0056626275697
0.005891834403
0.00440033204988
0.0022897080779
0.0008416349739
-0.00084233465218
-0.00203449375168
-0.00368561989296
-0.00637482585432
-0.0067742550161
-0.008444826369
-0.0126272406744
-0.0147367292094
-0.0196267875552
-0.0178450850237
-0.024876714468
-0.0338103906735
-0.0389339836025
dMdH Data
-2.6399187717301E-08
-2.69518930477993E-08
-2.63204049293066E-08
-2.6018061260596E-08
-2.19984615384616E-08
-2.81575451077871E-08
-2.2534607637252E-08
-2.06479814862433E-08
-2.19432646606294E-08
-2.14580503044927E-08
-8.3487264763488E-09
1.14554851760109E-08
8.24481854182024E-07
1.28742489307173E-08
-7.2085199391433E-09
-2.51316798882275E-08
-2.09014584306549E-08
-2.3677894917288E-08
-2.09702995757082E-08
-2.56160802297176E-08
-2.36319441239366E-08
-2.92938461538461E-08
-2.38030769230769E-08
-2.49276923076923E-08
-2.47288503253797E-08
-2.67772256665077E-08
-2.56488361717512E-08
-2.77553846153846E-08
-2.42261538461538E-08
-2.250580760296E-08
-2.47246389234132E-08
-3.02018600265719E-08
-1.88445549222131E-08
-2.53246474949643E-08
-1.75968663349576E-08
-1.61400230571758E-08
1.38386505065743E-08
8.32301916549525E-07
1.01185425184499E-08
-1.23000702861158E-08
-2.13986937068212E-08
-2.28170776654925E-08
-2.87146959242275E-08
-1.63666752378504E-08
-2.61689452706466E-08
-2.56165289764773E-08
-2.38657866802049E-08
-3.01743103740058E-08
-2.06935277918801E-08
-2.70246153846153E-08
-2.70246153846153E-08
dMdT Data
0
0
0
0
0
0
0
0
0
0
0
0
0
0
0
0
0
0
0
0
0
0
0
0
0
0
0
0
0
0
0
0
0
0
0
0
0
0
0
0
0
0
0
0
0
0
0
0
0
0
0
 
*********************************************** Results ***************************************
 
TotalArea 2.14735914520001E-02
AreaFirstQuad 1.32270578297661E-02
AreaSecondQuad 8.24653362223395E-03
AreaThirdQuad 0
AreaFourthQuad 0
Coercivity 0
PositiveCoercivity 0
NegativeCoercivity 0
Retentivity 6.99196159780735E-07
PositiveRetentivity 2.41253069300396E-04
NegativeRetentivity 2.39854676980835E-04
Magnetization 0.000340106
PositiveMagnetization 0.000340106
NegativeMagnetization 0.000139531
Flatness -344.043470170162
Squareness 2.05581836186582E-03
SStar 0
SFD1 0
SFD2 0
Slope 0
Intercept 0
SlopeAtHc -2.70246153846153E-08
dH1 0
dH2 3025.0015
InitialSlope -2.6399187717301E-08
FieldAtHalfMs 0
FieldAtMs 349.993
MomentMean 2.40203274509804E-04
MomentRMS 7.31082358356645E-05
SFD3 0
dH3 0
UserField1 0
UserField2 0
CenterField 0
ExchangeField 0
ExchangeMoment 0
ExRegionOneIntercept 0
ExRegionOneSlope 0
ExRegionTwoIntercept 0
ExRegionTwoSlope 0
NegativeIntercept 0
NegativeSlope 0
AutoCenterOffset 0
PinningField 0
PinningMoment 0
PinRegionOneIntercept 0
PinRegionOneSlope 0
PinRegionTwoIntercept 0
PinRegionTwoSlope 0
PositiveIntercept 0
PositiveSlope 0
TotalOffset 0
BHMax 0
BCoercivity 0
BRetentivity 0
BNegativeCoercivity 0
BPositiveCoercivity 0
BNegativeRetentivity 0
BPositiveRetentivity 0
MomentYMean -6.25479411764706E-06
MomentYRMS 1.38553183662618E-06
YOffCorrection 0
Mrt 0
Ms1 0
Ms2 0
Ms3 0
Hc2 0
Hex2 0
HsatValue 0
HsatIntercept 0
HsatSlope 0
CenterH 0
Span .000200575
SpanAsPercentOfRange -15.4288461538462
RMSAsPercentOfRange -5.62371044889727
SpanAsPercentOfMean 83.5021922200372
RMSAsPercentOfMean 30.4359863473387
