Version 1.25
******************************************** Units *******************************************
System CGS
TemperatureUnit K
MomentUnit emu
AppliedFieldUnit G
 
******************************************** Setup ********************************************
 
Experiment CustomField
Minor False
Acquisition PointByPoint
EditedPoint No
MaxField 15000
FieldIncrement 1000
Points 81
MinField 0
RampRate 133.333333333333
AverageTime 6
TimeInterval 0
TimeConstant 1
TimeConstantIndex 2
Sensitivity -0.0015
SensitivityIndex 5
SensitivityY -4
SensitivityIndexY 0
SaturationField 8000
ExperimentTime 486
Use735Domains False
AutoRangeEnabled False
NumberOfVertices 7
VertexPts
0
10
30
40
50
70
80
VertexField
15000
2000
-2000
-15000
-2000
2000
15000
StartAngle 0
EndAngle 0
AngleIncrement 0
StartTemp 0
FinishTemp 0
TempIncrement 0
TempPoints 0
LengthofSetPointsArray 81
SetPointArray
15000
13700
12400
11100
9800
8500
7200
5900
4600
3300
2000
1800
1600
1400
1200
1000
800
600
400
200
0
-200
-400
-600
-800
-1000
-1200
-1400
-1600
-1800
-2000
-3300
-4600
-5900
-7200
-8500
-9800
-11100
-12400
-13700
-15000
-13700
-12400
-11100
-9800
-8500
-7200
-5900
-4600
-3300
-2000
-1800
-1600
-1400
-1200
-1000
-800
-600
-400
-200
0
200
400
600
800
1000
1200
1400
1600
1800
2000
3300
4600
5900
7200
8500
9800
11100
12400
13700
15000
FieldDomainFile c:\Ideasvsm\Default UserID\Experiments\Jason_1p5T_fast\fdomain.ini
TempDomainFile c:\Ideasvsm\Default UserID\Experiments\Jason_1p5T_fast\tdomain.ini
NumSelectedResults 0
ResultsSelected 
UserName1 
UserValue1 
UserName2 
UserValue2 
LinearBackgroundCorrection Off
MaxLinearFieldCorrection 
MinLinearFieldCorrection 
AutoLinearCorrection Off
FitOneRegion Off
BackgroundMode Off
BackgroundFilename 
AutoCenter Off
OffsetCorrection 
SmoothDeriv Off
DerivOrder 0
DerivPoints 0
MinExFieldOne 
MaxExFieldOne 
MinExFieldTwo 
MaxExFieldTwo 
MinPinFieldOne 
MaxPinFieldOne 
MinPinFieldTwo 
MaxPinFieldTwo 
HCenterStart 
Mass 
Volume 
Density 
MolarWeight 
NumberOfMoles 
Demagnetization 
SampleArea 
Thickness 
MomentScaling 0
XAxis 0
YAxis 0
SimpleSpinValve False
HsatMax 0
HsatMin 0
FieldAutoRange True
 
*************************************************** Experiment Data ********************************************
 
DataPoints 81
MomentX Data
0.000128548
0.000144834
0.000162029
0.000182441
0.000193932
0.000214309
0.000238417
0.000259735
0.000278594
0.000280086
0.000272499
0.000270785
0.000271836
0.00027121
0.000266468
0.000265908
0.000265162
0.000261833
0.000261016
0.000258017
0.000257868
0.000253775
0.000252737
0.000250999
0.000249006
0.000247982
0.000246651
0.000244764
0.000244475
0.000244931
0.000245027
0.000240151
0.000242755
0.000264195
0.000275201
0.000295675
0.000321772
0.000339057
0.000357206
0.000375553
0.000391486
0.000372079
0.000355016
0.00033714
0.00031733
0.000302101
0.000282698
0.000261484
0.000237535
0.000235655
0.000244685
0.000246516
0.000247407
0.000250703
0.000250875
0.000251474
0.000253459
0.000255918
0.00025886
0.000259641
0.000261481
0.000263487
0.000266073
0.00026782
0.000269651
0.000270947
0.000271697
0.000273457
0.000273205
0.000274929
0.000272292
0.000277409
0.000272848
0.000249464
0.000235621
0.000213609
0.000196938
0.000178921
0.000159207
0.000144113
0.000126919
MomentY Data
-0.00000314713
-0.00000376701
-0.00000332991
-0.00000563463
-0.00000181993
-0.00000282923
-0.00000514984
-0.00000348091
-0.00000267824
-0.00000340144
-0.00000621478
-0.00000699361
-0.0000063022
-0.00000712872
-0.0000076135
-0.00000681082
-0.0000064373
-0.00000667572
-0.00000808239
-0.00000688235
-0.00000711282
-0.00000598431
-0.00000792344
-0.00000797113
-0.00000758171
-0.00000874201
-0.00000811418
-0.00000656446
-0.00000819365
-0.00000816186
-0.00000801881
-0.00000548363
-0.00000629425
-0.00000565052
-0.00000517368
-0.0000067393
-0.0000054121
-0.00000703335
-0.00000841618
-0.00000688235
-0.00000727177
-0.00000790755
-0.00000652472
-0.00000615915
-0.00000696977
-0.0000042518
-0.00000500679
-0.00000549952
-0.00000437101
-0.00000660419
-0.00000815392
-0.00000940164
-0.00000796318
-0.00000931422
-0.00000873407
-0.00000802676
-0.00000654062
-0.00000669956
-0.00000642935
-0.00000725587
-0.00000690619
-0.00000777245
-0.00000824928
-0.00000867844
-0.00000847181
-0.00000730356
-0.00000933806
-0.00000876586
-0.00000663598
-0.00000886122
-0.0000103792
-0.00000668367
-0.00000639757
-0.0000071764
-0.00000741482
-0.00000511805
-0.0000057141
-0.00000712872
-0.00000777245
-0.00000553131
-0.00000424385
Field Data
15000
13700
12400
11100
9799.98
8499.97
7199.96
5899.97
4599.97
3299.96
1999.96
1799.98
1599.98
1399.99
1199.98
999.988
799.987
599.983
399.988
199.983
-0.0160388
-200.011
-400.015
-600.017
-800.02
-1000.02
-1200.01
-1400.02
-1600.02
-1800.02
-2000.02
-3300.05
-4600.07
-5900.06
-7200.05
-8500.04
-9800.02
-11100
-12400
-13700
-15000
-13700
-12400
-11100
-9799.99
-8499.98
-7199.97
-5899.97
-4599.97
-3299.98
-1999.96
-1799.98
-1599.98
-1399.99
-1199.99
-999.985
-799.987
-599.983
-399.985
-199.981
0.0192798
200.014
400.019
600.016
800.017
1000.02
1200.01
1400.02
1600.01
1800.01
2000.02
3300.04
4600.06
5900.07
7200.07
8500.04
9800.04
11100
12400
13700
15000
Time Data
0
14.57
29.125
43.633
58.126
72.665
87.205
101.713
116.268
131.821
146.345
159.823
173.348
186.842
200.383
213.877
227.418
240.912
254.422
268.946
282.487
295.965
310.504
324.014
337.555
351.065
364.606
378.146
391.641
405.228
418.738
433.277
448.799
463.339
477.878
492.433
506.956
521.496
536.082
550.606
565.16
579.7
594.239
608.778
623.333
637.841
652.365
666.857
681.412
696.997
711.521
725.061
738.587
752.159
765.7
779.241
792.75
806.229
819.738
834.325
847.819
861.36
875.868
889.408
902.949
916.459
929.969
943.478
957.019
970.56
984.101
998.609
1014.15
1028.69
1043.21
1057.75
1072.27
1086.83
1101.38
1115.89
1130.45
Temperature Data
0
0
0
0
0
0
0
0
0
0
0
0
0
0
0
0
0
0
0
0
0
0
0
0
0
0
0
0
0
0
0
0
0
0
0
0
0
0
0
0
0
0
0
0
0
0
0
0
0
0
0
0
0
0
0
0
0
0
0
0
0
0
0
0
0
0
0
0
0
0
0
0
0
0
0
0
0
0
0
0
0
Angle Data
0
0
0
0
0
0
0
0
0
0
0
0
0
0
0
0
0
0
0
0
0
0
0
0
0
0
0
0
0
0
0
0
0
0
0
0
0
0
0
0
0
0
0
0
0
0
0
0
0
0
0
0
0
0
0
0
0
0
0
0
0
0
0
0
0
0
0
0
0
0
0
0
0
0
0
0
0
0
0
0
0
Bx Data
0
0
0
0
0
0
0
0
0
0
0
0
0
0
0
0
0
0
0
0
0
0
0
0
0
0
0
0
0
0
0
0
0
0
0
0
0
0
0
0
0
0
0
0
0
0
0
0
0
0
0
0
0
0
0
0
0
0
0
0
0
0
0
0
0
0
0
0
0
0
0
0
0
0
0
0
0
0
0
0
0
Hint Data
0
0
0
0
0
0
0
0
0
0
0
0
0
0
0
0
0
0
0
0
0
0
0
0
0
0
0
0
0
0
0
0
0
0
0
0
0
0
0
0
0
0
0
0
0
0
0
0
0
0
0
0
0
0
0
0
0
0
0
0
0
0
0
0
0
0
0
0
0
0
0
0
0
0
0
0
0
0
0
0
0
Torque Data
-0.04720695
-0.051608037
-0.041290884
-0.062544393
-0.0178352776014
-0.0240483701231
-0.0370786420064
-0.0205372645727
-0.0123198236528
-0.0112246159424
-0.0124293114088
-0.0125883581278
-0.010083393956
-0.0099801367128
-0.00913604773
-0.00681073827016
-0.0051497563151
-0.00400531851276
-0.00323285901132
-0.00137635300005
1.14081097416E-07
0.00119692782741
0.0031694948516
0.00478281350921
0.0060655196342
0.0087421848402
0.0097370971418
0.0091903752892
0.013110003873
0.0146915112372
0.0160377803762
0.0180962531815
0.0289539905975
0.0333384070312
0.037250754684
0.057284319572
0.053038688242
0.078070185
0.104360632
0.094288195
0.10907655
0.108333435
0.080906528
0.068366565
0.0683036763023
0.036140214964
0.0360487377963
0.0324470030144
0.0201065148697
0.0217936949162
0.0163075138432
0.0169227639672
0.0127409287364
0.0130398148578
0.0104807966593
0.0080266395986
0.00523241097194
0.00401962210748
0.00257164355975
0.00145103613847
-1.33149961962E-07
-0.0015545988143
-0.00329986873632
-0.00520720285504
-0.00677759202077
-0.0073037060712
-0.0112057653806
-0.0122723793172
-0.0106176343598
-0.0159502846122
-0.020758607584
-0.0220563783468
-0.0294292058542
-0.042341262348
-0.0533872230374
-0.043503629722
-0.055998408564
-0.079128792
-0.09637838
-0.075778947
-0.06365775
dMdH Data
-1.25276923076923E-08
-1.32269230769231E-08
-1.57015384615385E-08
-8.83909478315718E-09
-1.56744948115784E-08
-1.85444727348251E-08
-1.63985876814437E-08
-1.45069230769231E-08
-1.14768347935782E-09
5.83615384615383E-09
8.57085708570852E-09
-5.25500000000007E-09
3.13015650782561E-09
2.37088145592718E-08
2.80011200448036E-09
3.72998135009316E-09
1.66446671066578E-08
4.08510212755327E-09
1.49946251343717E-08
7.45003580487012E-10
2.04655156082005E-08
5.18989620207582E-09
8.68991310086893E-09
9.96485052724206E-09
5.12000000000011E-09
6.65533276663822E-09
9.43452827358634E-09
1.44499999999998E-09
-2.27999999999985E-09
-4.79999999999968E-10
3.75068267655361E-09
-2.00304610698296E-09
-1.64924345571889E-08
-8.46621897091515E-09
-1.57493519180917E-08
-2.00749242296035E-08
-1.32963584055139E-08
-1.39607692307692E-08
-1.41130769230769E-08
-1.22561538461539E-08
-1.49284615384616E-08
-1.31253846153846E-08
-1.37507692307692E-08
-1.52383443204283E-08
-1.17145252728825E-08
-1.49252698056169E-08
-1.63184615384616E-08
-1.84223076923077E-08
-1.44616497049977E-09
6.94604698389257E-09
9.1559155915591E-09
4.45499999999994E-09
1.64808240412021E-08
8.59999999999988E-10
2.99492512687182E-09
9.92509925099238E-09
1.2294754104918E-08
1.47101471014712E-08
3.90492190156193E-09
9.19998712921785E-09
1.00302647889603E-08
1.29296767580811E-08
8.73513102696525E-09
9.15495422522882E-09
6.47990280145809E-09
3.75018750937542E-09
8.79956002199895E-09
-1.26006300315021E-09
8.61999999999993E-09
-1.31843407829608E-08
3.93609329087246E-09
-3.50840756296056E-09
-1.79875539418928E-08
-1.06484615384615E-08
-1.69326984468872E-08
-1.28238461538462E-08
-1.38596572202222E-08
-1.51646153846154E-08
-1.16107692307692E-08
-1.32261538461538E-08
-1.32261538461538E-08
dMdT Data
0
0
0
0
0
0
0
0
0
0
0
0
0
0
0
0
0
0
0
0
0
0
0
0
0
0
0
0
0
0
0
0
0
0
0
0
0
0
0
0
0
0
0
0
0
0
0
0
0
0
0
0
0
0
0
0
0
0
0
0
0
0
0
0
0
0
0
0
0
0
0
0
0
0
0
0
0
0
0
0
0
 
*********************************************** Results ***************************************
 
TotalArea 3.30280249995431E-02
AreaFirstQuad 2.71756932715507E-02
AreaSecondQuad 5.85233172799255E-03
AreaThirdQuad 0
AreaFourthQuad 0
Coercivity 0
PositiveCoercivity 0
NegativeCoercivity 0
Retentivity 1.80640533856236E-06
PositiveRetentivity 2.57868011948963E-04
NegativeRetentivity 2.61480822626088E-04
Magnetization 0.000391486
PositiveMagnetization 0.000391486
NegativeMagnetization 0.000126919
Flatness -141.752020515058
Squareness 4.61422717175674E-03
SStar 0
SFD1 0
SFD2 0
Slope 0
Intercept 0
SlopeAtHc -1.32261538461538E-08
dH1 0
dH2 1049.996
InitialSlope -1.25276923076923E-08
FieldAtHalfMs 0
FieldAtMs -15000
MomentMean 2.57155419753086E-04
MomentRMS 4.98989486289201E-05
SFD3 0
dH3 0
UserField1 0
UserField2 0
CenterField 0
ExchangeField 0
ExchangeMoment 0
ExRegionOneIntercept 0
ExRegionOneSlope 0
ExRegionTwoIntercept 0
ExRegionTwoSlope 0
NegativeIntercept 0
NegativeSlope 0
AutoCenterOffset 0
PinningField 0
PinningMoment 0
PinRegionOneIntercept 0
PinRegionOneSlope 0
PinRegionTwoIntercept 0
PinRegionTwoSlope 0
PositiveIntercept 0
PositiveSlope 0
TotalOffset 0
BHMax 0
BCoercivity 0
BRetentivity 0
BNegativeCoercivity 0
BPositiveCoercivity 0
BNegativeRetentivity 0
BPositiveRetentivity 0
MomentYMean -6.66002283950618E-06
MomentYRMS 1.72472667033376E-06
YOffCorrection 0
Mrt 0
Ms1 0
Ms2 0
Ms3 0
Hc2 0
Hex2 0
HsatValue 0
HsatIntercept 0
HsatSlope 0
CenterH 0
Span .000264567
SpanAsPercentOfRange -17.6378
RMSAsPercentOfRange -3.32659657526134
SpanAsPercentOfMean 102.88214040133
RMSAsPercentOfMean 19.4041987047489
