Version 1.25
******************************************** Units *******************************************
System CGS
TemperatureUnit K
MomentUnit emu
AppliedFieldUnit G
 
******************************************** Setup ********************************************
 
Experiment CustomField
Minor False
Acquisition PointByPoint
EditedPoint No
MaxField 5000
FieldIncrement 100
Points 51
MinField 0
RampRate 10
AverageTime 10
TimeInterval 0
TimeConstant 0.1
TimeConstantIndex 0
Sensitivity -0.0013
SensitivityIndex 5
SensitivityY -4
SensitivityIndexY 0
SaturationField 8000
ExperimentTime 510
Use735Domains False
AutoRangeEnabled False
NumberOfVertices 7
VertexPts
0
5
20
25
30
45
50
VertexField
5000
1750
-1750
-5000
-1750
1750
5000
StartAngle 0
EndAngle 0
AngleIncrement 0
StartTemp 0
FinishTemp 0
TempIncrement 0
TempPoints 0
LengthofSetPointsArray 51
SetPointArray
5000
4350
3700
3050
2400
1750
1516.66666666667
1283.33333333333
1050
816.666666666667
583.333333333333
350
116.666666666667
-116.666666666667
-350
-583.333333333333
-816.666666666667
-1050
-1283.33333333333
-1516.66666666667
-1750
-2400
-3050
-3700
-4350
-5000
-4350
-3700
-3050
-2400
-1750
-1516.66666666667
-1283.33333333333
-1050
-816.666666666667
-583.333333333333
-350
-116.666666666667
116.666666666667
350
583.333333333333
816.666666666667
1050
1283.33333333333
1516.66666666667
1750
2400
3050
3700
4350
5000
FieldDomainFile c:\Ideasvsm\Default UserID\Experiments\Hannah_5kG_fast\fdomain.ini
TempDomainFile c:\Ideasvsm\Default UserID\Experiments\Hannah_5kG_fast\tdomain.ini
NumSelectedResults 0
ResultsSelected 
UserName1 
UserValue1 
UserName2 
UserValue2 
LinearBackgroundCorrection Off
MaxLinearFieldCorrection 
MinLinearFieldCorrection 
AutoLinearCorrection Off
FitOneRegion Off
BackgroundMode Off
BackgroundFilename 
AutoCenter Off
OffsetCorrection 
SmoothDeriv Off
DerivOrder 0
DerivPoints 0
MinExFieldOne 
MaxExFieldOne 
MinExFieldTwo 
MaxExFieldTwo 
MinPinFieldOne 
MaxPinFieldOne 
MinPinFieldTwo 
MaxPinFieldTwo 
HCenterStart 
Mass 
Volume 
Density 
MolarWeight 
NumberOfMoles 
Demagnetization 
SampleArea 
Thickness 
MomentScaling 0
XAxis 0
YAxis 0
SimpleSpinValve False
HsatMax 0
HsatMin 0
FieldAutoRange True
 
*************************************************** Experiment Data ********************************************
 
DataPoints 51
MomentX Data
0.000256314
0.000275994
0.000292822
0.000310685
0.000326871
0.0003439
0.000349018
0.000356509
0.000360471
0.000365173
0.00037047
0.00037293
0.000368423
0.000145404
0.000140964
0.000144038
0.000149177
0.00015449
0.000158526
0.000164301
0.000169027
0.000186554
0.000204338
0.000223929
0.000237494
0.000253639
0.000236843
0.000219776
0.000200702
0.000186075
0.000169252
0.000162159
0.000156598
0.000150184
0.000147083
0.000142165
0.00013966
0.000140885
0.000365538
0.000369659
0.000366356
0.000361986
0.000358455
0.000351949
0.00034519
0.000339278
0.000324066
0.000305195
0.000287519
0.000269077
0.000254705
MomentY Data
-0.00000458241
-0.0000051403
-0.00000622749
-0.00000648022
-0.00000718117
-0.0000084734
-0.00000743866
-0.0000103569
-0.00000965118
-0.000011363
-0.00000875473
-0.00000917912
-0.00000819683
-0.00000837326
-0.00000813484
-0.00000790596
-0.00000699997
-0.0000078392
-0.00000768661
-0.00000865459
-0.00000897884
-0.00000604153
-0.00000449657
-0.00000608444
-0.00000506401
-0.00000638485
-0.00000851631
-0.00000471592
-0.00000523567
-0.00000570774
-0.00000914574
-0.00000828743
-0.00000781536
-0.00000654697
-0.0000074625
-0.00000788689
-0.00000676155
-0.00000626087
-0.00000848293
-0.00000724316
-0.00000935078
-0.00000762939
-0.00000746727
-0.00000870705
-0.00000767708
-0.00000727654
-0.00000637531
-0.00000598907
-0.00000592232
-0.0000074482
-0.00000614643
Field Data
5000.03
4350
3700
3049.99
2399.99
1749.99
1516.66
1283.32
1049.99
816.657
583.325
349.99
116.658
-116.678
-350.01
-583.346
-816.677
-1050.01
-1283.34
-1516.68
-1750.01
-2400.02
-3050.01
-3700.02
-4350.03
-5000.03
-4349.99
-3699.99
-3049.99
-2399.98
-1749.98
-1516.66
-1283.32
-1049.99
-816.658
-583.324
-349.991
-116.655
116.675
350.009
583.346
816.678
1050.01
1283.35
1516.68
1750.01
2400.02
3050.02
3700.02
4350.03
5000.02
Time Data
0
17.675
35.365
54.038
71.729
89.419
108.077
125.799
143.474
161.149
178.761
197.481
215.125
232.753
250.412
269.148
286.792
304.436
322.142
339.848
357.46
375.135
392.826
411.561
429.19
446.927
464.602
483.306
502.058
519.779
537.407
555.129
572.788
590.479
608.185
625.844
644.549
662.146
679.836
697.496
716.169
733.86
751.55
769.272
786.931
804.622
822.281
839.987
858.723
876.413
894.026
Temperature Data
0
0
0
0
0
0
0
0
0
0
0
0
0
0
0
0
0
0
0
0
0
0
0
0
0
0
0
0
0
0
0
0
0
0
0
0
0
0
0
0
0
0
0
0
0
0
0
0
0
0
0
Angle Data
0
0
0
0
0
0
0
0
0
0
0
0
0
0
0
0
0
0
0
0
0
0
0
0
0
0
0
0
0
0
0
0
0
0
0
0
0
0
0
0
0
0
0
0
0
0
0
0
0
0
0
Bx Data
0
0
0
0
0
0
0
0
0
0
0
0
0
0
0
0
0
0
0
0
0
0
0
0
0
0
0
0
0
0
0
0
0
0
0
0
0
0
0
0
0
0
0
0
0
0
0
0
0
0
0
Hint Data
0
0
0
0
0
0
0
0
0
0
0
0
0
0
0
0
0
0
0
0
0
0
0
0
0
0
0
0
0
0
0
0
0
0
0
0
0
0
0
0
0
0
0
0
0
0
0
0
0
0
0
Torque Data
-0.0229121874723
-0.022360305
-0.023041713
-0.0197646061978
-0.0172347361883
-0.014828365266
-0.0112819180756
-0.013291216908
-0.0101336424882
-0.009279673491
-0.00510685287725
-0.0032126002088
-0.00095622579414
0.00097697523028
0.0028472753484
0.00461191014216
0.00571671449969
0.008231238392
0.0098645340774
0.0131262435612
0.0157130597884
0.0144997928306
0.0137145834657
0.0225125496888
0.0220285954203
0.0319244415455
0.0370458633369
0.0174488568408
0.0159687411433
0.0136984618452
0.0160048620852
0.0125692135838
0.0100296077952
0.0068742530303
0.006094310325
0.00460061222236
0.00236648164605
0.00073036178985
-0.00098974585775
-0.00253517118844
-0.00545474010988
-0.00623075496642
-0.0078407081727
-0.0111741926175
-0.0116436736944
-0.0127340177654
-0.0153008715062
-0.0182667832814
-0.0219127024464
-0.032399893446
-0.0307322729286
dMdH Data
-3.02755257449656E-08
-2.58892307692307E-08
-2.74811156751435E-08
-2.49015384615385E-08
-2.61984615384616E-08
-2.19345990657008E-08
-3.21033684751866E-08
-1.69802425748939E-08
-2.01514573592247E-08
-2.27015582946189E-08
-1.05427818372725E-08
1.93158246618552E-08
9.5578479103096E-07
1.90286801638867E-08
-1.31741351527412E-08
-2.20245059593453E-08
-2.27700325286178E-08
-1.72973899627138E-08
-2.47492928773463E-08
-2.02545750653581E-08
-2.69642005507607E-08
-2.73604209295528E-08
-3.01395363148259E-08
-2.08689097090814E-08
-2.48384615384615E-08
-2.58384099440034E-08
-2.62569230769231E-08
-2.93446153846154E-08
-2.25027307272196E-08
-2.58815384615385E-08
-3.04003085890623E-08
-2.38321762235364E-08
-2.7488964128059E-08
-1.32900759432911E-08
-2.10770826369067E-08
-1.07357296224709E-08
5.24994000068566E-09
9.6281232589037E-07
1.76613781103482E-08
-1.41554918422711E-08
-1.8728678449591E-08
-1.51329436168208E-08
-2.78820605125567E-08
-2.89675566793811E-08
-2.53375048214975E-08
-2.34027168812787E-08
-2.90323076923077E-08
-2.71938461538462E-08
-2.83718712019816E-08
-2.21111094016831E-08
-2.21111094016831E-08
dMdT Data
0
0
0
0
0
0
0
0
0
0
0
0
0
0
0
0
0
0
0
0
0
0
0
0
0
0
0
0
0
0
0
0
0
0
0
0
0
0
0
0
0
0
0
0
0
0
0
0
0
0
0
 
*********************************************** Results ***************************************
 
TotalArea 3.13979304149999E-02
AreaFirstQuad 2.15116644243987E-02
AreaSecondQuad 9.88626599060136E-03
AreaThirdQuad 0
AreaFourthQuad 0
Coercivity 0
PositiveCoercivity 0
NegativeCoercivity 0
Retentivity 1.86059298558461E-06
PositiveRetentivity 2.5692305784791E-04
NegativeRetentivity 2.53201871876741E-04
Magnetization 0.00037293
PositiveMagnetization 0.00037293
NegativeMagnetization 0.00013966
Flatness -137.086652931879
Squareness 4.98912124416006E-03
SStar 0
SFD1 0
SFD2 0
Slope 0
Intercept 0
SlopeAtHc -2.21111094016831E-08
dH1 0
dH2 3024.996
InitialSlope -3.02755257449656E-08
FieldAtHalfMs 0
FieldAtMs 349.99
MomentMean 2.55525803921569E-04
MomentRMS 8.74446927924204E-05
SFD3 0
dH3 0
UserField1 0
UserField2 0
CenterField 0
ExchangeField 0
ExchangeMoment 0
ExRegionOneIntercept 0
ExRegionOneSlope 0
ExRegionTwoIntercept 0
ExRegionTwoSlope 0
NegativeIntercept 0
NegativeSlope 0
AutoCenterOffset 0
PinningField 0
PinningMoment 0
PinRegionOneIntercept 0
PinRegionOneSlope 0
PinRegionTwoIntercept 0
PinRegionTwoSlope 0
PositiveIntercept 0
PositiveSlope 0
TotalOffset 0
BHMax 0
BCoercivity 0
BRetentivity 0
BNegativeCoercivity 0
BPositiveCoercivity 0
BNegativeRetentivity 0
BPositiveRetentivity 0
MomentYMean -7.36722666666667E-06
MomentYRMS 1.50094278737821E-06
YOffCorrection 0
Mrt 0
Ms1 0
Ms2 0
Ms3 0
Hc2 0
Hex2 0
HsatValue 0
HsatIntercept 0
HsatSlope 0
CenterH 0
Span .00023327
SpanAsPercentOfRange -17.9438461538462
RMSAsPercentOfRange -6.72651483018619
SpanAsPercentOfMean 91.2901931703149
RMSAsPercentOfMean 34.2214725285673
