Version 1.25
******************************************** Units *******************************************
System CGS
TemperatureUnit K
MomentUnit emu
AppliedFieldUnit G
 
******************************************** Setup ********************************************
 
Experiment CustomField
Minor False
Acquisition PointByPoint
EditedPoint No
MaxField 15000
FieldIncrement 0
Points 89
MinField 0
RampRate 0
AverageTime 10
TimeInterval 10
TimeConstant 1
TimeConstantIndex 2
Sensitivity -0.0015
SensitivityIndex 5
SensitivityY -4
SensitivityIndexY 0
SaturationField 8000
ExperimentTime 890
Use735Domains False
AutoRangeEnabled False
NumberOfVertices 11
VertexPts
0
8
17
27
36
44
52
61
71
80
88
VertexField
15000
5000
500
-500
-5000
-15000
-5000
-500
500
5000
15000
StartAngle 0
EndAngle 0
AngleIncrement 0
StartTemp 0
FinishTemp 0
TempIncrement 0
TempPoints 0
LengthofSetPointsArray 89
SetPointArray
15000
13750
12500
11250
10000
8750
7500
6250
5000
4500
4000
3500
3000
2500
2000
1500
1000
500
400
300
200
100
0
-100
-200
-300
-400
-500
-1000
-1500
-2000
-2500
-3000
-3500
-4000
-4500
-5000
-6250
-7500
-8750
-10000
-11250
-12500
-13750
-15000
-13750
-12500
-11250
-10000
-8750
-7500
-6250
-5000
-4500
-4000
-3500
-3000
-2500
-2000
-1500
-1000
-500
-400
-300
-200
-100
0
100
200
300
400
500
1000
1500
2000
2500
3000
3500
4000
4500
5000
6250
7500
8750
10000
11250
12500
13750
15000
FieldDomainFile c:\Ideasvsm\Default UserID\Experiments\Jason_1p5T_cus\fdomain.ini
TempDomainFile c:\Ideasvsm\Default UserID\Experiments\Jason_1p5T_cus\tdomain.ini
NumSelectedResults 0
ResultsSelected 
UserName1 
UserValue1 
UserName2 
UserValue2 
LinearBackgroundCorrection Off
MaxLinearFieldCorrection 
MinLinearFieldCorrection 
AutoLinearCorrection Off
FitOneRegion Off
BackgroundMode Off
BackgroundFilename 
AutoCenter Off
OffsetCorrection 
SmoothDeriv Off
DerivOrder 0
DerivPoints 0
MinExFieldOne 
MaxExFieldOne 
MinExFieldTwo 
MaxExFieldTwo 
MinPinFieldOne 
MaxPinFieldOne 
MinPinFieldTwo 
MaxPinFieldTwo 
HCenterStart 
Mass 
Volume 
Density 
MolarWeight 
NumberOfMoles 
Demagnetization 
SampleArea 
Thickness 
MomentScaling 0
XAxis 0
YAxis 0
SimpleSpinValve False
HsatMax 0
HsatMin 0
FieldAutoRange True
 
*************************************************** Experiment Data ********************************************
 
DataPoints 78
MomentX Data
0.0000250116
0.0000668658
0.000107754
0.000146657
0.000193521
0.000231123
0.000272522
0.0003127
0.000354693
0.000367222
0.000381736
0.000392643
0.000402686
0.000411266
0.000424013
0.000431292
0.000443297
0.000451802
0.000453912
0.000456834
0.000460323
0.000462696
0.000465367
0.000465609
0.000468912
0.000473321
0.000475315
0.000480012
0.000483085
0.000490971
0.000502193
0.000510543
0.000521922
0.000534604
0.000541974
0.000557008
0.000568894
0.000606632
0.000644998
0.000682205
0.000724906
0.000764907
0.000803931
0.000841174
0.000876809
0.000843335
0.00081045
0.000774921
0.000738845
0.000701285
0.000668988
0.00063666
0.000605072
0.000595618
0.000589194
0.000581809
0.000576194
0.000572031
0.000568043
0.000564467
0.000558129
0.000553637
0.000557481
0.000559109
0.000559138
0.000561245
0.000563835
0.00056826
0.000570111
0.000569979
0.000573077
0.000573261
0.000572103
0.000569453
0.000562966
0.000558729
0.000549191
0.000546814
MomentY Data
0.0000155926
0.000014677
0.0000125122
0.0000149155
0.0000136566
0.0000124264
0.0000120735
0.0000113201
0.0000113297
0.00000943184
0.0000117111
0.0000111198
0.00000932217
0.00000992298
0.00000756264
0.00000738144
0.00000794411
0.00000753403
0.00000568867
0.00000533104
0.0000056839
0.00000588894
0.00000658512
0.00000556946
0.00000411987
0.00000305176
0.00000307083
0.000000758171
-0.000000414848
0.00000111103
0.000000538826
0.00000599861
0.00000378609
0.00000202656
0.00000247002
0.00000249386
0.0000045681
0.000004673
0.00000368118
0.00000275135
0.00000358582
-0.000000529289
0.00000269413
0.00000397205
0.000000238419
0.0000023222
0.0000035429
0.00000362396
0.00000314236
0.000000963211
0.00000159264
0.0000013113
0.00000134468
0.00000125408
0.00000229836
0.00000217438
0.0000010252
0.000000967979
-0.00000396729
-0.00000255585
-0.00000332832
-0.00000284195
-0.00000126839
-0.00000322342
-0.00000262737
-0.00000330925
-0.00000328064
-0.00000244617
-0.00000275612
-0.00000276089
-0.00000301838
-0.00000200272
-0.00000298977
-0.00000218391
-0.0000011158
0.0000028801
0.000000696182
-0.00000183105
Field Data
15000
13750
12500
11250
9999.99
8749.98
7499.97
6249.98
4999.97
4499.98
3999.98
3499.98
2999.99
2499.98
1999.98
1499.98
999.984
499.984
399.988
299.989
199.99
99.9907
-0.00819304
-100.007
-200.01
-300.008
-400.005
-500.003
-1000.02
-1500.02
-2000.02
-2500.03
-3000.03
-3500.02
-4000.03
-4500.02
-5000.03
-6250.03
-7500.03
-8750.02
-10000
-11250
-12500
-13750
-15000
-13750
-12500
-11250
-9999.99
-8749.99
-7499.97
-6249.97
-4999.97
-4499.99
-3999.99
-3499.99
-2999.99
-2499.98
-1999.98
-1499.98
-999.982
-499.98
-399.992
-299.989
-199.993
-99.9909
0.00712685
100.007
200.006
300.006
400.007
500.008
1000.02
1500.02
2000.02
2500.02
3000.02
3500.03
Time Data
0
18.658
37.362
56.035
74.787
93.507
112.258
130.963
149.636
167.358
185.001
203.69
221.412
239.103
256.762
274.437
292.112
309.818
327.555
346.26
363.997
381.703
399.378
417.037
434.728
452.418
471.154
488.845
506.535
524.194
541.916
559.575
577.297
594.972
613.645
631.336
648.995
667.7
686.404
705.078
723.751
742.455
761.144
779.802
798.507
817.227
835.916
854.573
873.262
891.951
910.625
929.391
948.08
965.771
983.477
1002.21
1019.92
1037.59
1055.3
1072.99
1090.67
1108.34
1126
1144.66
1162.35
1180.01
1197.7
1215.4
1233.11
1250.79
1269.46
1287.12
1304.75
1322.45
1340.16
1357.79
1375.46
1393.12
Temperature Data
0
0
0
0
0
0
0
0
0
0
0
0
0
0
0
0
0
0
0
0
0
0
0
0
0
0
0
0
0
0
0
0
0
0
0
0
0
0
0
0
0
0
0
0
0
0
0
0
0
0
0
0
0
0
0
0
0
0
0
0
0
0
0
0
0
0
0
0
0
0
0
0
0
0
0
0
0
0
Angle Data
0
0
0
0
0
0
0
0
0
0
0
0
0
0
0
0
0
0
0
0
0
0
0
0
0
0
0
0
0
0
0
0
0
0
0
0
0
0
0
0
0
0
0
0
0
0
0
0
0
0
0
0
0
0
0
0
0
0
0
0
0
0
0
0
0
0
0
0
0
0
0
0
0
0
0
0
0
0
Bx Data
0
0
0
0
0
0
0
0
0
0
0
0
0
0
0
0
0
0
0
0
0
0
0
0
0
0
0
0
0
0
0
0
0
0
0
0
0
0
0
0
0
0
0
0
0
0
0
0
0
0
0
0
0
0
0
0
0
0
0
0
0
0
0
0
0
0
0
0
0
0
0
0
0
0
0
0
0
0
Hint Data
0
0
0
0
0
0
0
0
0
0
0
0
0
0
0
0
0
0
0
0
0
0
0
0
0
0
0
0
0
0
0
0
0
0
0
0
0
0
0
0
0
0
0
0
0
0
0
0
0
0
0
0
0
0
0
0
0
0
0
0
0
0
0
0
0
0
0
0
0
0
0
0
0
0
0
0
0
0
Torque Data
0.233889
0.20180875
0.1564025
0.167799375
0.136565863434
0.108730751472
0.090550887795
0.070750398598
0.056648160109
0.0424430913632
0.046844165778
0.038919077604
0.0279664167783
0.0248072515404
0.0151251287472
0.0110720123712
0.00794398289424
0.00376689445552
0.00227539973596
0.00159925335856
0.001136723161
0.000588839232858
-5.39521515648E-08
-0.00055698498622
-0.0008240151987
-0.00091555241408
-0.00122834735415
-0.000379087774513
0.00041485629696
-0.0016665672206
-0.00107766277652
-0.0149967049583
-0.0113583835827
-0.0070930005312
-0.0098801541006
-0.0112224198772
-0.022840637043
-0.02920639019
-0.0276089604354
-0.024074367527
-0.0358582
0.00595450125
-0.033676625
-0.0546156875
-0.003576285
-0.03193025
-0.04428625
-0.04076955
-0.0314235685764
-0.00842808661789
-0.0119447522208
-0.008195585661
-0.0067233596596
-0.0056433474592
-0.0091934170164
-0.0076103082562
-0.003075589748
-0.00241992814042
0.0079345006542
0.003833723883
0.00332826009024
0.001420918161
0.00050734585288
0.00096699054238
0.00052545560841
0.000330894885825
-2.3380629184E-08
-0.00024463412319
-0.00055124053672
-0.00082828356534
-0.00120737312866
-0.00100137602176
-0.0029898297954
-0.0032759086782
-0.002231622316
0.007200307602
0.00208855992364
-0.0064087299315
dMdH Data
-0.00000003348336
-0.00000003271056
-0.0000000311224
-3.74909000727994E-08
-3.00813593491252E-08
-3.31189350485196E-08
-3.21426571412571E-08
-3.359413124695E-08
-2.50585011700234E-08
-0.000000029028
-0.000000021814
-2.00864017280347E-08
-1.71596568068638E-08
-0.000000025494
-0.000000014558
-2.40101920815366E-08
-0.00000001701
-2.11008440337613E-08
-2.92202922029219E-08
-3.48903489034893E-08
-2.37301661111629E-08
-2.67102956722889E-08
-2.42002887191261E-09
-3.30290091297258E-08
-4.40908818176367E-08
-1.99405982179466E-08
-4.6970939418788E-08
-6.14579104310459E-09
-1.57719999999999E-08
-2.24439999999999E-08
-1.669966600668E-08
-2.27579999999999E-08
-2.5364507290146E-08
-1.47397052058957E-08
-3.00686013720275E-08
-2.37715245695087E-08
-0.0000000301904
-3.06928000000001E-08
-2.97658381267049E-08
-3.41613465815453E-08
-0.0000000320008
-0.0000000312192
-0.0000000297944
-0.000000028508
-0.0000000267792
-0.000000026308
-0.0000000284232
-2.88605691154471E-08
-3.00480000000001E-08
-2.58371866050143E-08
-0.0000000258624
-0.0000000252704
-1.8908756350254E-08
-0.000000012848
-1.47700000000001E-08
-1.12299999999999E-08
-8.32583348333046E-09
-7.97600000000003E-09
-7.15199999999985E-09
-1.26760507042029E-08
-8.9839640641436E-09
3.84446133536016E-08
1.6279511614652E-08
2.90011600464248E-10
2.10695575392917E-08
2.5900511055934E-08
4.42500561311958E-08
1.85101851018508E-08
-1.32000000000018E-09
3.09796902030979E-08
1.83998160018478E-09
-2.31594441733402E-09
-5.29999999999997E-09
-0.000000012974
-8.47400000000007E-09
-0.000000019076
-4.7539049219016E-09
-4.7539049219016E-09
dMdT Data
0
0
0
0
0
0
0
0
0
0
0
0
0
0
0
0
0
0
0
0
0
0
0
0
0
0
0
0
0
0
0
0
0
0
0
0
0
0
0
0
0
0
0
0
0
0
0
0
0
0
0
0
0
0
0
0
0
0
0
0
0
0
0
0
0
0
0
0
0
0
0
0
0
0
0
0
0
0
 
*********************************************** Results ***************************************
 
TotalArea -1.7578868051368
AreaFirstQuad -1.30020206568827
AreaSecondQuad -0.45768473944853
AreaThirdQuad 0
AreaFourthQuad 0
Coercivity 0
PositiveCoercivity 0
NegativeCoercivity 0
Retentivity 4.92340171247318E-05
PositiveRetentivity 4.65366781161479E-04
NegativeRetentivity 5.63834815410943E-04
Magnetization 0.000876809
PositiveMagnetization 0.000876809
NegativeMagnetization 0.0000250116
Flatness -8.45213915782043
Squareness 5.61513592181785E-02
SStar 0
SFD1 0
SFD2 0
Slope 0
Intercept 0
SlopeAtHc -4.7539049219016E-09
dH1 11144.1540710267
dH2 949.989
InitialSlope -0.00000003348336
FieldAtHalfMs 0
FieldAtMs -15000
MomentMean 5.21657582051282E-04
MomentRMS 1.66239123154404E-04
SFD3 0
dH3 0
UserField1 0
UserField2 0
CenterField 0
ExchangeField 0
ExchangeMoment 0
ExRegionOneIntercept 0
ExRegionOneSlope 0
ExRegionTwoIntercept 0
ExRegionTwoSlope 0
NegativeIntercept 0
NegativeSlope 0
AutoCenterOffset 0
PinningField 0
PinningMoment 0
PinRegionOneIntercept 0
PinRegionOneSlope 0
PinRegionTwoIntercept 0
PinRegionTwoSlope 0
PositiveIntercept 0
PositiveSlope 0
TotalOffset 0
BHMax 0
BCoercivity 0
BRetentivity 0
BNegativeCoercivity 0
BPositiveCoercivity 0
BNegativeRetentivity 0
BPositiveRetentivity 0
MomentYMean 3.48023873076923E-06
MomentYRMS 5.11505066129801E-06
YOffCorrection 0
Mrt 0
Ms1 0
Ms2 0
Ms3 0
Hc2 0
Hex2 0
HsatValue 0
HsatIntercept 0
HsatSlope 0
CenterH 0
Span .0008517974
SpanAsPercentOfRange -56.7864933333333
RMSAsPercentOfRange -11.0826082102936
SpanAsPercentOfMean 163.286690217466
RMSAsPercentOfMean 31.8674795256904
