Version 1.25
******************************************** Units *******************************************
System CGS
TemperatureUnit K
MomentUnit emu
AppliedFieldUnit G
 
******************************************** Setup ********************************************
 
Experiment CustomField
Minor False
Acquisition PointByPoint
EditedPoint No
MaxField 5000
FieldIncrement 100
Points 51
MinField 0
RampRate 10
AverageTime 10
TimeInterval 0
TimeConstant 0.1
TimeConstantIndex 0
Sensitivity -0.0013
SensitivityIndex 5
SensitivityY -4
SensitivityIndexY 0
SaturationField 8000
ExperimentTime 510
Use735Domains False
AutoRangeEnabled False
NumberOfVertices 7
VertexPts
0
5
20
25
30
45
50
VertexField
5000
1750
-1750
-5000
-1750
1750
5000
StartAngle 0
EndAngle 0
AngleIncrement 0
StartTemp 0
FinishTemp 0
TempIncrement 0
TempPoints 0
LengthofSetPointsArray 51
SetPointArray
5000
4350
3700
3050
2400
1750
1516.66666666667
1283.33333333333
1050
816.666666666667
583.333333333333
350
116.666666666667
-116.666666666667
-350
-583.333333333333
-816.666666666667
-1050
-1283.33333333333
-1516.66666666667
-1750
-2400
-3050
-3700
-4350
-5000
-4350
-3700
-3050
-2400
-1750
-1516.66666666667
-1283.33333333333
-1050
-816.666666666667
-583.333333333333
-350
-116.666666666667
116.666666666667
350
583.333333333333
816.666666666667
1050
1283.33333333333
1516.66666666667
1750
2400
3050
3700
4350
5000
FieldDomainFile c:\Ideasvsm\Default UserID\Experiments\Hannah_5kG_fast\fdomain.ini
TempDomainFile c:\Ideasvsm\Default UserID\Experiments\Hannah_5kG_fast\tdomain.ini
NumSelectedResults 0
ResultsSelected 
UserName1 
UserValue1 
UserName2 
UserValue2 
LinearBackgroundCorrection Off
MaxLinearFieldCorrection 
MinLinearFieldCorrection 
AutoLinearCorrection Off
FitOneRegion Off
BackgroundMode Off
BackgroundFilename 
AutoCenter Off
OffsetCorrection 
SmoothDeriv Off
DerivOrder 0
DerivPoints 0
MinExFieldOne 
MaxExFieldOne 
MinExFieldTwo 
MaxExFieldTwo 
MinPinFieldOne 
MaxPinFieldOne 
MinPinFieldTwo 
MaxPinFieldTwo 
HCenterStart 
Mass 
Volume 
Density 
MolarWeight 
NumberOfMoles 
Demagnetization 
SampleArea 
Thickness 
MomentScaling 0
XAxis 0
YAxis 0
SimpleSpinValve False
HsatMax 0
HsatMin 0
FieldAutoRange True
 
*************************************************** Experiment Data ********************************************
 
DataPoints 51
MomentX Data
0.000271829
0.000290899
0.000308149
0.000324713
0.000342086
0.000358971
0.000364033
0.000368526
0.000375439
0.000379228
0.000384102
0.000386372
0.000382958
0.000159769
0.000154646
0.000158767
0.000164385
0.000168331
0.000173335
0.000178609
0.000184016
0.000199359
0.000217627
0.000232483
0.000250947
0.000267789
0.00025045
0.000233045
0.000214617
0.000198262
0.00018126
0.00017555
0.00016891
0.000164401
0.00015816
0.000154841
0.000150544
0.000152387
0.000378445
0.000381914
0.00037835
0.00037383
0.000369112
0.000364076
0.000357175
0.000351022
0.000334999
0.000317381
0.000299226
0.000282798
0.000266226
MomentY Data
-0.0000069952
-0.00000660896
-0.00000766754
-0.00000833035
-0.00000630379
-0.00000959873
-0.00000896454
-0.000010004
-0.00000957012
-0.00000921726
-0.000008111
-0.00000792027
-0.00000673294
-0.00000732899
-0.00000580788
-0.00000621796
-0.00000566959
-0.00000697613
-0.0000057888
-0.00000594139
-0.00000694275
-0.00000432968
-0.00000436306
-0.00000463009
-0.00000358105
-0.00000423431
-0.00000601768
-0.00000687599
-0.00000457287
-0.00000451088
-0.00000660419
-0.00000563622
-0.00000649929
-0.000007267
-0.00000696182
-0.00000742435
-0.00000697613
-0.00000534058
-0.00000741959
-0.00000685692
-0.00000820637
-0.0000086689
-0.0000091362
-0.00000789642
-0.00000788689
-0.00000769138
-0.0000062561
-0.00000712395
-0.00000711441
-0.00000668049
-0.00000816822
Field Data
5000.01
4349.99
3699.99
3050
2399.99
1749.99
1516.66
1283.32
1049.99
816.655
583.322
349.991
116.656
-116.68
-350.013
-583.346
-816.679
-1050.01
-1283.34
-1516.68
-1750.01
-2400.02
-3050.02
-3700.04
-4350.03
-5000.03
-4350
-3699.99
-3049.99
-2399.99
-1749.99
-1516.66
-1283.33
-1049.99
-816.66
-583.322
-349.989
-116.653
116.678
350.01
583.346
816.678
1050.01
1283.35
1516.68
1750.01
2400.02
3050.02
3700.02
4350.03
5000.02
Time Data
0
17.69
35.318
54.038
71.807
90.511
108.217
125.908
143.614
161.289
178.917
197.59
215.281
232.925
250.631
269.32
286.995
304.701
322.376
340.051
358.708
376.477
394.136
412.856
430.562
448.3
466.006
483.681
502.401
520.091
537.766
555.535
573.194
590.916
608.637
626.39
645.126
662.832
680.57
698.229
716.965
734.702
752.361
770.021
787.727
805.402
823.092
840.736
860.454
878.082
895.804
Temperature Data
0
0
0
0
0
0
0
0
0
0
0
0
0
0
0
0
0
0
0
0
0
0
0
0
0
0
0
0
0
0
0
0
0
0
0
0
0
0
0
0
0
0
0
0
0
0
0
0
0
0
0
Angle Data
0
0
0
0
0
0
0
0
0
0
0
0
0
0
0
0
0
0
0
0
0
0
0
0
0
0
0
0
0
0
0
0
0
0
0
0
0
0
0
0
0
0
0
0
0
0
0
0
0
0
0
Bx Data
0
0
0
0
0
0
0
0
0
0
0
0
0
0
0
0
0
0
0
0
0
0
0
0
0
0
0
0
0
0
0
0
0
0
0
0
0
0
0
0
0
0
0
0
0
0
0
0
0
0
0
Hint Data
0
0
0
0
0
0
0
0
0
0
0
0
0
0
0
0
0
0
0
0
0
0
0
0
0
0
0
0
0
0
0
0
0
0
0
0
0
0
0
0
0
0
0
0
0
0
0
0
0
0
0
Torque Data
-0.034976069952
-0.0287489099104
-0.0283698213246
-0.0254075675
-0.0151290329621
-0.0167976815127
-0.0135961592364
-0.01283833328
-0.0100485302988
-0.0075273214653
-0.004731324742
-0.00277202321757
-0.00078543784864
0.0008551465532
0.00203283350244
0.00362722209416
0.00463023509161
0.0073250062613
0.007428998592
0.0090111873852
0.0121498819275
0.0103913185936
0.0133074202612
0.0171315182036
0.0155776749315
0.0211716770293
0.026176908
0.0254410942401
0.0139472077713
0.0108260668912
0.0115572664581
0.0085482294252
0.0083407338357
0.00763027733
0.0056854399212
0.0043307866907
0.00244156876257
0.00062299467874
-0.00086570292202
-0.0023999905692
-0.00478715311402
-0.0070796999142
-0.009593101362
-0.010133870607
-0.0119618883252
-0.0134599919138
-0.015014765122
-0.021728189979
-0.0263234592882
-0.0290603319147
-0.0408412633644
dMdH Data
-2.93375588443432E-08
-2.65384615384616E-08
-2.54834689764458E-08
-2.6727281118752E-08
-2.5976923076923E-08
-2.16945956370806E-08
-1.92551641381675E-08
-2.96275661080872E-08
-1.62384554396041E-08
-2.08886012694303E-08
-9.72866871525865E-09
1.46313240619711E-08
9.56513354133095E-07
2.19557456510652E-08
-1.76614538020768E-08
-2.40771772531103E-08
-1.69115976874055E-08
-2.14460206574379E-08
-2.26022113653896E-08
-2.31731881884027E-08
-2.36042522422732E-08
-2.81046153846154E-08
-2.28546813944186E-08
-2.84065908706288E-08
-2.59107692307692E-08
-2.66741535006077E-08
-2.6776511130598E-08
-2.83507692307692E-08
-2.51615384615385E-08
-2.61569230769231E-08
-2.44717781682595E-08
-2.84575493935628E-08
-1.93237336076112E-08
-2.67475249646424E-08
-1.4224001234261E-08
-1.84157405939151E-08
7.89848116021538E-09
9.68829688296883E-07
1.48672278127305E-08
-1.52741111530154E-08
-1.93715392659386E-08
-2.02201155435175E-08
-2.1582240507414E-08
-2.95761368019544E-08
-2.63703767196675E-08
-2.46503899940001E-08
-2.71046153846154E-08
-2.79307692307692E-08
-2.52734573314256E-08
-2.54957768581055E-08
-2.54957768581055E-08
dMdT Data
0
0
0
0
0
0
0
0
0
0
0
0
0
0
0
0
0
0
0
0
0
0
0
0
0
0
0
0
0
0
0
0
0
0
0
0
0
0
0
0
0
0
0
0
0
0
0
0
0
0
0
 
*********************************************** Results ***************************************
 
TotalArea 4.61296080720002E-02
AreaFirstQuad 3.46601929294293E-02
AreaSecondQuad 1.14694151425709E-02
AreaThirdQuad 0
AreaFourthQuad 0
Coercivity 0
PositiveCoercivity 0
NegativeCoercivity 0
Retentivity 2.98554426567663E-06
PositiveRetentivity 2.7137497816025E-04
NegativeRetentivity 2.65403889628896E-04
Magnetization 0.000386372
PositiveMagnetization 0.000386372
NegativeMagnetization 0.000150544
Flatness -89.8963170568653
Squareness 7.72712377107201E-03
SStar 0
SFD1 0
SFD2 0
Slope 0
Intercept 0
SlopeAtHc -2.54957768581055E-08
dH1 0
dH2 3024.9945
InitialSlope -2.93375588443432E-08
FieldAtHalfMs 0
FieldAtMs 349.991
MomentMean 2.68712725490196E-04
MomentRMS 8.73956395901028E-05
SFD3 0
dH3 0
UserField1 0
UserField2 0
CenterField 0
ExchangeField 0
ExchangeMoment 0
ExRegionOneIntercept 0
ExRegionOneSlope 0
ExRegionTwoIntercept 0
ExRegionTwoSlope 0
NegativeIntercept 0
NegativeSlope 0
AutoCenterOffset 0
PinningField 0
PinningMoment 0
PinRegionOneIntercept 0
PinRegionOneSlope 0
PinRegionTwoIntercept 0
PinRegionTwoSlope 0
PositiveIntercept 0
PositiveSlope 0
TotalOffset 0
BHMax 0
BCoercivity 0
BRetentivity 0
BNegativeCoercivity 0
BPositiveCoercivity 0
BNegativeRetentivity 0
BPositiveRetentivity 0
MomentYMean -6.8946905882353E-06
MomentYRMS 1.50065637547496E-06
YOffCorrection 0
Mrt 0
Ms1 0
Ms2 0
Ms3 0
Hc2 0
Hex2 0
HsatValue 0
HsatIntercept 0
HsatSlope 0
CenterH 0
Span .000235828
SpanAsPercentOfRange -18.1406153846154
RMSAsPercentOfRange -6.72274150693098
SpanAsPercentOfMean 87.7621257310362
RMSAsPercentOfMean 32.523818673147
