Version 1.25
******************************************** Units *******************************************
System CGS
TemperatureUnit K
MomentUnit emu
AppliedFieldUnit G
 
******************************************** Setup ********************************************
 
Experiment CustomField
Minor False
Acquisition PointByPoint
EditedPoint No
MaxField 15000
FieldIncrement 0
Points 89
MinField 0
RampRate 0
AverageTime 10
TimeInterval 10
TimeConstant 1
TimeConstantIndex 2
Sensitivity -0.0015
SensitivityIndex 5
SensitivityY -4
SensitivityIndexY 0
SaturationField 8000
ExperimentTime 890
Use735Domains False
AutoRangeEnabled False
NumberOfVertices 11
VertexPts
0
8
17
27
36
44
52
61
71
80
88
VertexField
15000
5000
500
-500
-5000
-15000
-5000
-500
500
5000
15000
StartAngle 0
EndAngle 0
AngleIncrement 0
StartTemp 0
FinishTemp 0
TempIncrement 0
TempPoints 0
LengthofSetPointsArray 89
SetPointArray
15000
13750
12500
11250
10000
8750
7500
6250
5000
4500
4000
3500
3000
2500
2000
1500
1000
500
400
300
200
100
0
-100
-200
-300
-400
-500
-1000
-1500
-2000
-2500
-3000
-3500
-4000
-4500
-5000
-6250
-7500
-8750
-10000
-11250
-12500
-13750
-15000
-13750
-12500
-11250
-10000
-8750
-7500
-6250
-5000
-4500
-4000
-3500
-3000
-2500
-2000
-1500
-1000
-500
-400
-300
-200
-100
0
100
200
300
400
500
1000
1500
2000
2500
3000
3500
4000
4500
5000
6250
7500
8750
10000
11250
12500
13750
15000
FieldDomainFile c:\Ideasvsm\Default UserID\Experiments\Jason_1p5T_cus\fdomain.ini
TempDomainFile c:\Ideasvsm\Default UserID\Experiments\Jason_1p5T_cus\tdomain.ini
NumSelectedResults 0
ResultsSelected 
UserName1 
UserValue1 
UserName2 
UserValue2 
LinearBackgroundCorrection Off
MaxLinearFieldCorrection 
MinLinearFieldCorrection 
AutoLinearCorrection Off
FitOneRegion Off
BackgroundMode Off
BackgroundFilename 
AutoCenter Off
OffsetCorrection 
SmoothDeriv Off
DerivOrder 0
DerivPoints 0
MinExFieldOne 
MaxExFieldOne 
MinExFieldTwo 
MaxExFieldTwo 
MinPinFieldOne 
MaxPinFieldOne 
MinPinFieldTwo 
MaxPinFieldTwo 
HCenterStart 
Mass 
Volume 
Density 
MolarWeight 
NumberOfMoles 
Demagnetization 
SampleArea 
Thickness 
MomentScaling 0
XAxis 0
YAxis 0
SimpleSpinValve False
HsatMax 0
HsatMin 0
FieldAutoRange True
 
*************************************************** Experiment Data ********************************************
 
DataPoints 65
MomentX Data
-0.000227893
-0.000184028
-0.000140766
-0.0000942561
-0.0000503901
-0.00000666729
0.0000354189
0.0000759453
0.000117967
0.000135528
0.00015046
0.000164046
0.000177803
0.000189249
0.000201628
0.000212615
0.000219953
0.000230527
0.000237756
0.000243461
0.000246163
0.000252091
0.000254594
0.000256446
0.000261399
0.000264962
0.000269957
0.000274666
0.000278961
0.000288749
0.000298579
0.000312223
0.000323877
0.000332332
0.000349432
0.000358028
0.000374851
0.000414749
0.000462718
0.000495271
0.000531114
0.000576452
0.000615117
0.000649898
0.000689093
0.000656866
0.000625593
0.000592595
0.000556964
0.000526674
0.000488548
0.000456989
0.000423591
0.000419407
0.000409945
0.000407041
0.000399788
0.000397232
0.00039283
0.000389404
0.000390068
0.000383103
0.000385972
0.000385342
0.000388237
MomentY Data
0.0000330067
0.000032444
0.0000336456
0.0000309277
0.0000321674
0.0000308132
0.0000311852
0.000030098
0.0000290585
0.0000308323
0.0000302792
0.0000303459
0.0000286102
0.0000283337
0.0000272369
0.0000277615
0.0000276947
0.0000260639
0.0000254631
0.0000271606
0.0000266266
0.000025444
0.0000261307
0.0000256634
0.0000251675
0.0000244427
0.0000253391
0.0000240231
0.0000241184
0.000024786
0.0000226688
0.000026226
0.0000247002
0.0000238991
0.0000228977
0.0000248051
0.0000226784
0.0000208378
0.0000201321
0.0000197601
0.0000215149
0.0000180817
0.0000212193
0.0000192165
0.0000190926
0.0000193119
0.0000191021
0.000017519
0.0000197697
0.0000175667
0.0000182343
0.0000194454
0.0000184536
0.0000170612
0.0000165081
0.0000172901
0.0000164986
0.0000172329
0.0000133896
0.0000135803
0.0000130367
0.0000132084
0.0000132084
0.0000133514
0.0000124836
Field Data
15000
13750
12500
11250
9999.98
8749.98
7499.97
6249.97
4999.98
4499.99
3999.98
3499.99
2999.99
2499.99
1999.98
1499.98
999.981
499.978
399.99
299.991
199.99
99.9923
-0.00930181
-100.008
-200.008
-300.007
-400.005
-500.009
-1000.01
-1500.02
-2000.02
-2500.03
-3000.03
-3500.02
-4000.03
-4500.02
-5000.02
-6250.04
-7500.03
-8750.03
-10000
-11250
-12500
-13750
-15000
-13750
-12500
-11250
-9999.98
-8749.98
-7499.98
-6249.97
-4999.97
-4499.98
-3999.99
-3500
-2999.99
-2499.99
-1999.98
-1499.98
-999.982
-499.981
-399.993
-299.994
-199.993
Time Data
0
18.689
37.409
56.082
74.787
93.491
112.196
130.854
149.527
167.202
184.846
203.519
221.225
238.947
256.622
274.328
291.972
309.662
327.368
346.073
363.732
381.438
399.113
416.835
434.478
452.169
470.858
488.517
506.177
523.851
541.495
559.154
576.845
594.535
613.209
630.899
648.59
667.248
685.952
704.672
723.377
742.066
760.786
779.428
798.132
816.884
835.573
854.215
872.888
891.593
910.328
929.017
947.706
965.397
983.056
1001.78
1019.43
1037.11
1054.78
1072.44
1090.12
1107.81
1125.5
1144.2
1161.88
Temperature Data
0
0
0
0
0
0
0
0
0
0
0
0
0
0
0
0
0
0
0
0
0
0
0
0
0
0
0
0
0
0
0
0
0
0
0
0
0
0
0
0
0
0
0
0
0
0
0
0
0
0
0
0
0
0
0
0
0
0
0
0
0
0
0
0
0
Angle Data
0
0
0
0
0
0
0
0
0
0
0
0
0
0
0
0
0
0
0
0
0
0
0
0
0
0
0
0
0
0
0
0
0
0
0
0
0
0
0
0
0
0
0
0
0
0
0
0
0
0
0
0
0
0
0
0
0
0
0
0
0
0
0
0
0
Bx Data
0
0
0
0
0
0
0
0
0
0
0
0
0
0
0
0
0
0
0
0
0
0
0
0
0
0
0
0
0
0
0
0
0
0
0
0
0
0
0
0
0
0
0
0
0
0
0
0
0
0
0
0
0
0
0
0
0
0
0
0
0
0
0
0
0
Hint Data
0
0
0
0
0
0
0
0
0
0
0
0
0
0
0
0
0
0
0
0
0
0
0
0
0
0
0
0
0
0
0
0
0
0
0
0
0
0
0
0
0
0
0
0
0
0
0
0
0
0
0
0
0
0
0
0
0
0
0
0
0
0
0
0
0
Torque Data
0.4951005
0.446105
0.42057
0.347936625
0.321673356652
0.269614883736
0.233888064444
0.18811159706
0.14529191883
0.138745041677
0.121116194416
0.106210346541
0.085830313898
0.070833966663
0.054473255262
0.04164169477
0.0276941738007
0.0130313765942
0.010184985369
0.0081479355546
0.005325053734
0.0025442040812
-2.43062806567E-07
-0.0025665453072
-0.00503370134
-0.0073329810989
-0.0101357666955
-0.0120117662079
-0.024118641184
-0.03717949572
-0.045338053376
-0.06556578678
-0.074101341006
-0.083647327982
-0.091591486931
-0.111623446102
-0.113392453568
-0.130237083512
-0.150991353963
-0.172901467803
-0.215149
-0.203419125
-0.26524125
-0.264226875
-0.286389
-0.265538625
-0.23877625
-0.19708875
-0.197696604606
-0.153708273666
-0.136756885314
-0.121533166638
-0.092267446392
-0.076775058776
-0.066032234919
-0.06051535
-0.049495635014
-0.043082077671
-0.026778932208
-0.020370178394
-0.0130364653394
-0.0066039490404
-0.0052832675412
-0.0040053398916
-0.0024966326148
dMdH Data
-0.000000035092
-0.0000000346096
-0.00000003720792
-3.50922385241836E-08
-0.000000034978248
-3.36686826505388E-08
-0.00000003242112
-3.36176289410315E-08
-3.51227024540491E-08
-2.98634027319454E-08
-2.7172543450869E-08
-0.000000027514
-0.000000022892
-2.4757504849903E-08
-0.000000021974
-1.46760293520587E-08
-2.11478731127613E-08
-7.22986758411007E-08
-5.7050570505705E-08
-2.70197298027019E-08
-5.92813634713603E-08
-2.50295990733791E-08
-1.85202410983506E-08
-4.95299999999998E-08
-3.5630356303563E-08
-4.99509990199803E-08
-4.70881164753414E-08
-8.5899828200343E-09
-1.95756084878302E-08
-0.00000001966
-2.7287454250915E-08
-0.000000023308
-1.69103382067642E-08
-3.41993160136797E-08
-1.71923438468769E-08
-0.000000033646
-3.1917889313771E-08
-3.8375507004056E-08
-0.0000000260424
-2.86750882021168E-08
-0.0000000362704
-0.000000030932
-0.0000000278248
-0.000000031356
-0.0000000257816
-0.0000000250184
-0.0000000263984
-2.85043439304971E-08
-0.000000024232
-0.0000000305008
-2.52469980240158E-08
-0.0000000267184
-8.36816736334728E-09
-1.89243784875698E-08
-5.80811616232319E-09
-1.45057098858023E-08
-5.11199999999993E-09
-8.80382392352159E-09
-6.85200000000001E-09
1.32800531202123E-09
-1.39299721400557E-08
2.86934432131857E-08
-6.30006300063E-09
2.89497105028949E-08
2.89497105028949E-08
dMdT Data
0
0
0
0
0
0
0
0
0
0
0
0
0
0
0
0
0
0
0
0
0
0
0
0
0
0
0
0
0
0
0
0
0
0
0
0
0
0
0
0
0
0
0
0
0
0
0
0
0
0
0
0
0
0
0
0
0
0
0
0
0
0
0
0
0
 
*********************************************** Results ***************************************
 
TotalArea -1.41051449481528
AreaFirstQuad -0.653261528375251
AreaSecondQuad -0.660967858401689
AreaThirdQuad 0
AreaFourthQuad -9.62851080383361E-02
Coercivity 8551.95354113309
PositiveCoercivity 0
NegativeCoercivity 8551.95354113309
Retentivity 2.54593767179425E-04
PositiveRetentivity 2.54593767179425E-04
NegativeRetentivity 0
Magnetization 0.000458493
PositiveMagnetization 0.000689093
NegativeMagnetization -0.000227893
Flatness -0.653770693725301
Squareness 0.555283869501661
SStar 1.88421180794746
SFD1 1.49085662423106
SFD2 9.35451176333221E-02
Slope 0
Intercept 0
SlopeAtHc -3.36686826505388E-08
dH1 -4197.78304578142
dH2 799.9935
InitialSlope -0.000000035092
FieldAtHalfMs 0
FieldAtMs -15000
MomentMean 3.10711810923077E-04
MomentRMS 2.01057396995085E-04
SFD3 1.8657274445888
dH3 -7403.66088540725
UserField1 0
UserField2 0
CenterField 0
ExchangeField 0
ExchangeMoment 0
ExRegionOneIntercept 0
ExRegionOneSlope 0
ExRegionTwoIntercept 0
ExRegionTwoSlope 0
NegativeIntercept 0
NegativeSlope 0
AutoCenterOffset 0
PinningField 0
PinningMoment 0
PinRegionOneIntercept 0
PinRegionOneSlope 0
PinRegionTwoIntercept 0
PinRegionTwoSlope 0
PositiveIntercept 0
PositiveSlope 0
TotalOffset 0
BHMax 0
BCoercivity 0
BRetentivity 0
BNegativeCoercivity 0
BPositiveCoercivity 0
BNegativeRetentivity 0
BPositiveRetentivity 0
MomentYMean 2.30592630769231E-05
MomentYRMS 5.80696551739184E-06
YOffCorrection 0
Mrt 0
Ms1 0
Ms2 0
Ms3 0
Hc2 0
Hex2 0
HsatValue 0
HsatIntercept 0
HsatSlope 0
CenterH 0
Span .000916986
SpanAsPercentOfRange -61.1324
RMSAsPercentOfRange -13.403826466339
SpanAsPercentOfMean 295.124281653722
RMSAsPercentOfMean 64.7086431628634
