Version 1.25
******************************************** Units *******************************************
System CGS
TemperatureUnit K
MomentUnit emu
AppliedFieldUnit G
 
******************************************** Setup ********************************************
 
Experiment CustomField
Minor False
Acquisition PointByPoint
EditedPoint No
MaxField 5000
FieldIncrement 100
Points 51
MinField 0
RampRate 10
AverageTime 10
TimeInterval 0
TimeConstant 0.1
TimeConstantIndex 0
Sensitivity -0.0015
SensitivityIndex 5
SensitivityY -4
SensitivityIndexY 0
SaturationField 8000
ExperimentTime 510
Use735Domains False
AutoRangeEnabled False
NumberOfVertices 7
VertexPts
0
5
20
25
30
45
50
VertexField
5000
1750
-1750
-5000
-1750
1750
5000
StartAngle 0
EndAngle 0
AngleIncrement 0
StartTemp 0
FinishTemp 0
TempIncrement 0
TempPoints 0
LengthofSetPointsArray 51
SetPointArray
5000
4350
3700
3050
2400
1750
1516.66666666667
1283.33333333333
1050
816.666666666667
583.333333333333
350
116.666666666667
-116.666666666667
-350
-583.333333333333
-816.666666666667
-1050
-1283.33333333333
-1516.66666666667
-1750
-2400
-3050
-3700
-4350
-5000
-4350
-3700
-3050
-2400
-1750
-1516.66666666667
-1283.33333333333
-1050
-816.666666666667
-583.333333333333
-350
-116.666666666667
116.666666666667
350
583.333333333333
816.666666666667
1050
1283.33333333333
1516.66666666667
1750
2400
3050
3700
4350
5000
FieldDomainFile c:\Ideasvsm\Default UserID\Experiments\Hannah_5kG_fast\fdomain.ini
TempDomainFile c:\Ideasvsm\Default UserID\Experiments\Hannah_5kG_fast\tdomain.ini
NumSelectedResults 0
ResultsSelected 
UserName1 
UserValue1 
UserName2 
UserValue2 
LinearBackgroundCorrection Off
MaxLinearFieldCorrection 
MinLinearFieldCorrection 
AutoLinearCorrection Off
FitOneRegion Off
BackgroundMode Off
BackgroundFilename 
AutoCenter Off
OffsetCorrection 
SmoothDeriv Off
DerivOrder 0
DerivPoints 0
MinExFieldOne 
MaxExFieldOne 
MinExFieldTwo 
MaxExFieldTwo 
MinPinFieldOne 
MaxPinFieldOne 
MinPinFieldTwo 
MaxPinFieldTwo 
HCenterStart 
Mass 
Volume 
Density 
MolarWeight 
NumberOfMoles 
Demagnetization 
SampleArea 
Thickness 
MomentScaling 0
XAxis 0
YAxis 0
SimpleSpinValve False
HsatMax 0
HsatMin 0
FieldAutoRange True
 
*************************************************** Experiment Data ********************************************
 
DataPoints 51
MomentX Data
0.00026679
0.000277331
0.000278332
0.000277345
0.000273437
0.000268944
0.000267718
0.000264822
0.000264064
0.000263526
0.000260337
0.000259029
0.000254743
0.000253471
0.000250911
0.000249946
0.000247986
0.000246789
0.000246459
0.000245547
0.000245599
0.000247962
0.000241836
0.000242709
0.000246924
0.000254167
0.000243051
0.000239171
0.000241127
0.000243827
0.000247579
0.000248658
0.000249099
0.00025178
0.000253001
0.00025512
0.000257946
0.000259365
0.000261408
0.000263023
0.000265851
0.000268037
0.000269769
0.000269055
0.000270238
0.000269641
0.000271173
0.000271849
0.000274271
0.000270245
0.000261655
MomentY Data
-0.00000741482
-0.00000494003
-0.00000711918
-0.00000408649
-0.00000432491
-0.00000727654
-0.00000677586
-0.00000722885
-0.00000590324
-0.0000067997
-0.00000776768
-0.00000768661
-0.00000669479
-0.00000553608
-0.00000669956
-0.00000771999
-0.00000796795
-0.00000840664
-0.00000776291
-0.0000092268
-0.00000884056
-0.00000565529
-0.00000580311
-0.00000708103
-0.00000588894
-0.00000700474
-0.00000980377
-0.00000980854
-0.00000585556
-0.00000800133
-0.0000119448
-0.0000117588
-0.000011754
-0.0000102663
-0.0000129032
-0.0000105715
-0.0000101328
-0.00000939369
-0.0000107098
-0.0000111341
-0.0000109005
-0.0000104904
-0.0000113964
-0.0000102711
-0.0000105238
-0.0000103807
-0.00000883102
-0.00000957966
-0.0000095129
-0.00000909805
-0.00000810146
Field Data
5000.06
4350
3699.99
3049.99
2399.99
1749.99
1516.66
1283.32
1049.99
816.659
583.327
349.996
116.659
-116.67
-350.006
-583.339
-816.675
-1050.01
-1283.34
-1516.68
-1750
-2400.02
-3050.01
-3700.02
-4350.02
-5000.03
-4349.99
-3699.99
-3049.99
-2399.99
-1749.99
-1516.66
-1283.32
-1049.99
-816.658
-583.322
-349.989
-116.656
116.675
350.012
583.343
816.68
1050.01
1283.34
1516.68
1750.01
2400.02
3050.02
3700.03
4350.02
5000.03
Time Data
0
17.659
35.256
53.992
71.651
89.326
107.001
124.676
142.335
160.026
177.701
196.452
214.143
231.818
249.524
268.197
285.903
303.578
321.269
338.99
356.681
374.387
392.077
410.798
428.504
446.194
463.838
481.513
500.217
517.877
535.552
553.242
570.917
588.592
606.329
624.051
642.709
660.384
678.074
695.749
714.485
732.175
749.85
767.541
785.247
802.969
820.675
838.365
857.07
874.713
892.435
Temperature Data
0
0
0
0
0
0
0
0
0
0
0
0
0
0
0
0
0
0
0
0
0
0
0
0
0
0
0
0
0
0
0
0
0
0
0
0
0
0
0
0
0
0
0
0
0
0
0
0
0
0
0
Angle Data
0
0
0
0
0
0
0
0
0
0
0
0
0
0
0
0
0
0
0
0
0
0
0
0
0
0
0
0
0
0
0
0
0
0
0
0
0
0
0
0
0
0
0
0
0
0
0
0
0
0
0
Bx Data
0
0
0
0
0
0
0
0
0
0
0
0
0
0
0
0
0
0
0
0
0
0
0
0
0
0
0
0
0
0
0
0
0
0
0
0
0
0
0
0
0
0
0
0
0
0
0
0
0
0
0
Hint Data
0
0
0
0
0
0
0
0
0
0
0
0
0
0
0
0
0
0
0
0
0
0
0
0
0
0
0
0
0
0
0
0
0
0
0
0
0
0
0
0
0
0
0
0
0
0
0
0
0
0
0
Torque Data
-0.0370745448892
-0.0214891305
-0.0263408948082
-0.0124637536351
-0.0103797407509
-0.0127338722346
-0.0102766758276
-0.009276927782
-0.0061983429676
-0.0055530362023
-0.00453109747136
-0.00269028275356
-0.00078100750661
0.0006458944536
0.00234488619736
0.00450337124661
0.00650722556625
0.0088270560664
0.0099624529194
0.013994103024
0.01547098
0.0135728091058
0.0176995435311
0.0261999526206
0.0256170067788
0.0350239101422
0.0426463014623
0.0362914999146
0.0178593994444
0.0192031119867
0.020903280552
0.017834101608
0.01508414328
0.010779512337
0.0105375015056
0.006166588523
0.0035463685392
0.00109583030064
-0.001249565915
-0.0038970686092
-0.0063587303715
-0.008567299872
-0.011966333964
-0.013181313474
-0.015961236984
-0.018166328807
-0.0211946246204
-0.0292181545932
-0.035198015387
-0.039576699461
-0.0405075430438
dMdH Data
-1.62154262683445E-08
-1.53997630805678E-09
1.51846153846151E-09
6.0123076923077E-09
6.91230769230769E-09
5.25436077658255E-09
1.24110739693152E-08
3.24861783739772E-09
2.30573734308778E-09
1.36672209555481E-08
5.60577034341793E-09
1.83682827841276E-08
5.45152981412499E-09
1.09713031851066E-08
4.13572019388582E-09
8.3999040010972E-09
5.12996335740451E-09
1.41430591865618E-09
3.90845975829259E-09
-2.22869878278783E-10
-3.63527276083816E-09
9.42476038092896E-09
-1.34305626067292E-09
-6.48461538461536E-09
-1.11429054937617E-08
-1.71004861239309E-08
-5.96923076923076E-09
3.00923076923078E-09
4.15384615384617E-09
5.77230769230767E-09
4.62435177645404E-09
1.88994600154283E-09
1.1490164145202E-08
5.23288704506874E-09
9.08132478485971E-09
1.21114458734941E-08
6.08143725919612E-09
8.75580184373258E-09
6.92131980783161E-09
1.21201212012121E-08
9.36842421047667E-09
7.42296318518837E-09
-3.0600437149103E-09
5.06985514699594E-09
-2.55860798011409E-09
2.35688681712589E-09
1.04000000000003E-09
3.72609652159193E-09
-6.19394144525295E-09
-1.3215181304903E-08
-1.3215181304903E-08
dMdT Data
0
0
0
0
0
0
0
0
0
0
0
0
0
0
0
0
0
0
0
0
0
0
0
0
0
0
0
0
0
0
0
0
0
0
0
0
0
0
0
0
0
0
0
0
0
0
0
0
0
0
0
 
*********************************************** Results ***************************************
 
TotalArea 5.10877355200009E-03
AreaFirstQuad 5.94055359431243E-03
AreaSecondQuad -8.31780042312357E-04
AreaThirdQuad 0
AreaFourthQuad 0
Coercivity 0
PositiveCoercivity 0
NegativeCoercivity 0
Retentivity 3.13969341823425E-06
PositiveRetentivity 2.54107029983414E-04
NegativeRetentivity 2.60386416819882E-04
Magnetization 0.000278332
PositiveMagnetization 0.000278332
NegativeMagnetization 0.000239171
Flatness -79.9337078925123
Squareness 1.12803896721694E-02
SStar 0
SFD1 0
SFD2 0
Slope 0
Intercept 0
SlopeAtHc -1.3215181304903E-08
dH1 0
dH2 583.335
InitialSlope -1.62154262683445E-08
FieldAtHalfMs 0
FieldAtMs 3699.99
MomentMean 2.58287509803921E-04
MomentRMS 1.12301638569926E-05
SFD3 0
dH3 0
UserField1 0
UserField2 0
CenterField 0
ExchangeField 0
ExchangeMoment 0
ExRegionOneIntercept 0
ExRegionOneSlope 0
ExRegionTwoIntercept 0
ExRegionTwoSlope 0
NegativeIntercept 0
NegativeSlope 0
AutoCenterOffset 0
PinningField 0
PinningMoment 0
PinRegionOneIntercept 0
PinRegionOneSlope 0
PinRegionTwoIntercept 0
PinRegionTwoSlope 0
PositiveIntercept 0
PositiveSlope 0
TotalOffset 0
BHMax 0
BCoercivity 0
BRetentivity 0
BNegativeCoercivity 0
BPositiveCoercivity 0
BNegativeRetentivity 0
BPositiveRetentivity 0
MomentYMean -8.44581333333334E-06
MomentYRMS 2.1482830820082E-06
YOffCorrection 0
Mrt 0
Ms1 0
Ms2 0
Ms3 0
Hc2 0
Hex2 0
HsatValue 0
HsatIntercept 0
HsatSlope 0
CenterH 0
Span .000039161
SpanAsPercentOfRange -2.61073333333333
RMSAsPercentOfRange -.748677590466171
SpanAsPercentOfMean 15.1617861931183
RMSAsPercentOfMean 4.34793144489175
