Version 1.25
******************************************** Units *******************************************
System CGS
TemperatureUnit K
MomentUnit emu
AppliedFieldUnit G
 
******************************************** Setup ********************************************
 
Experiment CustomField
Minor False
Acquisition Continuous
EditedPoint No
MaxField 5000
FieldIncrement 100
Points 45
MinField 0
RampRate 10
AverageTime 10
TimeInterval 0
TimeConstant 0.1
TimeConstantIndex 0
Sensitivity -150
SensitivityIndex 0
SensitivityY -4
SensitivityIndexY 0
SaturationField 8000
ExperimentTime 450
Use735Domains False
AutoRangeEnabled False
NumberOfVertices 7
VertexPts
0
5
17
22
27
39
44
VertexField
5000
2000
-2000
-5000
-2000
2000
5000
StartAngle 0
EndAngle 0
AngleIncrement 0
StartTemp 0
FinishTemp 0
TempIncrement 0
TempPoints 0
LengthofSetPointsArray 45
SetPointArray
5000
4400
3800
3200
2600
2000
1666.66666666667
1333.33333333333
1000
666.666666666667
333.333333333334
3.41060513164848E-13
-333.333333333333
-666.666666666666
-1000
-1333.33333333333
-1666.66666666667
-2000
-2600
-3200
-3800
-4400
-5000
-4400
-3800
-3200
-2600
-2000
-1666.66666666667
-1333.33333333333
-1000
-666.666666666667
-333.333333333334
-3.41060513164848E-13
333.333333333333
666.666666666666
1000
1333.33333333333
1666.66666666667
2000
2600
3200
3800
4400
5000
FieldDomainFile c:\Ideasvsm\Default UserID\Experiments\Hannah_5kG_fast\fdomain.ini
TempDomainFile c:\Ideasvsm\Default UserID\Experiments\Hannah_5kG_fast\tdomain.ini
NumSelectedResults 0
ResultsSelected 
UserName1 
UserValue1 
UserName2 
UserValue2 
LinearBackgroundCorrection Off
MaxLinearFieldCorrection 
MinLinearFieldCorrection 
AutoLinearCorrection Off
FitOneRegion Off
BackgroundMode Off
BackgroundFilename 
AutoCenter Off
OffsetCorrection 
SmoothDeriv Off
DerivOrder 0
DerivPoints 0
MinExFieldOne 
MaxExFieldOne 
MinExFieldTwo 
MaxExFieldTwo 
MinPinFieldOne 
MaxPinFieldOne 
MinPinFieldTwo 
MaxPinFieldTwo 
HCenterStart 
Mass 
Volume 
Density 
MolarWeight 
NumberOfMoles 
Demagnetization 
SampleArea 
Thickness 
MomentScaling 0
XAxis 0
YAxis 0
SimpleSpinValve False
HsatMax 0
HsatMin 0
FieldAutoRange False
 
*************************************************** Experiment Data ********************************************
 
DataPoints 45
MomentX Data
0.0082088
0.0082733
0.00830029
0.00830484
0.00830835
0.00836934
0.00836934
0.00835707
0.008342
0.00836268
0.00833744
0.00833499
0.00833393
0.00835777
0.00837775
0.00830905
0.00833884
0.00836408
0.00839703
0.00837985
0.00835321
0.00833989
0.00840439
0.0083753
0.00839282
0.00842612
0.00839422
0.0083767
0.0083753
0.00837775
0.00829678
0.00832167
0.00834515
0.00839528
0.0083788
0.00841105
0.00839282
0.00840824
0.00843138
0.00835462
0.00839633
0.00838967
0.00836829
0.0083802
0.00838932
MomentY Data
-0.00000566483
-0.00000424862
-0.00000483513
-0.00000412464
-0.00000341892
-0.00000518322
-0.00000813484
-0.00000751972
-0.00000744343
-0.00000760078
-0.0000068903
-0.00000637054
-0.00000658035
-0.00000715256
-0.00000608444
-0.00000576973
-0.00000675678
-0.00000626087
-0.00000486374
-0.00000506878
-0.00000337601
-0.00000329971
-0.00000380993
-0.00000370502
-0.00000394821
-0.00000483513
-0.00000596523
-0.00000583649
-0.00000656605
-0.00000505447
-0.00000635624
-0.00000726223
-0.00000612259
-0.00000594139
-0.00000555992
-0.00000374317
-0.00000458717
-0.00000419617
-0.00000379562
-0.00000547409
-0.00000423431
-0.00000292778
-0.0000028801
-0.00000325203
-0.00000430584
Field Data
4759.47
4259.49
3759.25
3259.1
2759.03
2259.03
1846.45
1513.36
1180.07
846.744
513.287
180.033
-153.257
-486.613
-819.928
-1153.26
-1486.54
-1819.88
-2275.23
-2875.03
-3474.98
-4074.92
-4675.21
-4732.81
-4133.64
-3533.33
-2933.19
-2333.02
-1863.92
-1530.91
-1197.61
-864.263
-530.885
-197.445
135.762
469.09
802.381
1135.76
1469.07
1802.35
2256.02
2855.76
3455.8
4055.76
4655.92
Time Data
0
10
20
30
40
50
60
70
80
90
100
110
120
130
140
150
160
170
180
190
200
210
220
230
240
250
260
270
280
290
300
310
320
330
340
350
360
370
380
390
400
410
420
430
440
Temperature Data
0
0
0
0
0
0
0
0
0
0
0
0
0
0
0
0
0
0
0
0
0
0
0
0
0
0
0
0
0
0
0
0
0
0
0
0
0
0
0
0
0
0
0
0
0
Angle Data
0
0
0
0
0
0
0
0
0
0
0
0
0
0
0
0
0
0
0
0
0
0
0
0
0
0
0
0
0
0
0
0
0
0
0
0
0
0
0
0
0
0
0
0
0
Bx Data
0
0
0
0
0
0
0
0
0
0
0
0
0
0
0
0
0
0
0
0
0
0
0
0
0
0
0
0
0
0
0
0
0
0
0
0
0
0
0
0
0
0
0
0
0
Hint Data
0
0
0
0
0
0
0
0
0
0
0
0
0
0
0
0
0
0
0
0
0
0
0
0
0
0
0
0
0
0
0
0
0
0
0
0
0
0
0
0
0
0
0
0
0
Torque Data
-0.0269615884401
-0.0180969544038
-0.0181764624525
-0.013442614224
-0.0094329028476
-0.0117090494766
-0.015020575318
-0.0113800434592
-0.0087837684401
-0.00643591486032
-0.0035367014161
-0.00114690742782
0.00100848469995
0.00348052867928
0.00498880272032
0.0066539988198
0.0100442237412
0.0113940320956
0.0110661271602
0.0145728945634
0.0117315672298
0.0134460542732
0.0178122228353
0.0175351557062
0.0163204787844
0.0170841098829
0.0174971529837
0.0136166478998
0.012238591916
0.0077379386677
0.0076122965864
0.00627647668649
0.00325039119215
0.00117309774855
-0.00075482585904
-0.0017558836153
-0.00368065805177
-0.0047658420392
-0.0055760314734
-0.0098662261115
-0.0095526880462
-0.0083610370128
-0.00995304958
-0.0131894531928
-0.0200476465728
dMdH Data
-1.29005160206409E-07
-5.39541020310237E-08
-9.09727081875584E-09
-7.01901733757269E-09
-1.21979999999997E-07
0
3.68368909303791E-08
4.52158780641453E-08
-6.20413649100291E-08
7.56919182983144E-08
7.35174971643049E-09
3.18041345375092E-09
-7.1515136970688E-08
-5.99432968813264E-08
2.06100824403297E-07
-8.93843014882382E-08
-7.57184856302852E-08
-7.23619194026581E-08
2.86428809603206E-08
4.44037003083585E-08
2.22022202220205E-08
-1.07448066767727E-07
5.05034722222201E-07
2.9240449288182E-08
5.54713398077659E-08
-5.31542640050649E-08
-2.91917290101139E-08
-2.98443828608049E-09
7.35713642232764E-09
-2.42934293429342E-07
7.46669386555141E-08
7.04305623046544E-08
1.50341890595006E-07
-4.94587448643014E-08
9.67515480247663E-08
-5.46969465122049E-08
4.62536632481361E-08
6.94248597401807E-08
-2.30316850696113E-07
9.19390746577917E-08
-1.11048120852375E-08
-3.5630957936137E-08
1.98513234215621E-08
1.51959477472668E-08
1.51959477472668E-08
dMdT Data
0
0
0
0
0
0
0
0
0
0
0
0
0
0
0
0
0
0
0
0
0
0
0
0
0
0
0
0
0
0
0
0
0
0
0
0
0
0
0
0
0
0
0
0
0
 
*********************************************** Results ***************************************
 
TotalArea -0.381643468510003
AreaFirstQuad -0.307585547551041
AreaSecondQuad -7.40579209589627E-02
AreaThirdQuad 0
AreaFourthQuad 0
Coercivity 0
PositiveCoercivity 0
NegativeCoercivity 0
Retentivity 2.55485987477929E-05
PositiveRetentivity 8.33441742062468E-03
NegativeRetentivity 8.38551461812027E-03
Magnetization 0.00843138
PositiveMagnetization 0.00843138
NegativeMagnetization 0.0082088
Flatness -325.218181392225
Squareness 3.03017996434663E-03
SStar 0
SFD1 0
SFD2 0
Slope 0
Intercept 0
SlopeAtHc 1.51959477472668E-08
dH1 0
dH2 6270.8935
InitialSlope -1.29005160206409E-07
FieldAtHalfMs 0
FieldAtMs 1469.07
MomentMean 8.36004533333333E-03
MomentRMS 4.24227961660408E-05
SFD3 0
dH3 0
UserField1 0
UserField2 0
CenterField 0
ExchangeField 0
ExchangeMoment 0
ExRegionOneIntercept 0
ExRegionOneSlope 0
ExRegionTwoIntercept 0
ExRegionTwoSlope 0
NegativeIntercept 0
NegativeSlope 0
AutoCenterOffset 0
PinningField 0
PinningMoment 0
PinRegionOneIntercept 0
PinRegionOneSlope 0
PinRegionTwoIntercept 0
PinRegionTwoSlope 0
PositiveIntercept 0
PositiveSlope 0
TotalOffset 0
BHMax 0
BCoercivity 0
BRetentivity 0
BNegativeCoercivity 0
BPositiveCoercivity 0
BNegativeRetentivity 0
BPositiveRetentivity 0
MomentYMean -5.26682488888889E-06
MomentYRMS 1.4248818531702E-06
YOffCorrection 0
Mrt 0
Ms1 0
Ms2 0
Ms3 0
Hc2 0
Hex2 0
HsatValue 0
HsatIntercept 0
HsatSlope 0
CenterH 0
Span .00022258
SpanAsPercentOfRange -1.48386666666667E-04
RMSAsPercentOfRange -2.82818641106939E-05
SpanAsPercentOfMean 2.66242575399113
RMSAsPercentOfMean .507446963198774
