Version 1.25
******************************************** Units *******************************************
System CGS
TemperatureUnit K
MomentUnit emu
AppliedFieldUnit G
 
******************************************** Setup ********************************************
 
Experiment CustomField
Minor False
Acquisition PointByPoint
EditedPoint No
MaxField 15000
FieldIncrement 0
Points 89
MinField 0
RampRate 0
AverageTime 10
TimeInterval 10
TimeConstant 1
TimeConstantIndex 2
Sensitivity -0.0015
SensitivityIndex 5
SensitivityY -4
SensitivityIndexY 0
SaturationField 8000
ExperimentTime 890
Use735Domains False
AutoRangeEnabled False
NumberOfVertices 11
VertexPts
0
8
17
27
36
44
52
61
71
80
88
VertexField
15000
5000
500
-500
-5000
-15000
-5000
-500
500
5000
15000
StartAngle 0
EndAngle 0
AngleIncrement 0
StartTemp 0
FinishTemp 0
TempIncrement 0
TempPoints 0
LengthofSetPointsArray 89
SetPointArray
15000
13750
12500
11250
10000
8750
7500
6250
5000
4500
4000
3500
3000
2500
2000
1500
1000
500
400
300
200
100
0
-100
-200
-300
-400
-500
-1000
-1500
-2000
-2500
-3000
-3500
-4000
-4500
-5000
-6250
-7500
-8750
-10000
-11250
-12500
-13750
-15000
-13750
-12500
-11250
-10000
-8750
-7500
-6250
-5000
-4500
-4000
-3500
-3000
-2500
-2000
-1500
-1000
-500
-400
-300
-200
-100
0
100
200
300
400
500
1000
1500
2000
2500
3000
3500
4000
4500
5000
6250
7500
8750
10000
11250
12500
13750
15000
FieldDomainFile c:\Ideasvsm\Default UserID\Experiments\Jason_1p5T_cus\fdomain.ini
TempDomainFile c:\Ideasvsm\Default UserID\Experiments\Jason_1p5T_cus\tdomain.ini
NumSelectedResults 0
ResultsSelected 
UserName1 
UserValue1 
UserName2 
UserValue2 
LinearBackgroundCorrection Off
MaxLinearFieldCorrection 
MinLinearFieldCorrection 
AutoLinearCorrection Off
FitOneRegion Off
BackgroundMode Off
BackgroundFilename 
AutoCenter Off
OffsetCorrection 
SmoothDeriv Off
DerivOrder 0
DerivPoints 0
MinExFieldOne 
MaxExFieldOne 
MinExFieldTwo 
MaxExFieldTwo 
MinPinFieldOne 
MaxPinFieldOne 
MinPinFieldTwo 
MaxPinFieldTwo 
HCenterStart 
Mass 
Volume 
Density 
MolarWeight 
NumberOfMoles 
Demagnetization 
SampleArea 
Thickness 
MomentScaling 0
XAxis 0
YAxis 0
SimpleSpinValve False
HsatMax 0
HsatMin 0
FieldAutoRange True
 
*************************************************** Experiment Data ********************************************
 
DataPoints 89
MomentX Data
0.000183634
0.00019599
0.000208537
0.000222712
0.00023532
0.000251568
0.000263255
0.000283365
0.000299876
0.000305873
0.000309055
0.000306634
0.00030221
0.000297357
0.000293194
0.000287324
0.000283853
0.000277068
0.000277467
0.00027468
0.000273724
0.000270392
0.000270262
0.000268935
0.000267764
0.000265138
0.000263432
0.000261247
0.000256031
0.000254096
0.000254588
0.000252405
0.000249949
0.000243928
0.000240355
0.000250511
0.000255093
0.000273397
0.00028771
0.00031448
0.000327993
0.00034861
0.000361269
0.000380956
0.000394147
0.000378023
0.000360656
0.000343084
0.000325183
0.000309486
0.000292406
0.000268729
0.000248932
0.000241138
0.0002384
0.000237533
0.000243024
0.000244771
0.000246823
0.000251189
0.000254327
0.00026017
0.000260784
0.000262002
0.000261838
0.000264065
0.000265141
0.000264986
0.000265491
0.000268001
0.000268382
0.000268644
0.000271778
0.000275506
0.000272694
0.000275855
0.000275966
0.000279274
0.00027818
0.000275846
0.000268984
0.000245899
0.000236297
0.00021044
0.000191039
0.000180449
0.000161422
0.000144158
0.000131961
MomentY Data
-0.00000370026
-0.0000048542
-0.00000406742
-0.00000711441
-0.00000639915
-0.00000543118
-0.00000619411
-0.00000611782
-0.00000668526
-0.00000591755
-0.00000634193
-0.00000549316
-0.00000584602
-0.00000499249
-0.00000846863
-0.00000745773
-0.0000078392
-0.00000907898
-0.00000874996
-0.00000849247
-0.00000813961
-0.00000787735
-0.00000926018
-0.00000747204
-0.00000823021
-0.00000872612
-0.00000900269
-0.00000803471
-0.00000682831
-0.00000695229
-0.00000793457
-0.0000062418
-0.00000666618
-0.00000724316
-0.00000395298
-0.0000044632
-0.00000235558
-0.00000393867
-0.0000050211
-0.00000422955
-0.00000469208
-0.00000388622
-0.00000298023
-0.00000401497
-0.00000421047
-0.0000024128
-0.00000591755
-0.00000351906
-0.00000331402
-0.00000443459
-0.000005126
-0.00000562191
-0.00000289917
-0.00000380516
-0.00000394821
-0.00000217438
-0.00000543594
-0.00000628948
-0.00000910282
-0.00000787258
-0.00000758648
-0.00000839233
-0.00000754356
-0.00000552654
-0.00000629902
-0.00000677586
-0.00000706196
-0.00000682354
-0.00000635624
-0.00000734329
-0.00000648975
-0.00000660419
-0.00000888824
-0.0000083065
-0.00000788212
-0.00000621796
-0.00000659466
-0.00000704288
-0.00000600815
-0.00000549316
-0.00000575542
-0.00000598907
-0.00000718594
-0.00000650406
-0.00000778198
-0.00000738144
-0.00000687599
-0.00000864506
-0.00000734806
Field Data
15000
13750
12500
11250
9999.99
8749.98
7499.97
6249.98
4999.98
4499.99
3999.99
3499.98
2999.99
2499.99
1999.98
1499.98
999.98
499.98
399.99
299.99
199.993
99.9938
-0.00463932
-100.009
-200.009
-300.007
-400.007
-500.005
-1000.01
-1500.02
-2000.02
-2500.02
-3000.02
-3500.02
-4000.02
-4500.02
-5000.02
-6250.04
-7500.04
-8750.03
-10000
-11250
-12500
-13750
-15000
-13750
-12500
-11250
-9999.99
-8749.98
-7499.97
-6249.97
-4999.97
-4499.99
-3999.99
-3500
-2999.99
-2499.99
-1999.98
-1499.99
-999.982
-499.98
-399.994
-299.994
-199.993
-99.9947
0.00590862
100.005
200.009
300.007
400.002
500.005
1000.02
1500.01
2000.02
2500.02
3000.02
3500.02
4000.03
4500.02
5000.02
6250.04
7500.04
8750.02
10000
11250
12500
13750
15000
Time Data
0
18.736
37.441
56.129
74.787
93.523
112.243
130.932
149.668
167.374
185.033
203.738
221.459
239.134
256.825
274.562
292.284
309.912
327.571
346.26
363.951
381.657
399.363
417.085
434.76
452.419
471.139
488.845
506.536
524.226
541.885
559.576
577.282
594.926
613.615
631.29
648.964
667.669
686.342
705.031
723.783
742.518
761.192
779.881
798.569
817.274
835.963
854.699
873.388
892.108
910.812
929.532
948.252
965.927
983.633
1002.34
1020.01
1037.73
1055.42
1073.12
1090.79
1108.46
1126.12
1144.83
1162.55
1180.27
1197.93
1215.62
1233.33
1251.02
1269.77
1287.41
1305.07
1322.73
1340.41
1358.1
1375.77
1393.49
1412.23
1429.95
1447.66
1466.38
1485.07
1503.79
1522.49
1541.21
1559.9
1578.57
1597.29
Temperature Data
0
0
0
0
0
0
0
0
0
0
0
0
0
0
0
0
0
0
0
0
0
0
0
0
0
0
0
0
0
0
0
0
0
0
0
0
0
0
0
0
0
0
0
0
0
0
0
0
0
0
0
0
0
0
0
0
0
0
0
0
0
0
0
0
0
0
0
0
0
0
0
0
0
0
0
0
0
0
0
0
0
0
0
0
0
0
0
0
0
Angle Data
0
0
0
0
0
0
0
0
0
0
0
0
0
0
0
0
0
0
0
0
0
0
0
0
0
0
0
0
0
0
0
0
0
0
0
0
0
0
0
0
0
0
0
0
0
0
0
0
0
0
0
0
0
0
0
0
0
0
0
0
0
0
0
0
0
0
0
0
0
0
0
0
0
0
0
0
0
0
0
0
0
0
0
0
0
0
0
0
0
Bx Data
0
0
0
0
0
0
0
0
0
0
0
0
0
0
0
0
0
0
0
0
0
0
0
0
0
0
0
0
0
0
0
0
0
0
0
0
0
0
0
0
0
0
0
0
0
0
0
0
0
0
0
0
0
0
0
0
0
0
0
0
0
0
0
0
0
0
0
0
0
0
0
0
0
0
0
0
0
0
0
0
0
0
0
0
0
0
0
0
0
Hint Data
0
0
0
0
0
0
0
0
0
0
0
0
0
0
0
0
0
0
0
0
0
0
0
0
0
0
0
0
0
0
0
0
0
0
0
0
0
0
0
0
0
0
0
0
0
0
0
0
0
0
0
0
0
0
0
0
0
0
0
0
0
0
0
0
0
0
0
0
0
0
0
0
0
0
0
0
0
0
0
0
0
0
0
0
0
0
0
0
0
Torque Data
-0.0555039
-0.06674525
-0.05084275
-0.0800371125
-0.0639914360085
-0.0475227163764
-0.0464556391767
-0.0382362526436
-0.0334261662948
-0.0266289158245
-0.0253676565807
-0.0192259501368
-0.0175380015398
-0.0124811750751
-0.0169370906274
-0.0111864458454
-0.007839043216
-0.0045393084204
-0.0034998965004
-0.0025476560753
-0.00162786502273
-0.00078768616043
4.29609382776E-08
0.00074727124836
0.00164611607189
0.00261789708284
0.00360113901883
0.00401739517355
0.0068283782831
0.0104285740458
0.0158692986914
0.015604624836
0.0199986733236
0.0253512048632
0.0158119990596
0.020084489264
0.0117779471116
0.0246168450468
0.037658450844
0.0370086893865
0.0469208
0.043719975
0.037252875
0.0552058375
0.06315705
0.033176
0.073969375
0.039589425
0.0331401668598
0.0388025738082
0.03844484622
0.0351367688427
0.0144957630249
0.0171231819484
0.0157928005179
0.00761033
0.0163077656406
0.0157236371052
0.0182054579436
0.0118087912742
0.00758634344336
0.0041959971534
0.00301737873864
0.00165792884076
0.00125975990686
0.000677550087942
-4.17264380952E-08
-0.0006823881177
-0.00127130520616
-0.00220303840303
-0.0025959129795
-0.00330212802095
-0.0088884177648
-0.012459833065
-0.0157643976424
-0.0155450243592
-0.0197841118932
-0.0246502208576
-0.0240327802445
-0.0247193298632
-0.0287772151084
-0.0374319270628
-0.0538948374376
-0.0569106550812
-0.0778198
-0.0830412
-0.085949875
-0.118869575
-0.1102209
dMdH Data
-9.88479999999999E-09
-0.0000000100376
-0.00000001134
-1.00863193094455E-08
-1.29982960136319E-08
-9.3495252037984E-09
-1.60881287050296E-08
-0.0000000132088
-1.19942398847977E-08
-6.36399999999991E-09
4.84190316193667E-09
8.84817696353926E-09
9.70600000000006E-09
8.32583348333035E-09
0.00000001174
6.94200000000002E-09
0.00000001357
-3.99039903990393E-09
2.78699999999997E-08
9.56028680860462E-09
3.33202665621324E-08
1.30002028915652E-09
1.32694213629967E-08
1.17100000000001E-08
2.62605252105041E-08
1.70599999999997E-08
2.18504370087405E-08
1.04318956810432E-08
3.86992260154797E-09
-9.83999999999989E-10
4.36600000000001E-09
4.91199999999993E-09
0.000000012042
7.14599999999998E-09
-2.03119999999999E-08
-9.16400000000009E-09
-1.46429657125486E-08
-0.0000000114504
-2.14161713293706E-08
-1.08106594558269E-08
-0.0000000164936
-0.0000000101272
-0.0000000157496
-0.0000000105528
-0.0000000128992
-0.0000000138936
-0.0000000140576
-1.43206854345165E-08
-1.25574995400037E-08
-1.36638906888745E-08
-0.0000000189416
-0.0000000158376
-1.55886235449418E-08
-5.47600000000003E-09
-1.73403468069359E-09
1.09817803643927E-08
3.49400000000004E-09
4.10391792164157E-09
8.73217464349288E-09
6.27589958560657E-09
1.1685953256187E-08
6.14085972036103E-09
1.21799999999999E-08
-1.6399836001638E-09
2.2270378596436E-08
1.07599345128863E-08
-1.55001408373798E-09
5.04979800808004E-09
2.51005020100402E-08
3.81019050952529E-09
2.61992140235798E-09
6.26781196564106E-09
7.45614912298244E-09
-5.62388752224964E-09
6.32200000000001E-09
2.22000000000026E-10
6.61599999999998E-09
-2.18795624087515E-09
-4.66809336186723E-09
-0.000000013724
-1.84677045167277E-08
-0.0000000076816
-2.06859309748956E-08
-1.55210483367734E-08
-8.47199999999999E-09
-0.0000000152216
-0.0000000138112
-0.0000000097576
-0.0000000097576
dMdT Data
0
0
0
0
0
0
0
0
0
0
0
0
0
0
0
0
0
0
0
0
0
0
0
0
0
0
0
0
0
0
0
0
0
0
0
0
0
0
0
0
0
0
0
0
0
0
0
0
0
0
0
0
0
0
0
0
0
0
0
0
0
0
0
0
0
0
0
0
0
0
0
0
0
0
0
0
0
0
0
0
0
0
0
0
0
0
0
0
0
 
*********************************************** Results ***************************************
 
TotalArea 0.570124157976021
AreaFirstQuad 0.519057402995389
AreaSecondQuad 0.051066754980631
AreaThirdQuad 0
AreaFourthQuad 0
Coercivity 0
PositiveCoercivity 0
NegativeCoercivity 0
Retentivity 2.56053480378722E-06
PositiveRetentivity 2.7026200603121E-04
NegativeRetentivity 2.65140936423636E-04
Magnetization 0.000394147
PositiveMagnetization 0.000394147
NegativeMagnetization 0.000131961
Flatness -104.549046094383
Squareness 6.49639551686864E-03
SStar 0
SFD1 0
SFD2 0
Slope 0
Intercept 0
SlopeAtHc -0.0000000097576
dH1 0
dH2 299.9945
InitialSlope -9.88479999999999E-09
FieldAtHalfMs 0
FieldAtMs -15000
MomentMean 2.67576853932584E-04
MomentRMS 4.55890175512177E-05
SFD3 0
dH3 0
UserField1 0
UserField2 0
CenterField 0
ExchangeField 0
ExchangeMoment 0
ExRegionOneIntercept 0
ExRegionOneSlope 0
ExRegionTwoIntercept 0
ExRegionTwoSlope 0
NegativeIntercept 0
NegativeSlope 0
AutoCenterOffset 0
PinningField 0
PinningMoment 0
PinRegionOneIntercept 0
PinRegionOneSlope 0
PinRegionTwoIntercept 0
PinRegionTwoSlope 0
PositiveIntercept 0
PositiveSlope 0
TotalOffset 0
BHMax 0
BCoercivity 0
BRetentivity 0
BNegativeCoercivity 0
BPositiveCoercivity 0
BNegativeRetentivity 0
BPositiveRetentivity 0
MomentYMean -6.24913842696629E-06
MomentYRMS 1.76913061826982E-06
YOffCorrection 0
Mrt 0
Ms1 0
Ms2 0
Ms3 0
Hc2 0
Hex2 0
HsatValue 0
HsatIntercept 0
HsatSlope 0
CenterH 0
Span .000262186
SpanAsPercentOfRange -17.4790666666667
RMSAsPercentOfRange -3.03926783674785
SpanAsPercentOfMean 97.9853063322351
RMSAsPercentOfMean 17.0377283689507
