Version 1.25
******************************************** Units *******************************************
System CGS
TemperatureUnit K
MomentUnit emu
AppliedFieldUnit G
 
******************************************** Setup ********************************************
 
Experiment CustomField
Minor False
Acquisition PointByPoint
EditedPoint No
MaxField 1000
FieldIncrement 30.769
Points 69
MinField 0
RampRate 10
AverageTime 6
TimeInterval 0
TimeConstant 1
TimeConstantIndex 2
Sensitivity -0.0015
SensitivityIndex 5
SensitivityY -4
SensitivityIndexY 0
SaturationField 8000
ExperimentTime 414
Use735Domains False
AutoRangeEnabled False
NumberOfVertices 11
VertexPts
0
5
9
25
29
34
39
43
59
63
68
VertexField
1000
500
200
-200
-500
-1000
-500
-200
200
500
1000
StartAngle 0
EndAngle 0
AngleIncrement 0
StartTemp 0
FinishTemp 0
TempIncrement 0
TempPoints 0
LengthofSetPointsArray 69
SetPointArray
1000
900
800
700
600
500
425
350
275
200
175
150
125
100
75
50
25
0
-25
-50
-75
-100
-125
-150
-175
-200
-275
-350
-425
-500
-600
-700
-800
-900
-1000
-900
-800
-700
-600
-500
-425
-350
-275
-200
-175
-150
-125
-100
-75
-50
-25
0
25
50
75
100
125
150
175
200
275
350
425
500
600
700
800
900
1000
FieldDomainFile c:\Ideasvsm\Default UserID\Experiments\Hannah_1kG\fdomain.ini
TempDomainFile c:\Ideasvsm\Default UserID\Experiments\Hannah_1kG\tdomain.ini
NumSelectedResults 0
ResultsSelected 
UserName1 
UserValue1 
UserName2 
UserValue2 
LinearBackgroundCorrection Off
MaxLinearFieldCorrection 
MinLinearFieldCorrection 
AutoLinearCorrection Off
FitOneRegion Off
BackgroundMode Off
BackgroundFilename 
AutoCenter Off
OffsetCorrection 
SmoothDeriv Off
DerivOrder 0
DerivPoints 0
MinExFieldOne 
MaxExFieldOne 
MinExFieldTwo 
MaxExFieldTwo 
MinPinFieldOne 
MaxPinFieldOne 
MinPinFieldTwo 
MaxPinFieldTwo 
HCenterStart 
Mass 
Volume 
Density 
MolarWeight 
NumberOfMoles 
Demagnetization 
SampleArea 
Thickness 
MomentScaling 0
XAxis 0
YAxis 0
SimpleSpinValve False
HsatMax 0
HsatMin 0
FieldAutoRange True
 
*************************************************** Experiment Data ********************************************
 
DataPoints 69
MomentX Data
-0.00000736367
-0.00000341515
0.00000140821
0.00000423134
0.00000671351
0.0000112289
0.0000142731
0.0000176854
0.0000187067
0.0000240394
0.0000242396
0.0000235759
0.0000266591
0.0000279121
0.0000283998
0.000028905
0.0000294769
0.0000296975
0.0000229082
0.0000230671
0.0000229754
0.00000191943
-0.000169519
-0.000200522
-0.000221965
-0.000228174
-0.000226496
-0.00022555
-0.000221539
-0.000218801
-0.000214214
-0.000210919
-0.000205895
-0.000203868
-0.000200071
-0.00020417
-0.00020621
-0.000210165
-0.000213029
-0.000216557
-0.000217858
-0.000220296
-0.00022394
-0.000224603
-0.000224882
-0.000225427
-0.000226001
-0.000227435
-0.000227335
-0.000228655
-0.000228018
-0.00022824
-0.000220458
-0.000220928
-0.000219827
-0.000205973
-0.0000302185
0.00000314125
0.000025723
0.0000332919
0.0000327881
0.000030395
0.0000288002
0.0000252006
0.0000238783
0.0000202736
0.0000147204
0.000011931
0.0000104192
MomentY Data
-0.00000709693
-0.00000771681
-0.00000799497
-0.00000734329
-0.00000847975
-0.00000847975
-0.00000736713
-0.00000736713
-0.00000727971
-0.00000605583
-0.00000700156
-0.0000071605
-0.00000723203
-0.00000566641
-0.0000058651
-0.00000705719
-0.00000736713
-0.00000797908
-0.00000731945
-0.00000693003
-0.0000078996
-0.00000898043
-0.00000589689
-0.00000682672
-0.00000825723
-0.00000605583
-0.00000736713
-0.00000924269
-0.00000899633
-0.0000073115
-0.00000739892
-0.00000654856
-0.00000640551
-0.00000699361
-0.00000844796
-0.00000874201
-0.0000078996
-0.00000933806
-0.00000711282
-0.00000532468
-0.00000640551
-0.0000052611
-0.00000623067
-0.00000607967
-0.00000637372
-0.00000619888
-0.00000587304
-0.00000494321
-0.00000650088
-0.00000737508
-0.00000590483
-0.00000473658
-0.00000681082
-0.00000844002
-0.00000705719
-0.00000755787
-0.00000716845
-0.00000730356
-0.00000793934
-0.00000854333
-0.00000735124
-0.00000675519
-0.00000535647
-0.00000685056
-0.00000816186
-0.00000889301
-0.00000631015
-0.00000685056
-0.00000607173
Field Data
1000.01
900
799.996
699.995
600
500
424.999
349.999
274.998
199.995
175.001
150.002
125
100
75.0012
49.9976
24.9962
0.00285701
-25.0025
-49.999
-75.0011
-100.003
-125.002
-150.001
-175.002
-200
-275.005
-350
-425.001
-500.001
-600.003
-700.002
-799.997
-900.006
-1000.01
-900.004
-799.998
-699.999
-599.998
-499.999
-424.999
-350.001
-274.997
-199.996
-174.994
-149.995
-125.001
-99.9978
-74.9981
-49.9973
-25.0002
-0.000583602
25.0029
50.0009
74.9997
100.001
125.003
150.002
174.999
200
274.998
350.004
425.003
500.002
600.002
700.003
800.003
900.007
1000.01
Time Data
0
13.495
27.004
40.514
54.039
67.611
81.168
95.676
109.201
122.711
136.221
150.744
164.285
177.779
191.273
204.783
219.338
232.848
246.388
259.929
273.47
286.996
300.536
314.14
327.649
341.206
354.747
368.272
382.796
396.29
409.815
424.37
437.88
451.452
464.961
478.471
491.981
505.522
520.092
533.68
547.221
561.807
575.379
588.92
602.414
616.969
630.494
644.035
657.545
671.054
684.517
698.043
711.568
725.062
738.572
752.097
765.669
779.194
792.72
806.245
819.817
833.42
847.991
861.485
875.01
888.567
903.137
916.647
930.172
Temperature Data
0
0
0
0
0
0
0
0
0
0
0
0
0
0
0
0
0
0
0
0
0
0
0
0
0
0
0
0
0
0
0
0
0
0
0
0
0
0
0
0
0
0
0
0
0
0
0
0
0
0
0
0
0
0
0
0
0
0
0
0
0
0
0
0
0
0
0
0
0
Angle Data
0
0
0
0
0
0
0
0
0
0
0
0
0
0
0
0
0
0
0
0
0
0
0
0
0
0
0
0
0
0
0
0
0
0
0
0
0
0
0
0
0
0
0
0
0
0
0
0
0
0
0
0
0
0
0
0
0
0
0
0
0
0
0
0
0
0
0
0
0
Bx Data
0
0
0
0
0
0
0
0
0
0
0
0
0
0
0
0
0
0
0
0
0
0
0
0
0
0
0
0
0
0
0
0
0
0
0
0
0
0
0
0
0
0
0
0
0
0
0
0
0
0
0
0
0
0
0
0
0
0
0
0
0
0
0
0
0
0
0
0
0
Hint Data
0
0
0
0
0
0
0
0
0
0
0
0
0
0
0
0
0
0
0
0
0
0
0
0
0
0
0
0
0
0
0
0
0
0
0
0
0
0
0
0
0
0
0
0
0
0
0
0
0
0
0
0
0
0
0
0
0
0
0
0
0
0
0
0
0
0
0
0
0
Torque Data
-0.0070970009693
-0.006945129
-0.00639594402012
-0.00514026628355
-0.00508785
-0.004239875
-0.00313102288287
-0.00257848813287
-0.00200190569058
-0.00121113572085
-0.00122528000156
-0.001074089321
-0.00090400375
-0.000566641
-0.00043988953812
-0.000352842562744
-0.000184150254906
-2.27963113508E-08
0.000183004548625
0.00034649456997
0.00059247868956
0.00089806994129
0.00073712304378
0.00102401482672
0.00144503176446
0.001211166
0.00202599758565
0.0032349415
0.00382344924633
0.0036557573115
0.00443937419676
0.00458400509712
0.00512438878347
0.00629429096166
0.0084480444796
0.00786784396804
0.0063196642008
0.00653663266194
0.00426767777436
0.00266233467532
0.00272233534449
0.0018413902611
0.00171341555799
0.00121590968132
0.00111536275768
0.0009298010056
0.00073413587304
0.000494310124938
0.000487553648328
0.000368734087284
0.000147621930966
2.76427756116E-09
-0.000170290251378
-0.000422008596018
-0.000529287132843
-0.00075579455787
-0.00089607775535
-0.00109554860712
-0.00138937656066
-0.001708666
-0.00202157629752
-0.00236434352076
-0.00227651581941
-0.00342529370112
-0.00489713232372
-0.00622513367903
-0.00504813893045
-0.00616555195392
-0.0060717907173
dMdH Data
-3.94812518748125E-08
-4.82316707331707E-08
-2.82310176898231E-08
-2.48229411470574E-08
-0.0000000451539
-4.0588792149438E-08
-4.54973333333333E-08
-1.36171517713098E-08
-7.10998226737597E-08
-8.00992238137161E-09
2.65490619624786E-08
-1.23318134549236E-07
-0.00000005012
-1.95089364289485E-08
-2.02050904669728E-08
-2.28747190157351E-08
-8.82635028408429E-09
2.71513819910064E-07
-6.35688996459516E-09
3.66769191387928E-09
8.42174794715601E-07
6.8578115124605E-06
1.24016960678427E-06
8.57685692572297E-07
2.48379870389631E-07
-2.23718418772081E-08
-1.2614174278285E-08
-5.34792869428408E-08
-3.65066666666668E-08
-4.58690826183475E-08
-3.29503295032951E-08
-5.02425121256064E-08
-2.02681758641721E-08
-3.79684812607497E-08
-4.09875407475552E-08
-2.03987760734356E-08
-3.95503955039552E-08
-2.86397136028639E-08
-3.52803528035281E-08
-1.73466666666666E-08
-3.25075335342276E-08
-4.85840755159724E-08
-8.83988213490492E-09
-1.11591072714184E-08
-2.1800872034881E-08
-2.29655117228139E-08
-5.7352658859666E-08
4.0000480005761E-09
-5.27983104540653E-08
2.54829560228987E-08
-8.8801362575211E-09
3.11236631017988E-07
-1.88015041203296E-08
4.40421140214736E-08
5.5413118517837E-07
7.02961763058955E-06
1.33444337773511E-06
9.0337840540865E-07
3.0274389024439E-07
-6.71751246699912E-09
-3.19054475641948E-08
-2.12642835237803E-08
-4.7995306604088E-08
-0.000000013223
-3.60466395336047E-08
-0.000000055532
-2.78928842846287E-08
-1.51175464736058E-08
-1.51175464736058E-08
dMdT Data
0
0
0
0
0
0
0
0
0
0
0
0
0
0
0
0
0
0
0
0
0
0
0
0
0
0
0
0
0
0
0
0
0
0
0
0
0
0
0
0
0
0
0
0
0
0
0
0
0
0
0
0
0
0
0
0
0
0
0
0
0
0
0
0
0
0
0
0
0
 
*********************************************** Results ***************************************
 
TotalArea 4.80032964001415E-02
AreaFirstQuad -6.78824531022382E-03
AreaSecondQuad 2.05789468193386E-03
AreaThirdQuad 0.028473375823033
AreaFourthQuad 2.42602712053985E-02
Coercivity 464.737840187741
PositiveCoercivity -100.282889582342
NegativeCoercivity 829.19279079314
Retentivity 1.28968271321991E-04
PositiveRetentivity 2.96967242823014E-05
NegativeRetentivity -2.2823981836168E-04
Magnetization 0.00013097345
PositiveMagnetization 0.0000332919
NegativeMagnetization -0.000228655
Flatness 2.74902125618052
Squareness 0.984690189668139
SStar 6.75363804292308
SFD1 -0.728883801233259
SFD2 1.15657797476285
Slope 0
Intercept 0
SlopeAtHc -4.82316707331707E-08
dH1 803.477723720716
dH2 537.50555
InitialSlope -3.94812518748125E-08
FieldAtHalfMs 0
FieldAtMs 200
MomentMean -9.79703214492754E-05
MomentRMS 1.18573263872825E-04
SFD3 -1.38778901385602
dH3 1109.69590912346
UserField1 0
UserField2 0
CenterField 0
ExchangeField 0
ExchangeMoment 0
ExRegionOneIntercept 0
ExRegionOneSlope 0
ExRegionTwoIntercept 0
ExRegionTwoSlope 0
NegativeIntercept 0
NegativeSlope 0
AutoCenterOffset 0
PinningField 0
PinningMoment 0
PinRegionOneIntercept 0
PinRegionOneSlope 0
PinRegionTwoIntercept 0
PinRegionTwoSlope 0
PositiveIntercept 0
PositiveSlope 0
TotalOffset 0
BHMax 0
BCoercivity 0
BRetentivity 0
BNegativeCoercivity 0
BPositiveCoercivity 0
BNegativeRetentivity 0
BPositiveRetentivity 0
MomentYMean -7.11754173913043E-06
MomentYRMS 1.05967209571829E-06
YOffCorrection 0
Mrt 0
Ms1 0
Ms2 0
Ms3 0
Hc2 0
Hex2 0
HsatValue 0
HsatIntercept 0
HsatSlope 0
CenterH 0
Span .0002619469
SpanAsPercentOfRange -17.4631266666667
RMSAsPercentOfRange -7.90488425818836
SpanAsPercentOfMean -267.37372719107
RMSAsPercentOfMean -121.029779344163
