Version 1.25
******************************************** Units *******************************************
System CGS
TemperatureUnit K
MomentUnit emu
AppliedFieldUnit G
 
******************************************** Setup ********************************************
 
Experiment CustomField
Minor False
Acquisition PointByPoint
EditedPoint No
MaxField 1000
FieldIncrement 30.769
Points 69
MinField 0
RampRate 10
AverageTime 6
TimeInterval 0
TimeConstant 1
TimeConstantIndex 2
Sensitivity -0.0015
SensitivityIndex 5
SensitivityY -4
SensitivityIndexY 0
SaturationField 8000
ExperimentTime 414
Use735Domains False
AutoRangeEnabled False
NumberOfVertices 11
VertexPts
0
5
9
25
29
34
39
43
59
63
68
VertexField
1000
500
200
-200
-500
-1000
-500
-200
200
500
1000
StartAngle 0
EndAngle 0
AngleIncrement 0
StartTemp 0
FinishTemp 0
TempIncrement 0
TempPoints 0
LengthofSetPointsArray 69
SetPointArray
1000
900
800
700
600
500
425
350
275
200
175
150
125
100
75
50
25
0
-25
-50
-75
-100
-125
-150
-175
-200
-275
-350
-425
-500
-600
-700
-800
-900
-1000
-900
-800
-700
-600
-500
-425
-350
-275
-200
-175
-150
-125
-100
-75
-50
-25
0
25
50
75
100
125
150
175
200
275
350
425
500
600
700
800
900
1000
FieldDomainFile c:\Ideasvsm\Default UserID\Experiments\Hannah_1kG\fdomain.ini
TempDomainFile c:\Ideasvsm\Default UserID\Experiments\Hannah_1kG\tdomain.ini
NumSelectedResults 0
ResultsSelected 
UserName1 
UserValue1 
UserName2 
UserValue2 
LinearBackgroundCorrection Off
MaxLinearFieldCorrection 
MinLinearFieldCorrection 
AutoLinearCorrection Off
FitOneRegion Off
BackgroundMode Off
BackgroundFilename 
AutoCenter Off
OffsetCorrection 
SmoothDeriv Off
DerivOrder 0
DerivPoints 0
MinExFieldOne 
MaxExFieldOne 
MinExFieldTwo 
MaxExFieldTwo 
MinPinFieldOne 
MaxPinFieldOne 
MinPinFieldTwo 
MaxPinFieldTwo 
HCenterStart 
Mass 
Volume 
Density 
MolarWeight 
NumberOfMoles 
Demagnetization 
SampleArea 
Thickness 
MomentScaling 0
XAxis 0
YAxis 0
SimpleSpinValve False
HsatMax 0
HsatMin 0
FieldAutoRange True
 
*************************************************** Experiment Data ********************************************
 
DataPoints 69
MomentX Data
-0.000127004
-0.000126104
-0.000124558
-0.000123665
-0.000125231
-0.00013039
-0.000132468
-0.000138072
-0.000144781
-0.000154618
-0.000156726
-0.000161082
-0.000163686
-0.00016814
-0.000172021
-0.000175089
-0.000179444
-0.000184365
-0.000194977
-0.000198301
-0.00020335
-0.000206364
-0.000209991
-0.000214816
-0.000217815
-0.000221412
-0.000234748
-0.000245951
-0.000253407
-0.000256944
-0.000260981
-0.000263386
-0.000263055
-0.000262448
-0.000259759
-0.000259862
-0.00025908
-0.000257552
-0.000254573
-0.000249741
-0.000244976
-0.000237859
-0.000228375
-0.000217309
-0.000211785
-0.000207384
-0.000203958
-0.000195866
-0.000192125
-0.000186091
-0.000181432
-0.000174153
-0.000163592
-0.000158343
-0.000151402
-0.000145543
-0.000139709
-0.000135314
-0.000129024
-0.000124451
-0.000109081
-0.0000967973
-0.0000876279
-0.0000831863
-0.0000776278
-0.0000738884
-0.0000720104
-0.0000734128
-0.0000730579
MomentY Data
-0.00000376701
-0.00000437101
-0.00000460148
-0.00000338554
-0.00000437895
-0.0000043869
-0.00000552336
-0.00000442664
-0.00000518958
-0.00000444253
-0.00000433127
-0.00000405312
-0.00000314713
-0.00000416438
-0.00000501474
-0.00000551542
-0.00000580152
-0.00000675519
-0.00000574589
-0.00000505447
-0.00000560284
-0.0000055631
-0.00000619094
-0.00000558694
-0.00000670751
-0.00000558694
-0.00000400543
-0.00000344912
-0.00000429948
-0.00000507832
-0.00000536442
-0.0000042518
-0.00000414054
-0.00000593662
-0.00000575384
-0.00000570615
-0.00000685851
-0.00000588894
-0.00000472069
-0.00000575384
-0.00000550747
-0.00000629425
-0.00000688235
-0.00000737508
-0.00000455379
-0.00000574589
-0.00000666777
-0.00000631809
-0.00000693003
-0.00000579357
-0.00000572205
-0.00000824134
-0.00000644525
-0.00000634193
-0.0000042518
-0.00000298818
-0.00000384649
-0.00000313918
-0.00000483195
-0.00000595252
-0.00000560284
-0.00000792344
-0.00000836849
-0.00000815392
-0.00000738303
-0.00000728766
-0.00000798702
-0.00000762145
-0.00000793934
Field Data
1000.01
899.996
799.998
700.002
599.996
500.002
425.002
350.001
274.998
199.997
174.998
149.998
125
99.9972
75.0038
49.9968
24.9975
0.00366622
-25.0022
-50.0017
-75.0017
-99.9997
-124.996
-150.001
-175.001
-200
-274.999
-350.004
-425.004
-500.004
-600.006
-699.998
-800.004
-900.006
-1000.01
-900
-800.003
-699.999
-600
-499.997
-424.998
-349.998
-274.998
-200.001
-174.997
-150.001
-124.997
-99.9942
-74.9959
-50.0017
-24.9941
0.00383756
25.0017
49.9992
75.0002
99.9998
125.002
150.002
175.001
200.005
275.001
350.002
425.002
500
600.003
700.004
800.003
900.006
1000.01
Time Data
0
13.51
27.066
40.607
54.179
67.705
81.23
96.814
110.34
123.912
137.468
151.025
164.566
178.106
191.616
205.157
218.698
232.192
245.702
259.243
272.783
286.356
299.881
313.422
327.977
341.486
354.996
369.551
384.137
397.647
411.203
424.775
438.285
452.84
466.396
479.906
493.4
506.91
520.435
533.976
548.515
563.055
576.58
590.136
603.662
617.218
630.759
644.3
658.87
672.396
685.952
699.446
713.05
726.544
740.084
753.594
767.135
780.723
794.264
808.787
822.344
835.854
850.362
863.918
877.475
891
904.494
918.066
931.56
Temperature Data
0
0
0
0
0
0
0
0
0
0
0
0
0
0
0
0
0
0
0
0
0
0
0
0
0
0
0
0
0
0
0
0
0
0
0
0
0
0
0
0
0
0
0
0
0
0
0
0
0
0
0
0
0
0
0
0
0
0
0
0
0
0
0
0
0
0
0
0
0
Angle Data
0
0
0
0
0
0
0
0
0
0
0
0
0
0
0
0
0
0
0
0
0
0
0
0
0
0
0
0
0
0
0
0
0
0
0
0
0
0
0
0
0
0
0
0
0
0
0
0
0
0
0
0
0
0
0
0
0
0
0
0
0
0
0
0
0
0
0
0
0
Bx Data
0
0
0
0
0
0
0
0
0
0
0
0
0
0
0
0
0
0
0
0
0
0
0
0
0
0
0
0
0
0
0
0
0
0
0
0
0
0
0
0
0
0
0
0
0
0
0
0
0
0
0
0
0
0
0
0
0
0
0
0
0
0
0
0
0
0
0
0
0
Hint Data
0
0
0
0
0
0
0
0
0
0
0
0
0
0
0
0
0
0
0
0
0
0
0
0
0
0
0
0
0
0
0
0
0
0
0
0
0
0
0
0
0
0
0
0
0
0
0
0
0
0
0
0
0
0
0
0
0
0
0
0
0
0
0
0
0
0
0
0
0
Torque Data
-0.0037670476701
-0.00393389151596
-0.00368117479704
-0.00236988477108
-0.0026273524842
-0.0021934587738
-0.00234743904672
-0.00154932842664
-0.00142712412084
-0.00088849267241
-0.00075796358746
-0.00060795989376
-0.00039339125
-0.000416426339736
-0.000376124556012
-0.000275753350656
-0.0001450234962
-2.47660126818E-08
0.000143659890958
0.000252732092599
0.000420222524828
0.00055630833107
0.00077384273624
0.00083804658694
0.00117382095751
0.001117388
0.00110148924457
0.00120720579648
0.00182729619792
0.00253918031328
0.00321868418652
0.0029762514964
0.00331244856216
0.00534299361972
0.0057538975384
0.005135535
0.00548682857553
0.00412225211106
0.002832414
0.00287690273848
0.00234066373506
0.0022029749115
0.0018926324853
0.00147502337508
0.00079689958863
0.00086188924589
0.00083345124669
0.000631772355078
0.000519723836877
0.000289688349069
0.000143017489905
-3.16266367304E-08
-0.000161142206925
-0.000317091426456
-0.00031888585036
-0.000298817402364
-0.00048081894298
-0.00047088327836
-0.00084559608195
-0.0011905337626
-0.00154078660284
-0.00277321984688
-0.00355662498698
-0.00407696
-0.00442984014909
-0.00510139115064
-0.00638963996106
-0.0068593507287
-0.0079394193934
dMdH Data
-8.99874017637525E-09
-1.54603092061842E-08
-8.93035721428876E-09
1.56590604563728E-08
5.15930955857351E-08
2.77066666666667E-08
7.47190037466164E-08
8.94497553431197E-08
1.31158251223317E-07
8.43233729349168E-08
0.00000017424
1.04168333466677E-07
1.78140048314589E-07
1.55280994182465E-07
1.22685648018554E-07
1.74204877736577E-07
1.96888562327631E-07
4.24380419643787E-07
1.32962659253186E-07
0.00000020196
1.20569645571646E-07
1.45101475018303E-07
1.92961407718456E-07
0.00000011996
1.43885755430217E-07
1.7781570420939E-07
1.49363375774948E-07
9.9413333333333E-08
4.71600000000002E-08
4.03691926161474E-08
2.40519241539326E-08
-3.30980141191536E-09
-6.06987860242812E-09
-2.68889244430223E-08
-1.02989701029947E-09
7.82023460703828E-09
1.52793888244475E-08
2.97902979029786E-08
4.83185504434869E-08
6.35341804557394E-08
9.48933333333334E-08
1.26453333333333E-07
1.47552568769418E-07
2.20924652055671E-07
1.76068170907346E-07
1.37018077107663E-07
3.23643751899787E-07
1.49650176211983E-07
2.41416008513975E-07
1.86303363777411E-07
2.91184021982972E-07
4.22476122722435E-07
2.0998099809981E-07
2.77628894844206E-07
2.34363749819997E-07
2.33339466126982E-07
1.75799999999999E-07
2.51610064402577E-07
1.82890737482002E-07
2.04944263694064E-07
1.63780482926894E-07
1.22258666666667E-07
5.92229126110031E-08
5.5583332500025E-08
3.73936260637394E-08
1.8780187801878E-08
-1.40235792926212E-08
3.54885804567816E-09
3.54885804567816E-09
dMdT Data
0
0
0
0
0
0
0
0
0
0
0
0
0
0
0
0
0
0
0
0
0
0
0
0
0
0
0
0
0
0
0
0
0
0
0
0
0
0
0
0
0
0
0
0
0
0
0
0
0
0
0
0
0
0
0
0
0
0
0
0
0
0
0
0
0
0
0
0
0
 
*********************************************** Results ***************************************
 
TotalArea -4.79697821177987E-02
AreaFirstQuad 0
AreaSecondQuad 0
AreaThirdQuad -6.27634165474426E-03
AreaFourthQuad -4.16934404630545E-02
Coercivity 0
PositiveCoercivity 0
NegativeCoercivity 0
Retentivity 5.10621921791335E-06
PositiveRetentivity -1.84366555871982E-04
NegativeRetentivity -1.74154117436155E-04
Magnetization 0.000263386
PositiveMagnetization -0.0000720104
NegativeMagnetization -0.000263386
Flatness 37.1062751135317
Squareness 1.93868285251052E-02
SStar 0
SFD1 0
SFD2 0
Slope 0
Intercept 0
SlopeAtHc 3.54885804567816E-09
dH1 0
dH2 212.49625
InitialSlope -8.99874017637525E-09
FieldAtHalfMs 0
FieldAtMs 800.003
MomentMean -1.78425185507246E-04
MomentRMS 5.75389130377952E-05
SFD3 0
dH3 0
UserField1 0
UserField2 0
CenterField 0
ExchangeField 0
ExchangeMoment 0
ExRegionOneIntercept 0
ExRegionOneSlope 0
ExRegionTwoIntercept 0
ExRegionTwoSlope 0
NegativeIntercept 0
NegativeSlope 0
AutoCenterOffset 0
PinningField 0
PinningMoment 0
PinRegionOneIntercept 0
PinRegionOneSlope 0
PinRegionTwoIntercept 0
PinRegionTwoSlope 0
PositiveIntercept 0
PositiveSlope 0
TotalOffset 0
BHMax 0
BCoercivity 0
BRetentivity 0
BNegativeCoercivity 0
BPositiveCoercivity 0
BNegativeRetentivity 0
BPositiveRetentivity 0
MomentYMean -5.54490246376812E-06
MomentYRMS 1.35764767028403E-06
YOffCorrection 0
Mrt 0
Ms1 0
Ms2 0
Ms3 0
Hc2 0
Hex2 0
HsatValue 0
HsatIntercept 0
HsatSlope 0
CenterH 0
Span .0001913756
SpanAsPercentOfRange -12.7583733333333
RMSAsPercentOfRange -3.83592753585302
SpanAsPercentOfMean -107.258176280404
RMSAsPercentOfMean -32.2482013255121
