Version 1.25
******************************************** Units *******************************************
System CGS
TemperatureUnit K
MomentUnit emu
AppliedFieldUnit G
 
******************************************** Setup ********************************************
 
Experiment CustomField
Minor False
Acquisition PointByPoint
EditedPoint No
MaxField 1000
FieldIncrement 30.769
Points 69
MinField 0
RampRate 10
AverageTime 6
TimeInterval 0
TimeConstant 1
TimeConstantIndex 2
Sensitivity -0.0015
SensitivityIndex 5
SensitivityY -4
SensitivityIndexY 0
SaturationField 8000
ExperimentTime 414
Use735Domains False
AutoRangeEnabled False
NumberOfVertices 11
VertexPts
0
5
9
25
29
34
39
43
59
63
68
VertexField
1000
500
200
-200
-500
-1000
-500
-200
200
500
1000
StartAngle 0
EndAngle 0
AngleIncrement 0
StartTemp 0
FinishTemp 0
TempIncrement 0
TempPoints 0
LengthofSetPointsArray 69
SetPointArray
1000
900
800
700
600
500
425
350
275
200
175
150
125
100
75
50
25
0
-25
-50
-75
-100
-125
-150
-175
-200
-275
-350
-425
-500
-600
-700
-800
-900
-1000
-900
-800
-700
-600
-500
-425
-350
-275
-200
-175
-150
-125
-100
-75
-50
-25
0
25
50
75
100
125
150
175
200
275
350
425
500
600
700
800
900
1000
FieldDomainFile c:\Ideasvsm\Default UserID\Experiments\Hannah_1kG\fdomain.ini
TempDomainFile c:\Ideasvsm\Default UserID\Experiments\Hannah_1kG\tdomain.ini
NumSelectedResults 0
ResultsSelected 
UserName1 
UserValue1 
UserName2 
UserValue2 
LinearBackgroundCorrection Off
MaxLinearFieldCorrection 
MinLinearFieldCorrection 
AutoLinearCorrection Off
FitOneRegion Off
BackgroundMode Off
BackgroundFilename 
AutoCenter Off
OffsetCorrection 
SmoothDeriv Off
DerivOrder 0
DerivPoints 0
MinExFieldOne 
MaxExFieldOne 
MinExFieldTwo 
MaxExFieldTwo 
MinPinFieldOne 
MaxPinFieldOne 
MinPinFieldTwo 
MaxPinFieldTwo 
HCenterStart 
Mass 
Volume 
Density 
MolarWeight 
NumberOfMoles 
Demagnetization 
SampleArea 
Thickness 
MomentScaling 0
XAxis 0
YAxis 0
SimpleSpinValve False
HsatMax 0
HsatMin 0
FieldAutoRange True
 
*************************************************** Experiment Data ********************************************
 
DataPoints 69
MomentX Data
-0.000240784
-0.00023726
-0.000234275
-0.000233741
-0.000230878
-0.00023656
-0.000238251
-0.000241333
-0.000248302
-0.00025688
-0.000258545
-0.000261593
-0.000264047
-0.000266001
-0.000270038
-0.00027216
-0.000273564
-0.000279536
-0.00028834
-0.000290989
-0.000293256
-0.000298265
-0.000299592
-0.000302171
-0.000305564
-0.000308447
-0.000321039
-0.000332219
-0.00033785
-0.000341535
-0.000344341
-0.000346433
-0.000344812
-0.000344173
-0.000340419
-0.000339861
-0.000339345
-0.000335977
-0.0003326
-0.00032672
-0.000320271
-0.000313627
-0.000302542
-0.000290847
-0.000286691
-0.000281425
-0.00027538
-0.000269908
-0.000264771
-0.000257357
-0.000252183
-0.000245752
-0.000234793
-0.000226486
-0.000220415
-0.00021442
-0.000208144
-0.000202568
-0.000197154
-0.000191208
-0.000175882
-0.000163051
-0.000153431
-0.000147647
-0.000141528
-0.000139046
-0.00013456
-0.000135477
-0.000135162
MomentY Data
-0.00000416438
-0.00000234445
-0.00000197887
-0.0000017484
-0.00000158151
-0.000000905991
-0.00000154972
-0.00000340144
-0.00000368754
-0.00000333786
-0.00000311534
-0.00000285308
-0.00000123978
-0.00000258287
-0.00000353654
-0.00000289281
-0.00000205835
-0.00000298818
-0.00000216166
-0.00000382264
-0.000000707308
-0.0000018994
-0.00000327428
-0.00000162919
-0.00000181993
-0.00000138283
0.00000073115
0.0000000397364
-0.00000236034
-0.00000407696
-0.00000422796
-0.00000317097
-0.0000020504
-0.00000167688
-0.00000405312
-0.00000206629
-0.00000331402
-0.00000412464
-0.00000352065
-0.00000308355
-0.00000474453
-0.00000380675
-0.00000271797
-0.00000378291
-0.00000216166
-0.00000151793
-0.00000185172
-0.00000106494
-0.00000382264
-0.00000158946
-0.00000220935
-0.00000420411
-0.00000168482
-0.00000178019
-0.00000287692
-0.00000282923
-0.000000611941
-0.0000019153
-0.00000263055
-0.00000210603
-0.00000236034
-0.00000234445
-0.00000232855
-0.00000211398
-0.00000290871
-0.0000038147
-0.00000433127
-0.00000461737
-0.00000402927
Field Data
1000.01
899.999
800.001
699.997
600.001
500.001
425.001
349.998
274.999
199.999
175
149.998
124.99
99.9999
74.9962
49.9992
25.0006
-0.0043862
-25.0017
-50.0031
-75.0006
-100.002
-124.996
-150.003
-174.999
-199.998
-275.003
-350.006
-425.007
-500.003
-600.001
-700.004
-800.004
-900.007
-1000.01
-900.002
-800
-699.999
-599.996
-499.998
-425.001
-349.997
-274.996
-199.996
-175.002
-149.997
-124.997
-100.002
-74.9988
-49.9985
-24.9972
0.000123856
25.004
50.0053
75.0031
100.003
125.003
150.004
174.999
200
275.001
350.001
425
500.004
600.005
700
800.006
900.006
1000.01
Time Data
0
13.572
27.129
40.623
54.148
67.673
81.167
95.691
109.216
122.742
136.283
149.823
163.302
176.827
190.384
203.925
217.45
230.991
244.563
258.088
271.613
285.17
299.725
313.25
326.76
340.332
353.857
367.367
381.937
395.431
408.957
422.482
436.023
449.548
463.042
476.614
490.171
503.727
517.253
530.825
544.334
558.905
572.493
586.033
599.528
613.1
626.625
640.135
653.66
667.248
680.82
694.314
707.855
721.411
734.936
748.446
761.987
775.497
789.038
803.592
817.102
830.643
845.182
858.739
872.28
885.852
899.408
912.949
926.459
Temperature Data
0
0
0
0
0
0
0
0
0
0
0
0
0
0
0
0
0
0
0
0
0
0
0
0
0
0
0
0
0
0
0
0
0
0
0
0
0
0
0
0
0
0
0
0
0
0
0
0
0
0
0
0
0
0
0
0
0
0
0
0
0
0
0
0
0
0
0
0
0
Angle Data
0
0
0
0
0
0
0
0
0
0
0
0
0
0
0
0
0
0
0
0
0
0
0
0
0
0
0
0
0
0
0
0
0
0
0
0
0
0
0
0
0
0
0
0
0
0
0
0
0
0
0
0
0
0
0
0
0
0
0
0
0
0
0
0
0
0
0
0
0
Bx Data
0
0
0
0
0
0
0
0
0
0
0
0
0
0
0
0
0
0
0
0
0
0
0
0
0
0
0
0
0
0
0
0
0
0
0
0
0
0
0
0
0
0
0
0
0
0
0
0
0
0
0
0
0
0
0
0
0
0
0
0
0
0
0
0
0
0
0
0
0
Hint Data
0
0
0
0
0
0
0
0
0
0
0
0
0
0
0
0
0
0
0
0
0
0
0
0
0
0
0
0
0
0
0
0
0
0
0
0
0
0
0
0
0
0
0
0
0
0
0
0
0
0
0
0
0
0
0
0
0
0
0
0
0
0
0
0
0
0
0
0
0
Torque Data
-0.0041644216438
-0.00211000265555
-0.00158309797887
-0.0012238747548
-0.00094890758151
-0.000452996405991
-0.00065863254972
-0.00119049719712
-0.00101406981246
-0.00066756866214
-0.0005451845
-0.00042795629384
-0.0001549601022
-0.000258286741713
-0.000265227061148
-0.000144638185752
-0.00005145998501
1.3106755116E-08
0.000054045174822
0.000191143850184
5.30485243848E-05
0.0001899437988
0.00040927190288
0.00024438338757
0.00031848593007
0.00027656323434
-0.00020106844345
-1.39079784184E-05
0.00100316102238
0.00203849223088
0.00253678022796
0.00221969168388
0.0016403282016
0.00150920373816
0.0040531605312
0.00185966513258
0.002651216
0.00288724387536
0.0021123759174
0.0015417688329
0.00201642999453
0.00133235107975
0.00074743087812
0.00075656686836
0.00037829482332
0.00022768494621
0.00023145944484
0.00010649612988
0.000286693412832
0.00007947061581
0.00005522756382
-5.2070424816E-10
-0.00004212723928
-0.000089018935007
-0.000215777918452
-0.00028293148769
-0.000076494460823
-0.0002873026612
-0.00046034361945
-0.000421206
-0.00064909586034
-0.00082055984445
-0.00098963375
-0.00105699845592
-0.00174524054355
-0.00267029
-0.00346504198762
-0.00415566070422
-0.0040293102927
dMdH Data
-3.52361240263571E-08
-2.98505970119402E-08
-5.33978640854344E-09
-2.86311452458099E-08
5.68199999999999E-08
2.25466666666668E-08
4.10916896657465E-08
9.29212389498528E-08
1.14373333333334E-07
6.66026641065634E-08
1.21910247180226E-07
9.8128598848368E-08
7.81909636215932E-08
1.61456104496536E-07
8.48901868224194E-08
5.61631451361272E-08
2.38832365362392E-07
3.5219784295383E-07
1.05954066572273E-07
9.06890689068895E-08
2.00348780468294E-07
5.30927422581429E-08
1.0313112328548E-07
1.35741718674987E-07
1.1532461298452E-07
1.67882141190588E-07
1.49060704238497E-07
7.50789989466803E-08
4.91359539175425E-08
2.80605612112242E-08
2.09193724188272E-08
-1.62099999999999E-08
-6.38980830575061E-09
-3.75388738337852E-08
5.57955363570918E-09
5.15989680206389E-09
3.36796632033681E-08
3.3768986930392E-08
5.88011760235204E-08
8.59901062709176E-08
8.85819422964107E-08
1.47798029359609E-07
1.55933333333333E-07
1.66279907177723E-07
2.10597880423914E-07
2.41800000000001E-07
2.1892378475695E-07
2.05453701926154E-07
2.96556441322705E-07
2.0694923863959E-07
2.57267539399278E-07
4.38292044676831E-07
3.32262722338439E-07
2.42861371800718E-07
2.39800959203837E-07
0.00000025104
2.2303107875685E-07
2.16603320664133E-07
2.37830486780529E-07
2.04343942080772E-07
0.00000017108
1.28268376911692E-07
7.71158871526851E-08
6.11893881061188E-08
2.4821241062053E-08
4.48573085614863E-08
-9.16999999999991E-09
3.14987400503979E-09
3.14987400503979E-09
dMdT Data
0
0
0
0
0
0
0
0
0
0
0
0
0
0
0
0
0
0
0
0
0
0
0
0
0
0
0
0
0
0
0
0
0
0
0
0
0
0
0
0
0
0
0
0
0
0
0
0
0
0
0
0
0
0
0
0
0
0
0
0
0
0
0
0
0
0
0
0
0
 
*********************************************** Results ***************************************
 
TotalArea -9.65378351460786E-02
AreaFirstQuad 0
AreaSecondQuad 0
AreaThirdQuad -1.45771753429588E-02
AreaFourthQuad -8.19606598031198E-02
Coercivity 0
PositiveCoercivity 0
NegativeCoercivity 0
Retentivity 1.68914602846753E-05
PositiveRetentivity -2.79534952433479E-04
NegativeRetentivity -2.45752031864128E-04
Magnetization 0.000346433
PositiveMagnetization -0.00013456
NegativeMagnetization -0.000346433
Flatness 17.5488920272385
Squareness 4.87582311288917E-02
SStar 0
SFD1 0
SFD2 0
Slope 0
Intercept 0
SlopeAtHc 3.14987400503979E-09
dH1 0
dH2 62.5017931
InitialSlope -3.52361240263571E-08
FieldAtHalfMs 0
FieldAtMs 800.006
MomentMean -2.61440898550725E-04
MomentRMS 6.05939097595248E-05
SFD3 0
dH3 0
UserField1 0
UserField2 0
CenterField 0
ExchangeField 0
ExchangeMoment 0
ExRegionOneIntercept 0
ExRegionOneSlope 0
ExRegionTwoIntercept 0
ExRegionTwoSlope 0
NegativeIntercept 0
NegativeSlope 0
AutoCenterOffset 0
PinningField 0
PinningMoment 0
PinRegionOneIntercept 0
PinRegionOneSlope 0
PinRegionTwoIntercept 0
PinRegionTwoSlope 0
PositiveIntercept 0
PositiveSlope 0
TotalOffset 0
BHMax 0
BCoercivity 0
BRetentivity 0
BNegativeCoercivity 0
BPositiveCoercivity 0
BNegativeRetentivity 0
BPositiveRetentivity 0
MomentYMean -2.58517150144928E-06
MomentYRMS 1.14388720261435E-06
YOffCorrection 0
Mrt 0
Ms1 0
Ms2 0
Ms3 0
Hc2 0
Hex2 0
HsatValue 0
HsatIntercept 0
HsatSlope 0
CenterH 0
Span .000211873
SpanAsPercentOfRange -14.1248666666667
RMSAsPercentOfRange -4.03959398396832
SpanAsPercentOfMean -81.0404956433748
RMSAsPercentOfMean -23.1769054097588
