Version 1.25
******************************************** Units *******************************************
System CGS
TemperatureUnit K
MomentUnit emu
AppliedFieldUnit G
 
******************************************** Setup ********************************************
 
Experiment CustomField
Minor False
Acquisition PointByPoint
EditedPoint No
MaxField 1000
FieldIncrement 30.769
Points 69
MinField 0
RampRate 10
AverageTime 6
TimeInterval 0
TimeConstant 1
TimeConstantIndex 2
Sensitivity -0.0015
SensitivityIndex 5
SensitivityY -4
SensitivityIndexY 0
SaturationField 8000
ExperimentTime 414
Use735Domains False
AutoRangeEnabled False
NumberOfVertices 11
VertexPts
0
5
9
25
29
34
39
43
59
63
68
VertexField
1000
500
200
-200
-500
-1000
-500
-200
200
500
1000
StartAngle 0
EndAngle 0
AngleIncrement 0
StartTemp 0
FinishTemp 0
TempIncrement 0
TempPoints 0
LengthofSetPointsArray 69
SetPointArray
1000
900
800
700
600
500
425
350
275
200
175
150
125
100
75
50
25
0
-25
-50
-75
-100
-125
-150
-175
-200
-275
-350
-425
-500
-600
-700
-800
-900
-1000
-900
-800
-700
-600
-500
-425
-350
-275
-200
-175
-150
-125
-100
-75
-50
-25
0
25
50
75
100
125
150
175
200
275
350
425
500
600
700
800
900
1000
FieldDomainFile c:\Ideasvsm\Default UserID\Experiments\Hannah_1kG\fdomain.ini
TempDomainFile c:\Ideasvsm\Default UserID\Experiments\Hannah_1kG\tdomain.ini
NumSelectedResults 0
ResultsSelected 
UserName1 
UserValue1 
UserName2 
UserValue2 
LinearBackgroundCorrection Off
MaxLinearFieldCorrection 
MinLinearFieldCorrection 
AutoLinearCorrection Off
FitOneRegion Off
BackgroundMode Off
BackgroundFilename 
AutoCenter Off
OffsetCorrection 
SmoothDeriv Off
DerivOrder 0
DerivPoints 0
MinExFieldOne 
MaxExFieldOne 
MinExFieldTwo 
MaxExFieldTwo 
MinPinFieldOne 
MaxPinFieldOne 
MinPinFieldTwo 
MaxPinFieldTwo 
HCenterStart 
Mass 
Volume 
Density 
MolarWeight 
NumberOfMoles 
Demagnetization 
SampleArea 
Thickness 
MomentScaling 0
XAxis 0
YAxis 0
SimpleSpinValve False
HsatMax 0
HsatMin 0
FieldAutoRange True
 
*************************************************** Experiment Data ********************************************
 
DataPoints 69
MomentX Data
-0.0000293648
-0.0000250931
-0.0000193426
-0.0000161528
-0.0000138064
-0.00000953553
-0.00000584358
-0.00000440112
-0.00000126181
0.0000010399
0.00000396921
0.00000250377
0.00000609689
0.00000540283
0.00000597392
0.00000733911
0.00000864018
0.0000092226
0.00000272564
0.00000301962
0.00000252405
-0.0000192757
-0.000188834
-0.000220953
-0.000242267
-0.000248827
-0.000245871
-0.000242601
-0.00024102
-0.000236982
-0.000233887
-0.000230973
-0.000227474
-0.000222469
-0.000218199
-0.000221632
-0.000225214
-0.000228319
-0.000230881
-0.000234514
-0.000236271
-0.000239901
-0.00024119
-0.000243422
-0.000244067
-0.000244946
-0.00024528
-0.000246472
-0.00024527
-0.000245625
-0.00024586
-0.000246431
-0.000239337
-0.00023768
-0.000237475
-0.000225831
-0.0000485493
-0.0000156928
0.00000861714
0.0000154345
0.0000138726
0.0000133297
0.0000105963
0.00000883808
0.00000564939
0.00000220467
-0.00000199936
-0.00000422086
-0.00000594316
MomentY Data
-0.00000530879
-0.00000841618
-0.00000633399
-0.00000723203
-0.00000603199
-0.00000596046
-0.00000716845
-0.00000548363
-0.00000528495
-0.00000570615
-0.00000677903
-0.00000778834
-0.00000605583
-0.0000073115
-0.00000731945
-0.00000513395
-0.00000616709
-0.00000562668
-0.00000518958
-0.00000629425
-0.00000716845
-0.00000485579
-0.00000640551
-0.0000063022
-0.00000680288
-0.00000568231
-0.00000580947
-0.00000745455
-0.0000067234
-0.00000546773
-0.00000492732
-0.00000550747
-0.00000449816
-0.00000472069
-0.00000566641
-0.0000061512
-0.00000384649
-0.00000572205
-0.00000665983
-0.00000622272
-0.0000070254
-0.0000080506
-0.00000681082
-0.00000861486
-0.00000876586
-0.00000995
-0.00000964801
-0.00000764529
-0.00000840028
-0.00000704924
-0.0000083367
-0.00000793139
-0.00000946522
-0.00000751813
-0.0000078996
-0.00000768503
-0.00000930627
-0.0000089248
-0.00000927448
-0.0000112693
-0.00000982285
-0.00000853539
-0.00000910759
-0.00000863075
-0.00000904401
-0.0000103712
-0.0000103235
-0.00000940164
-0.00000925859
Field Data
1000.01
900
800.004
699.995
599.998
499.997
425
349.996
275
199.997
174.999
150
124.996
99.9983
74.9979
49.9976
25.0002
-0.000173029
-25.0012
-50.0021
-75.0024
-100.001
-125
-150.001
-175.002
-200.001
-275.002
-350.005
-424.998
-500.006
-600.006
-700.001
-800.003
-900.008
-1000.01
-900.003
-800.003
-699.996
-599.997
-500.004
-424.997
-350
-274.995
-199.999
-174.998
-149.996
-125
-99.9975
-74.9987
-49.9979
-24.9964
0.00370439
25.0014
49.9987
75.0011
100.006
125
149.997
175.002
200
275.001
350.001
425.001
499.999
600.003
700.004
800.002
900.004
1000.01
Time Data
0
13.525
26.988
40.56
54.086
67.595
81.089
95.66
109.17
122.664
136.173
149.73
163.208
176.718
190.275
203.784
217.356
230.897
244.454
257.963
271.551
285.092
298.602
312.127
325.652
339.193
352.734
366.275
380.861
394.402
407.958
421.499
435.009
448.565
462.106
475.616
489.11
502.604
516.161
529.733
543.274
557.844
571.369
584.895
598.42
611.976
625.502
639.043
652.521
666.046
679.572
693.066
706.575
720.085
733.61
747.167
760.739
774.296
787.836
801.377
814.856
828.365
842.983
856.524
870.111
883.637
897.193
910.718
924.275
Temperature Data
0
0
0
0
0
0
0
0
0
0
0
0
0
0
0
0
0
0
0
0
0
0
0
0
0
0
0
0
0
0
0
0
0
0
0
0
0
0
0
0
0
0
0
0
0
0
0
0
0
0
0
0
0
0
0
0
0
0
0
0
0
0
0
0
0
0
0
0
0
Angle Data
0
0
0
0
0
0
0
0
0
0
0
0
0
0
0
0
0
0
0
0
0
0
0
0
0
0
0
0
0
0
0
0
0
0
0
0
0
0
0
0
0
0
0
0
0
0
0
0
0
0
0
0
0
0
0
0
0
0
0
0
0
0
0
0
0
0
0
0
0
Bx Data
0
0
0
0
0
0
0
0
0
0
0
0
0
0
0
0
0
0
0
0
0
0
0
0
0
0
0
0
0
0
0
0
0
0
0
0
0
0
0
0
0
0
0
0
0
0
0
0
0
0
0
0
0
0
0
0
0
0
0
0
0
0
0
0
0
0
0
0
0
Hint Data
0
0
0
0
0
0
0
0
0
0
0
0
0
0
0
0
0
0
0
0
0
0
0
0
0
0
0
0
0
0
0
0
0
0
0
0
0
0
0
0
0
0
0
0
0
0
0
0
0
0
0
0
0
0
0
0
0
0
0
0
0
0
0
0
0
0
0
0
0
Torque Data
-0.0053088430879
-0.007574562
-0.00506721733596
-0.00506238483985
-0.00361918193602
-0.00298021211862
-0.00304659125
-0.00191924856548
-0.00145336125
-0.00114121288155
-0.00118632347097
-0.001168251
-0.00075695452668
-0.00073113757045
-0.000548943379155
-0.00025668517852
-0.000154178483418
9.7357881372E-10
0.000129745727496
0.000314725717925
0.00053765095428
0.00048558385579
0.00080068875
0.0009453363022
0.00119051760576
0.00113646768231
0.00159761586894
0.00260912977275
0.0028574315532
0.00273389780638
0.00295642156392
0.00385523450747
0.00359854149448
0.00424865876552
0.0056664666641
0.0055360984536
0.00307720353947
0.0040054121118
0.00399587802051
0.00311138489088
0.0029857739238
0.00281771
0.0018729414459
0.00172296338514
0.00153400796828
0.0014924602
0.00120600125
0.000764509886775
0.000630010079636
0.000352447196596
0.00020838748788
-2.93809618021E-08
-0.000236643751308
-0.000375896726431
-0.00059247868956
-0.00076854911018
-0.00116328375
-0.0013386932256
-0.00162305254896
-0.00225386
-0.00270129357285
-0.00298739503539
-0.00387073485759
-0.00431536636925
-0.00542643313203
-0.0072598814848
-0.008258820647
-0.00846151360656
-0.0092586825859
dMdH Data
-4.27127287271273E-08
-5.75073002920117E-08
-3.18951294383506E-08
-2.34647039411182E-08
-4.27082729172708E-08
-4.92279691187648E-08
-1.92317743053704E-08
-4.18596991839565E-08
-3.06882391371012E-08
-1.17181774541963E-07
5.86199447977919E-08
-1.43701807710766E-07
2.77649543758026E-08
-2.28432345082479E-08
-5.46069447166634E-08
-5.20482130141535E-08
-2.32964523899065E-08
2.59867724935306E-07
-1.17587766840394E-08
1.98225621292545E-08
8.72038834174713E-07
6.78260330413217E-06
1.28470861165553E-06
8.52525898964042E-07
2.62410496419858E-07
-3.94128078292294E-08
-4.3598256069757E-08
-2.10819676503142E-08
-5.38342576791808E-08
-0.00000003095
-2.91414570728536E-08
-3.49893002139958E-08
-5.00474976251189E-08
-4.26991460170795E-08
-3.43275970682053E-08
-3.58199999999999E-08
-3.10478266521342E-08
-2.56202562025621E-08
-3.63325432780296E-08
-2.34244803818309E-08
-4.8401936077443E-08
-1.71855209652693E-08
-2.9761587284655E-08
-2.5798968041278E-08
-3.51571874250067E-08
-1.33621379420707E-08
-4.76752324767528E-08
4.80823079507819E-08
-1.41995456145406E-08
-9.39943603383635E-09
-2.28399046296961E-08
2.83786158159401E-07
6.6287159013174E-08
8.19921287556296E-09
4.6566872892913E-07
7.09297031287509E-06
1.31441773012761E-06
9.72203159368127E-07
2.72716217297384E-07
-2.08250556659245E-08
-7.23866666666666E-09
-3.64453333333333E-08
-2.34435584948932E-08
-3.1885624575017E-08
-3.44468555314447E-08
-4.20411408228165E-08
-2.22145557088858E-08
-1.72219666819991E-08
-1.72219666819991E-08
dMdT Data
0
0
0
0
0
0
0
0
0
0
0
0
0
0
0
0
0
0
0
0
0
0
0
0
0
0
0
0
0
0
0
0
0
0
0
0
0
0
0
0
0
0
0
0
0
0
0
0
0
0
0
0
0
0
0
0
0
0
0
0
0
0
0
0
0
0
0
0
0
 
*********************************************** Results ***************************************
 
TotalArea 4.17041488802595E-02
AreaFirstQuad -4.14430494813201E-03
AreaSecondQuad 3.18371745460678E-04
AreaThirdQuad 2.71694477794413E-02
AreaFourthQuad 1.83606343034896E-02
Coercivity 155.889884693209
PositiveCoercivity -77.8968238502735
NegativeCoercivity 233.882945536145
Retentivity 1.27826755680562E-04
PositiveRetentivity 9.22259596903814E-06
NegativeRetentivity -2.46430915392086E-04
Magnetization 0.00013213075
PositiveMagnetization 0.0000154345
NegativeMagnetization -0.000248827
Flatness 2.04839570965162
Squareness 0.967426247717219
SStar 27.7197174204681
SFD1 1
SFD2 3.44798638511928
Slope 0
Intercept 0
SlopeAtHc -3.06882391371012E-08
dH1 0
dH2 537.5062
InitialSlope -4.27127287271273E-08
FieldAtHalfMs 0
FieldAtMs 200
MomentMean -1.17238519130435E-04
MomentRMS 1.18091699010348E-04
SFD3 -6.09855038703138
dH3 1106.59220132326
UserField1 0
UserField2 0
CenterField 0
ExchangeField 0
ExchangeMoment 0
ExRegionOneIntercept 0
ExRegionOneSlope 0
ExRegionTwoIntercept 0
ExRegionTwoSlope 0
NegativeIntercept 0
NegativeSlope 0
AutoCenterOffset 0
PinningField 0
PinningMoment 0
PinRegionOneIntercept 0
PinRegionOneSlope 0
PinRegionTwoIntercept 0
PinRegionTwoSlope 0
PositiveIntercept 0
PositiveSlope 0
TotalOffset 0
BHMax 0
BCoercivity 0
BRetentivity 0
BNegativeCoercivity 0
BPositiveCoercivity 0
BNegativeRetentivity 0
BPositiveRetentivity 0
MomentYMean -7.20657608695652E-06
MomentYRMS 1.66975798310997E-06
YOffCorrection 0
Mrt 0
Ms1 0
Ms2 0
Ms3 0
Hc2 0
Hex2 0
HsatValue 0
HsatIntercept 0
HsatSlope 0
CenterH 0
Span .0002642615
SpanAsPercentOfRange -17.6174333333333
RMSAsPercentOfRange -7.87277993402323
SpanAsPercentOfMean -225.405013608193
RMSAsPercentOfMean -100.727730003963
