Version 1.25
******************************************** Units *******************************************
System CGS
TemperatureUnit K
MomentUnit emu
AppliedFieldUnit G
 
******************************************** Setup ********************************************
 
Experiment CustomField
Minor False
Acquisition PointByPoint
EditedPoint No
MaxField 1000
FieldIncrement 30.769
Points 69
MinField 0
RampRate 10
AverageTime 6
TimeInterval 0
TimeConstant 1
TimeConstantIndex 2
Sensitivity -0.0015
SensitivityIndex 5
SensitivityY -4
SensitivityIndexY 0
SaturationField 8000
ExperimentTime 414
Use735Domains False
AutoRangeEnabled False
NumberOfVertices 11
VertexPts
0
5
9
25
29
34
39
43
59
63
68
VertexField
1000
500
200
-200
-500
-1000
-500
-200
200
500
1000
StartAngle 0
EndAngle 0
AngleIncrement 0
StartTemp 0
FinishTemp 0
TempIncrement 0
TempPoints 0
LengthofSetPointsArray 69
SetPointArray
1000
900
800
700
600
500
425
350
275
200
175
150
125
100
75
50
25
0
-25
-50
-75
-100
-125
-150
-175
-200
-275
-350
-425
-500
-600
-700
-800
-900
-1000
-900
-800
-700
-600
-500
-425
-350
-275
-200
-175
-150
-125
-100
-75
-50
-25
0
25
50
75
100
125
150
175
200
275
350
425
500
600
700
800
900
1000
FieldDomainFile c:\Ideasvsm\Default UserID\Experiments\Hannah_1kG\fdomain.ini
TempDomainFile c:\Ideasvsm\Default UserID\Experiments\Hannah_1kG\tdomain.ini
NumSelectedResults 0
ResultsSelected 
UserName1 
UserValue1 
UserName2 
UserValue2 
LinearBackgroundCorrection Off
MaxLinearFieldCorrection 
MinLinearFieldCorrection 
AutoLinearCorrection Off
FitOneRegion Off
BackgroundMode Off
BackgroundFilename 
AutoCenter Off
OffsetCorrection 
SmoothDeriv Off
DerivOrder 0
DerivPoints 0
MinExFieldOne 
MaxExFieldOne 
MinExFieldTwo 
MaxExFieldTwo 
MinPinFieldOne 
MaxPinFieldOne 
MinPinFieldTwo 
MaxPinFieldTwo 
HCenterStart 
Mass 
Volume 
Density 
MolarWeight 
NumberOfMoles 
Demagnetization 
SampleArea 
Thickness 
MomentScaling 0
XAxis 0
YAxis 0
SimpleSpinValve False
HsatMax 0
HsatMin 0
FieldAutoRange True
 
*************************************************** Experiment Data ********************************************
 
DataPoints 69
MomentX Data
-0.0000686241
-0.0000636476
-0.0000589806
-0.0000557574
-0.0000515971
-0.0000457859
-0.0000452333
-0.0000415386
-0.0000381674
-0.0000354698
-0.0000342162
-0.0000330734
-0.0000315714
-0.000029619
-0.0000282327
-0.0000267097
-0.00002649
-0.0000264952
-0.0000324752
-0.0000322321
-0.000031942
-0.0000531302
-0.000222622
-0.000253274
-0.000275629
-0.00028129
-0.000279432
-0.000277277
-0.000274005
-0.000270601
-0.000266602
-0.000263351
-0.000260145
-0.000254519
-0.000252358
-0.000253991
-0.000257805
-0.000260328
-0.000263606
-0.000266121
-0.000268384
-0.000269174
-0.000271786
-0.000275206
-0.000272952
-0.000275713
-0.000276028
-0.00027458
-0.000276716
-0.000276793
-0.000275508
-0.000275437
-0.000267706
-0.000266505
-0.000265957
-0.000254831
-0.0000781639
-0.0000445771
-0.0000193369
-0.0000121582
-0.0000130486
-0.0000153924
-0.0000174354
-0.0000200301
-0.000022723
-0.0000246781
-0.0000280448
-0.0000318675
-0.0000353513
MomentY Data
-0.00000883738
-0.00000855128
-0.0000100851
-0.00000781218
-0.00000858307
-0.00000772476
-0.00000815392
-0.00000619094
-0.00000847181
-0.00000737508
-0.0000101089
-0.00000874996
-0.000010252
-0.00000891685
-0.00000809034
-0.0000087897
-0.00000896454
-0.00000755787
-0.00000777245
-0.00000660419
-0.00000781218
-0.0000082016
-0.00000712077
-0.00000752608
-0.00000675519
-0.00000782013
-0.00000814597
-0.00000742277
-0.00000896454
-0.00000874996
-0.00000820955
-0.00000868638
-0.00000823339
-0.00000767708
-0.0000101964
-0.0000093778
-0.00000952085
-0.00000971158
-0.0000102917
-0.00000902017
-0.0000110308
-0.00000859896
-0.0000102202
-0.00000788371
-0.00000935396
-0.00000895659
-0.00000801086
-0.00000914733
-0.00000949701
-0.00000648499
-0.00000712872
-0.00000727971
-0.00000760555
-0.0000074625
-0.00000701745
-0.00000528495
-0.00000801086
-0.00000812213
-0.00000779629
-0.00000870228
-0.00000803471
-0.00000898838
-0.00000739098
-0.00000766913
-0.00000830491
-0.00000828902
-0.00000882943
-0.00000808239
-0.00000879765
Field Data
1000
899.998
800.001
699.998
599.997
499.994
424.996
350.001
274.996
200
174.998
150.001
124.998
99.9998
74.9987
49.997
24.9997
-0.00287781
-25.0002
-49.9984
-75.002
-99.9996
-125.002
-150.004
-175.005
-199.999
-275
-349.997
-425.003
-500
-600.005
-699.997
-800.004
-900.001
-1000
-899.998
-800
-700
-600.001
-500
-424.997
-349.994
-274.997
-199.998
-175
-149.998
-124.999
-99.9996
-75.0008
-49.9922
-24.9996
0.00401898
25.0026
50.0028
75.0038
100.003
125.002
149.999
175.002
199.997
275
350.001
425.004
500.003
600.001
700.005
800
900.008
1000
Time Data
0
13.494
27.02
40.561
54.133
67.674
81.183
95.754
110.324
123.834
137.375
150.916
164.472
178.013
191.507
205.064
218.62
232.114
246.669
260.179
273.735
287.276
300.817
314.358
327.868
341.44
354.996
368.49
383.03
397.616
411.125
424.635
438.192
451.748
465.258
478.799
492.324
505.818
519.359
532.884
546.41
560.949
574.536
588.093
601.603
615.112
628.638
642.194
655.751
669.307
682.832
696.326
709.852
723.377
736.934
750.49
764.031
777.572
791.081
804.654
818.132
831.689
846.243
859.816
873.325
886.897
900.407
913.917
927.442
Temperature Data
0
0
0
0
0
0
0
0
0
0
0
0
0
0
0
0
0
0
0
0
0
0
0
0
0
0
0
0
0
0
0
0
0
0
0
0
0
0
0
0
0
0
0
0
0
0
0
0
0
0
0
0
0
0
0
0
0
0
0
0
0
0
0
0
0
0
0
0
0
Angle Data
0
0
0
0
0
0
0
0
0
0
0
0
0
0
0
0
0
0
0
0
0
0
0
0
0
0
0
0
0
0
0
0
0
0
0
0
0
0
0
0
0
0
0
0
0
0
0
0
0
0
0
0
0
0
0
0
0
0
0
0
0
0
0
0
0
0
0
0
0
Bx Data
0
0
0
0
0
0
0
0
0
0
0
0
0
0
0
0
0
0
0
0
0
0
0
0
0
0
0
0
0
0
0
0
0
0
0
0
0
0
0
0
0
0
0
0
0
0
0
0
0
0
0
0
0
0
0
0
0
0
0
0
0
0
0
0
0
0
0
0
0
Hint Data
0
0
0
0
0
0
0
0
0
0
0
0
0
0
0
0
0
0
0
0
0
0
0
0
0
0
0
0
0
0
0
0
0
0
0
0
0
0
0
0
0
0
0
0
0
0
0
0
0
0
0
0
0
0
0
0
0
0
0
0
0
0
0
0
0
0
0
0
0
Torque Data
-0.00883738
-0.00769613489744
-0.0080680900851
-0.00546851037564
-0.00514981625079
-0.00386233365144
-0.00346538338432
-0.00216683519094
-0.00232971386276
-0.001475016
-0.0017690372822
-0.00131250274996
-0.001281479496
-0.00089168321663
-0.000606764982558
-0.0004394586309
-0.000224110810638
2.17501138647E-08
0.00019431280449
0.000330198933296
0.00058592912436
0.00082015671936
0.00089011049154
0.00112894210432
0.00118219202595
0.00156401817987
0.00224014175
0.00259794723169
0.00380995639362
0.00437498
0.00492577104775
0.00608043994086
0.00658674493356
0.00690937967708
0.0101964
0.0084400012444
0.00761668
0.006798106
0.0061750302917
0.004510085
0.0046880569076
0.00300958440624
0.0028105243394
0.00157672623258
0.001636943
0.00134347058682
0.00100134948914
0.000914729341068
0.000712283347608
0.000324198917078
0.000178215148512
-2.92570088958E-08
-0.00019015852443
-0.000373145895
-0.00052633541631
-0.00052851085485
-0.00100137352172
-0.00121831137787
-0.00136436634258
-0.00174042989316
-0.00220954525
-0.00314594198838
-0.00314119606392
-0.00383458800739
-0.00498295430491
-0.0058023554451
-0.007063544
-0.00727421565912
-0.00879765
dMdH Data
-4.97640047199057E-08
-4.66714001420042E-08
-3.2231033069008E-08
-4.16025839741602E-08
-5.81102566922993E-08
-7.36819648523958E-09
-4.92659510634042E-08
-4.49463369108726E-08
-3.59699183956479E-08
-5.01399888008958E-08
-4.57174860983318E-08
-6.00727912650482E-08
-7.81016233168789E-08
-5.54495602193502E-08
-6.0915857721675E-08
-8.78894920651433E-09
2.07978554832112E-10
2.39225624030731E-07
-9.72470017841276E-09
-1.16023292645859E-08
8.47609370499568E-07
6.77902121396346E-06
1.22598192144628E-06
8.94164233430663E-07
2.26494358646076E-07
-2.47730030266268E-08
-2.87344827126418E-08
-4.36231768125212E-08
-4.53884822059554E-08
-3.99880005999697E-08
-3.25126010080808E-08
-3.20577559570831E-08
-5.62616878506356E-08
-2.16102161021608E-08
-1.6329673406532E-08
-3.81407628152562E-08
-2.52299999999999E-08
-3.27803278032781E-08
-2.51497485025152E-08
-3.01721264482749E-08
-1.0532912016853E-08
-3.4828059789058E-08
-4.5600608008107E-08
9.01672133770695E-08
-1.10431165506759E-07
-1.26005040201597E-08
5.79213901133618E-08
-8.54441013168619E-08
-3.07894084435033E-09
5.14152189047963E-08
2.83958894337541E-09
3.09257553211315E-07
4.80396156830742E-08
2.1919123235071E-08
4.45054241735734E-07
7.06696667866715E-06
1.34363323598832E-06
1.00948686157661E-06
2.87205441088218E-07
-1.18715251389945E-08
-3.12502499966667E-08
-2.72389104435822E-08
-3.45964612861505E-08
-2.69295385907718E-08
-1.95502179912804E-08
-3.36686834341717E-08
-3.82239420846332E-08
-3.48407872629811E-08
-3.48407872629811E-08
dMdT Data
0
0
0
0
0
0
0
0
0
0
0
0
0
0
0
0
0
0
0
0
0
0
0
0
0
0
0
0
0
0
0
0
0
0
0
0
0
0
0
0
0
0
0
0
0
0
0
0
0
0
0
0
0
0
0
0
0
0
0
0
0
0
0
0
0
0
0
0
0
 
*********************************************** Results ***************************************
 
TotalArea 3.01118073569491E-02
AreaFirstQuad 0
AreaSecondQuad 0
AreaThirdQuad 2.55999578139325E-02
AreaFourthQuad 4.5118495430166E-03
Coercivity 0
PositiveCoercivity 0
NegativeCoercivity 0
Retentivity 1.24470906005387E-04
PositiveRetentivity -2.64951994014772E-05
NegativeRetentivity -2.75437011412251E-04
Magnetization 0.00028129
PositiveMagnetization -0.0000121582
NegativeMagnetization -0.00028129
Flatness 1.21286258975516
Squareness 0.442500287978197
SStar 0
SFD1 0
SFD2 0
Slope 0
Intercept 0
SlopeAtHc -3.48407872629811E-08
dH1 0
dH2 537.501
InitialSlope -4.97640047199057E-08
FieldAtHalfMs 0
FieldAtMs 199.997
MomentMean -1.49710553623188E-04
MomentRMS 1.17209517689806E-04
SFD3 0
dH3 130.259223760372
UserField1 0
UserField2 0
CenterField 0
ExchangeField 0
ExchangeMoment 0
ExRegionOneIntercept 0
ExRegionOneSlope 0
ExRegionTwoIntercept 0
ExRegionTwoSlope 0
NegativeIntercept 0
NegativeSlope 0
AutoCenterOffset 0
PinningField 0
PinningMoment 0
PinRegionOneIntercept 0
PinRegionOneSlope 0
PinRegionTwoIntercept 0
PinRegionTwoSlope 0
PositiveIntercept 0
PositiveSlope 0
TotalOffset 0
BHMax 0
BCoercivity 0
BRetentivity 0
BNegativeCoercivity 0
BPositiveCoercivity 0
BNegativeRetentivity 0
BPositiveRetentivity 0
MomentYMean -8.33359217391305E-06
MomentYRMS 1.06282055996528E-06
YOffCorrection 0
Mrt 0
Ms1 0
Ms2 0
Ms3 0
Hc2 0
Hex2 0
HsatValue 0
HsatIntercept 0
HsatSlope 0
CenterH 0
Span .0002691318
SpanAsPercentOfRange -17.94212
RMSAsPercentOfRange -7.81396784598706
SpanAsPercentOfMean -179.7680881452
RMSAsPercentOfMean -78.2907516225039
