Version 1.25
******************************************** Units *******************************************
System CGS
TemperatureUnit K
MomentUnit emu
AppliedFieldUnit G
 
******************************************** Setup ********************************************
 
Experiment CustomField
Minor False
Acquisition PointByPoint
EditedPoint No
MaxField 1000
FieldIncrement 30.769
Points 69
MinField 0
RampRate 10
AverageTime 6
TimeInterval 0
TimeConstant 1
TimeConstantIndex 2
Sensitivity -0.0015
SensitivityIndex 5
SensitivityY -4
SensitivityIndexY 0
SaturationField 8000
ExperimentTime 414
Use735Domains False
AutoRangeEnabled False
NumberOfVertices 11
VertexPts
0
5
9
25
29
34
39
43
59
63
68
VertexField
1000
500
200
-200
-500
-1000
-500
-200
200
500
1000
StartAngle 0
EndAngle 0
AngleIncrement 0
StartTemp 0
FinishTemp 0
TempIncrement 0
TempPoints 0
LengthofSetPointsArray 69
SetPointArray
1000
900
800
700
600
500
425
350
275
200
175
150
125
100
75
50
25
0
-25
-50
-75
-100
-125
-150
-175
-200
-275
-350
-425
-500
-600
-700
-800
-900
-1000
-900
-800
-700
-600
-500
-425
-350
-275
-200
-175
-150
-125
-100
-75
-50
-25
0
25
50
75
100
125
150
175
200
275
350
425
500
600
700
800
900
1000
FieldDomainFile c:\Ideasvsm\Default UserID\Experiments\Hannah_1kG\fdomain.ini
TempDomainFile c:\Ideasvsm\Default UserID\Experiments\Hannah_1kG\tdomain.ini
NumSelectedResults 0
ResultsSelected 
UserName1 
UserValue1 
UserName2 
UserValue2 
LinearBackgroundCorrection Off
MaxLinearFieldCorrection 
MinLinearFieldCorrection 
AutoLinearCorrection Off
FitOneRegion Off
BackgroundMode Off
BackgroundFilename 
AutoCenter Off
OffsetCorrection 
SmoothDeriv Off
DerivOrder 0
DerivPoints 0
MinExFieldOne 
MaxExFieldOne 
MinExFieldTwo 
MaxExFieldTwo 
MinPinFieldOne 
MaxPinFieldOne 
MinPinFieldTwo 
MaxPinFieldTwo 
HCenterStart 
Mass 
Volume 
Density 
MolarWeight 
NumberOfMoles 
Demagnetization 
SampleArea 
Thickness 
MomentScaling 0
XAxis 0
YAxis 0
SimpleSpinValve False
HsatMax 0
HsatMin 0
FieldAutoRange True
 
*************************************************** Experiment Data ********************************************
 
DataPoints 69
MomentX Data
-0.000312991
-0.000304007
-0.00029637
-0.000286847
-0.000279274
-0.000271586
-0.00026535
-0.000257801
-0.000250705
-0.000243628
-0.000239533
-0.000233897
-0.000229382
-0.0002241
-0.000220352
-0.000215409
-0.000211265
-0.00020803
-0.00021144
-0.000208662
-0.00020467
-0.000222685
-0.00038941
-0.000417852
-0.00043729
-0.000438627
-0.000435693
-0.000428965
-0.000423373
-0.000419382
-0.000411831
-0.000406539
-0.0003991
-0.000393113
-0.000387383
-0.000388243
-0.000387557
-0.000387701
-0.00038996
-0.000389089
-0.000389904
-0.000389524
-0.000391145
-0.000390244
-0.000389008
-0.00038663
-0.000384513
-0.0003845
-0.000381513
-0.000380795
-0.00038046
-0.000379281
-0.000370051
-0.000368298
-0.000367492
-0.000354007
-0.000176719
-0.000141061
-0.000119119
-0.000109608
-0.000110021
-0.00011247
-0.000113056
-0.000112054
-0.000116309
-0.000118525
-0.000120777
-0.000124056
-0.000125901
MomentY Data
-0.00000897249
-0.00000888507
-0.00000794729
-0.00000764529
-0.00000903606
-0.00000840028
-0.00000567436
-0.00000578562
-0.00000852744
-0.00000701745
-0.00000756582
-0.00000921885
-0.00000728766
-0.00000786781
-0.00000704924
-0.0000073274
-0.00000519753
-0.00000681082
-0.00000727177
-0.00000529289
-0.0000065883
-0.00000594457
-0.00000729561
-0.00000600815
-0.00000528495
-0.00000648499
-0.00000649293
-0.00000674725
-0.00000534058
-0.00000474453
-0.00000521342
-0.00000534852
-0.00000660419
-0.00000495911
-0.00000498295
-0.00000579357
-0.00000514189
-0.0000058651
-0.00000609557
-0.00000534852
-0.00000530879
-0.00000585715
-0.00000553131
-0.00000503858
-0.00000534058
-0.0000049909
-0.00000665188
-0.00000611941
-0.00000530879
-0.00000737508
-0.00000713666
-0.00000538031
-0.00000621478
-0.00000751813
-0.0000078996
-0.00000639757
-0.00000837644
-0.00000841618
-0.00000901222
-0.00000932217
-0.0000085036
-0.0000093778
-0.00000856717
-0.0000104507
-0.00000858307
-0.00000744661
-0.00000693003
-0.00000873407
-0.0000092109
Field Data
1000.01
900.001
800.001
699.999
599.999
499.999
424.999
350
275.001
199.996
174.998
150.002
124.999
100
74.9985
49.9981
25.0002
-0.000968936
-25.0011
-49.9979
-75.0043
-100.004
-125
-150.002
-174.999
-200.004
-275.002
-350.004
-425.001
-500.006
-600.003
-700.009
-800.006
-900.003
-1000
-899.998
-799.999
-700.002
-600.002
-499.999
-424.996
-350.002
-274.998
-199.998
-174.997
-149.999
-124.996
-99.9976
-75.0005
-50.0014
-24.9994
0.00287157
24.9977
50.0006
75.0008
99.9993
125.003
149.998
175.003
200.006
275.001
350.005
425.004
500.003
600.003
700.005
800.01
900.002
1000
Time Data
0
13.526
27.067
40.576
54.148
67.658
81.152
95.691
109.217
122.773
136.314
149.824
163.365
176.859
190.353
203.909
217.466
231.007
244.532
259.071
272.581
286.122
299.663
313.219
326.745
340.301
353.811
367.32
381.875
395.385
408.926
422.42
435.976
449.486
463.043
476.615
490.202
503.759
517.253
530.809
544.319
558.921
572.508
586.049
599.59
613.084
626.625
640.166
653.691
667.217
680.789
694.345
707.886
722.457
735.998
749.46
763.001
776.511
790.036
803.608
817.102
830.612
845.245
858.817
872.342
885.883
899.424
912.981
926.537
Temperature Data
0
0
0
0
0
0
0
0
0
0
0
0
0
0
0
0
0
0
0
0
0
0
0
0
0
0
0
0
0
0
0
0
0
0
0
0
0
0
0
0
0
0
0
0
0
0
0
0
0
0
0
0
0
0
0
0
0
0
0
0
0
0
0
0
0
0
0
0
0
Angle Data
0
0
0
0
0
0
0
0
0
0
0
0
0
0
0
0
0
0
0
0
0
0
0
0
0
0
0
0
0
0
0
0
0
0
0
0
0
0
0
0
0
0
0
0
0
0
0
0
0
0
0
0
0
0
0
0
0
0
0
0
0
0
0
0
0
0
0
0
0
Bx Data
0
0
0
0
0
0
0
0
0
0
0
0
0
0
0
0
0
0
0
0
0
0
0
0
0
0
0
0
0
0
0
0
0
0
0
0
0
0
0
0
0
0
0
0
0
0
0
0
0
0
0
0
0
0
0
0
0
0
0
0
0
0
0
0
0
0
0
0
0
Hint Data
0
0
0
0
0
0
0
0
0
0
0
0
0
0
0
0
0
0
0
0
0
0
0
0
0
0
0
0
0
0
0
0
0
0
0
0
0
0
0
0
0
0
0
0
0
0
0
0
0
0
0
0
0
0
0
0
0
0
0
0
0
0
0
0
0
0
0
0
0
Torque Data
-0.0089725797249
-0.00799657188507
-0.00635783994729
-0.00535169535471
-0.00542162696394
-0.00420013159972
-0.00241159732564
-0.002024967
-0.00234505452744
-0.0014034619302
-0.00132400336836
-0.0013828459377
-0.00091095021234
-0.000786781
-0.00052868242614
-0.00036635607794
-0.000129939289506
6.59924868752E-09
0.000181802248947
0.000264633384931
0.00049415082969
0.00059448077828
0.00091195125
0.0009012345163
0.00092486096505
0.00129702393996
0.00178556873586
0.002361564489
0.00226975184058
0.00237229346718
0.00312806764026
0.00374401213668
0.00528339162514
0.00446321387733
0.00498295
0.00521420141286
0.00411350685811
0.0041055817302
0.00365735419114
0.00267425465148
0.00225621451484
0.0020500142143
0.00152109918738
0.00100770592284
0.00093458547826
0.0007486300091
0.00083145839248
0.000611926313416
0.000398161904395
0.000368764325112
0.000178412218004
-1.54499367867E-08
-0.000155355206006
-0.000375911010878
-0.00059247631968
-0.000639752521701
-0.00104708012932
-0.00126241016764
-0.00157716553666
-0.00186448993302
-0.0023384985036
-0.003282276889
-0.00364108151868
-0.0052253813521
-0.00514986774921
-0.00521266423305
-0.0055440933003
-0.00786068046814
-0.0092109
dMdH Data
-8.98319151276382E-08
-7.63700000000001E-08
-9.52280954380912E-08
-7.57300000000003E-08
-0.00000007688
-8.31466666666661E-08
-1.00654675395672E-07
-9.46145948612648E-08
-9.43537097526832E-08
-1.63813105048404E-07
-2.25476076172188E-07
-1.80578330600328E-07
-2.11288451538062E-07
-1.4991100533968E-07
-1.97716836530615E-07
-1.65773925009701E-07
-1.29393949870153E-07
1.36399284918565E-07
-1.11134225180823E-07
-1.5963913238211E-07
7.20608647303767E-07
6.67006721075372E-06
1.13758899288057E-06
7.77613313597632E-07
5.34693061387708E-08
-3.91210432278188E-08
-8.97042745526787E-08
-7.45629825193009E-08
-5.32097860142659E-08
-7.55122653679611E-08
-5.29168249905006E-08
-7.43922317669529E-08
-5.98717961538845E-08
-5.73017190515717E-08
-8.59982800343982E-09
6.8600686006856E-09
-1.44004320129594E-09
-2.25900000000001E-08
8.70973870783876E-09
-1.08662320173858E-08
5.06707203242953E-09
-2.16121806836975E-08
1.20133333333338E-08
4.94380224791009E-08
9.5127610208816E-08
8.46698396192454E-08
5.2003328212957E-10
1.19493861287911E-07
2.87210339572215E-08
1.33989280857538E-08
4.71557152996728E-08
3.69276389547915E-07
7.01118670234256E-08
3.22397420820614E-08
5.39432365941958E-07
7.09047061034967E-06
1.42660532106421E-06
8.7750449910018E-07
3.80394352677678E-07
-5.50703380225345E-09
-3.26515919150979E-08
-7.81343751250013E-09
1.33601781357085E-08
-0.00000004255
-2.21595568088638E-08
-2.25188740562972E-08
-3.27926234098727E-08
-1.84503690073803E-08
-1.84503690073803E-08
dMdT Data
0
0
0
0
0
0
0
0
0
0
0
0
0
0
0
0
0
0
0
0
0
0
0
0
0
0
0
0
0
0
0
0
0
0
0
0
0
0
0
0
0
0
0
0
0
0
0
0
0
0
0
0
0
0
0
0
0
0
0
0
0
0
0
0
0
0
0
0
0
 
*********************************************** Results ***************************************
 
TotalArea -0.123951586159869
AreaFirstQuad 0
AreaSecondQuad 0
AreaThirdQuad -2.55046118105345E-03
AreaFourthQuad -0.121401124978815
Coercivity 0
PositiveCoercivity 0
NegativeCoercivity 0
Retentivity 8.56255050182406E-05
PositiveRetentivity -2.08030125374456E-04
NegativeRetentivity -3.79281135410937E-04
Magnetization 0.000438627
PositiveMagnetization -0.000109608
NegativeMagnetization -0.000438627
Flatness 3.42953458003127
Squareness 0.195212572455049
SStar 0
SFD1 0
SFD2 0
Slope 0
Intercept 0
SlopeAtHc -1.84503690073803E-08
dH1 0
dH2 537.50215
InitialSlope -8.98319151276382E-08
FieldAtHalfMs 0
FieldAtMs 200.006
MomentMean -2.95885985507246E-04
MomentRMS 1.09729944457303E-04
SFD3 0
dH3 0
UserField1 0
UserField2 0
CenterField 0
ExchangeField 0
ExchangeMoment 0
ExRegionOneIntercept 0
ExRegionOneSlope 0
ExRegionTwoIntercept 0
ExRegionTwoSlope 0
NegativeIntercept 0
NegativeSlope 0
AutoCenterOffset 0
PinningField 0
PinningMoment 0
PinRegionOneIntercept 0
PinRegionOneSlope 0
PinRegionTwoIntercept 0
PinRegionTwoSlope 0
PositiveIntercept 0
PositiveSlope 0
TotalOffset 0
BHMax 0
BCoercivity 0
BRetentivity 0
BNegativeCoercivity 0
BPositiveCoercivity 0
BNegativeRetentivity 0
BPositiveRetentivity 0
MomentYMean -6.89951188405797E-06
MomentYRMS 1.44380781188075E-06
YOffCorrection 0
Mrt 0
Ms1 0
Ms2 0
Ms3 0
Hc2 0
Hex2 0
HsatValue 0
HsatIntercept 0
HsatSlope 0
CenterH 0
Span .000329019
SpanAsPercentOfRange -21.9346
RMSAsPercentOfRange -7.31532963048684
SpanAsPercentOfMean -111.197899229986
RMSAsPercentOfMean -37.0852118153515
