Version 1.25
******************************************** Units *******************************************
System CGS
TemperatureUnit K
MomentUnit emu
AppliedFieldUnit G
 
******************************************** Setup ********************************************
 
Experiment CustomField
Minor False
Acquisition PointByPoint
EditedPoint No
MaxField 1000
FieldIncrement 30.769
Points 69
MinField 0
RampRate 10
AverageTime 6
TimeInterval 0
TimeConstant 1
TimeConstantIndex 2
Sensitivity -0.0015
SensitivityIndex 5
SensitivityY -4
SensitivityIndexY 0
SaturationField 8000
ExperimentTime 414
Use735Domains False
AutoRangeEnabled False
NumberOfVertices 11
VertexPts
0
5
9
25
29
34
39
43
59
63
68
VertexField
1000
500
200
-200
-500
-1000
-500
-200
200
500
1000
StartAngle 0
EndAngle 0
AngleIncrement 0
StartTemp 0
FinishTemp 0
TempIncrement 0
TempPoints 0
LengthofSetPointsArray 69
SetPointArray
1000
900
800
700
600
500
425
350
275
200
175
150
125
100
75
50
25
0
-25
-50
-75
-100
-125
-150
-175
-200
-275
-350
-425
-500
-600
-700
-800
-900
-1000
-900
-800
-700
-600
-500
-425
-350
-275
-200
-175
-150
-125
-100
-75
-50
-25
0
25
50
75
100
125
150
175
200
275
350
425
500
600
700
800
900
1000
FieldDomainFile c:\Ideasvsm\Default UserID\Experiments\Hannah_1kG\fdomain.ini
TempDomainFile c:\Ideasvsm\Default UserID\Experiments\Hannah_1kG\tdomain.ini
NumSelectedResults 0
ResultsSelected 
UserName1 
UserValue1 
UserName2 
UserValue2 
LinearBackgroundCorrection Off
MaxLinearFieldCorrection 
MinLinearFieldCorrection 
AutoLinearCorrection Off
FitOneRegion Off
BackgroundMode Off
BackgroundFilename 
AutoCenter Off
OffsetCorrection 
SmoothDeriv Off
DerivOrder 0
DerivPoints 0
MinExFieldOne 
MaxExFieldOne 
MinExFieldTwo 
MaxExFieldTwo 
MinPinFieldOne 
MaxPinFieldOne 
MinPinFieldTwo 
MaxPinFieldTwo 
HCenterStart 
Mass 
Volume 
Density 
MolarWeight 
NumberOfMoles 
Demagnetization 
SampleArea 
Thickness 
MomentScaling 0
XAxis 0
YAxis 0
SimpleSpinValve False
HsatMax 0
HsatMin 0
FieldAutoRange True
 
*************************************************** Experiment Data ********************************************
 
DataPoints 69
MomentX Data
-0.000123855
-0.000117965
-0.000113244
-0.000109432
-0.000104992
-0.000101262
-0.0000979688
-0.0000933939
-0.0000902698
-0.0000883714
-0.0000871981
-0.0000846472
-0.000081969
-0.0000820412
-0.0000790975
-0.0000772286
-0.0000766066
-0.000075695
-0.0000819829
-0.0000798509
-0.0000802807
-0.000102827
-0.000271878
-0.000302381
-0.000323814
-0.000329529
-0.00032669
-0.000322928
-0.00032104
-0.000316473
-0.000313576
-0.000308811
-0.000305321
-0.000301001
-0.000296105
-0.000298504
-0.000301562
-0.000304207
-0.000307383
-0.000310114
-0.000310814
-0.000314587
-0.000316907
-0.000317042
-0.00031733
-0.00031713
-0.000318361
-0.000317146
-0.000317396
-0.000318482
-0.000316474
-0.000316361
-0.000309982
-0.000308548
-0.000307415
-0.000295302
-0.000118555
-0.0000840313
-0.0000605913
-0.0000526267
-0.0000537035
-0.0000537598
-0.0000566976
-0.0000592872
-0.0000622051
-0.0000636616
-0.000068939
-0.0000695463
-0.0000728266
MomentY Data
-0.00000882943
-0.00000797113
-0.00000860691
-0.00000744661
-0.00000753403
-0.00000867049
-0.00000779629
-0.00000689824
-0.00000838439
-0.00000978311
-0.00000914733
-0.00000724792
-0.00000823339
-0.00000779629
-0.00000931422
-0.00000819365
-0.00000953674
-0.0000071764
-0.00000661214
-0.0000079155
-0.00000853539
-0.00000811418
-0.00000559489
-0.00000661214
-0.0000067234
-0.00000700951
-0.00000675519
-0.0000063022
-0.00000711282
-0.00000657241
-0.00000631015
-0.00000616709
-0.00000656446
-0.00000722408
-0.00000642935
-0.00000681082
-0.00000727971
-0.00000883738
-0.00000573794
-0.00000609557
-0.00000697772
-0.00000792344
-0.00000580947
-0.0000064373
-0.00000714461
-0.00000603994
-0.00000972748
-0.00000780423
-0.00000733534
-0.00000750224
-0.00000859102
-0.00000754992
-0.00000921885
-0.0000074625
-0.00000650088
-0.00000754992
-0.00000690619
-0.00000809034
-0.00000836849
-0.00000839233
-0.00000871817
-0.00000898043
-0.00000772476
-0.00000890891
-0.00000790755
-0.00000943343
-0.00000862281
-0.00000915527
-0.00000916322
Field Data
1000.01
899.998
799.999
700
600
500.001
424.999
350.001
274.996
199.995
174.999
149.998
124.998
99.9968
74.9979
50.0052
25.0016
-0.00473571
-24.9994
-50.0011
-75.0007
-100.002
-125.003
-150.003
-175.001
-200.004
-275.003
-350.002
-425.004
-499.997
-600.003
-700.005
-800.003
-899.997
-1000.01
-900.001
-800.001
-700.003
-599.996
-499.997
-425.001
-349.997
-274.999
-199.998
-174.997
-150.001
-125.002
-99.9968
-74.9992
-49.9976
-24.9981
0.0029607
25.0014
50.0037
75.0059
100.002
125.004
150.002
175.002
200.001
275.003
350.003
425.004
500.005
600.002
700.005
800.001
900.001
1000
Time Data
0
13.556
27.113
40.638
54.21
67.72
81.261
95.862
109.403
122.897
136.438
149.948
163.442
177.03
190.571
204.033
217.527
231.006
244.516
258.057
271.629
285.123
298.679
312.173
325.73
339.286
352.858
366.368
380.892
394.401
407.989
421.577
435.102
448.643
462.153
475.74
489.25
502.791
516.332
529.904
543.429
557.953
571.494
585.066
598.607
612.116
625.673
639.214
652.739
666.249
679.774
693.299
706.825
720.35
733.875
747.416
760.973
774.56
788.101
801.595
815.121
828.693
843.294
856.851
870.407
883.933
897.442
910.968
924.524
Temperature Data
0
0
0
0
0
0
0
0
0
0
0
0
0
0
0
0
0
0
0
0
0
0
0
0
0
0
0
0
0
0
0
0
0
0
0
0
0
0
0
0
0
0
0
0
0
0
0
0
0
0
0
0
0
0
0
0
0
0
0
0
0
0
0
0
0
0
0
0
0
Angle Data
0
0
0
0
0
0
0
0
0
0
0
0
0
0
0
0
0
0
0
0
0
0
0
0
0
0
0
0
0
0
0
0
0
0
0
0
0
0
0
0
0
0
0
0
0
0
0
0
0
0
0
0
0
0
0
0
0
0
0
0
0
0
0
0
0
0
0
0
0
Bx Data
0
0
0
0
0
0
0
0
0
0
0
0
0
0
0
0
0
0
0
0
0
0
0
0
0
0
0
0
0
0
0
0
0
0
0
0
0
0
0
0
0
0
0
0
0
0
0
0
0
0
0
0
0
0
0
0
0
0
0
0
0
0
0
0
0
0
0
0
0
Hint Data
0
0
0
0
0
0
0
0
0
0
0
0
0
0
0
0
0
0
0
0
0
0
0
0
0
0
0
0
0
0
0
0
0
0
0
0
0
0
0
0
0
0
0
0
0
0
0
0
0
0
0
0
0
0
0
0
0
0
0
0
0
0
0
0
0
0
0
0
0
Torque Data
-0.0088295182943
-0.00717400105774
-0.00688551939309
-0.005212627
-0.004520418
-0.00433525367049
-0.00331341545371
-0.00241439089824
-0.00230567371244
-0.00195657308445
-0.00160077360267
-0.00108717350416
-0.00102915728322
-0.000779604051872
-0.000698546940138
-0.00040972510698
-0.000238433758784
3.3985349244E-08
0.000165299532716
0.00039578370705
0.000640160224773
0.00081143422836
0.00069937803467
0.00099184083642
0.0011766017234
0.00140193003804
0.00185769751557
0.0022057826044
0.00302297695128
0.00328618528277
0.00378610893045
0.00431699383545
0.00525158769338
0.00650165032776
0.0064294142935
0.00612974481082
0.00582377527971
0.00618619251214
0.00344274104824
0.00304776671329
0.00296553797772
0.00277318022968
0.00159759844053
0.0012874471254
0.00125028531617
0.00090599703994
0.00121595445496
0.000780398026464
0.000550144631728
0.000375093994624
0.000214759177062
-2.2353048144E-08
-0.00023048415639
-0.00037315261125
-0.000487604355192
-0.00075500709984
-0.00086330137476
-0.00121356718068
-0.00146450248698
-0.00167847439233
-0.00239752290451
-0.00314317744129
-0.00328305389904
-0.00445449954455
-0.0047445458151
-0.00660344816715
-0.00689825662281
-0.00823975215527
-0.00916322
dMdH Data
-5.88929328480583E-08
-4.7210472104721E-08
-3.8120381203812E-08
-0.0000000444
-3.73003730037301E-08
-4.39081624490014E-08
-6.10002933411557E-08
-4.16518898740084E-08
-2.53116625111666E-08
-4.69395103216516E-08
-1.02031918723251E-07
-0.000000107128
2.88786138265346E-09
-1.1775318113997E-07
-7.47778351278573E-08
-2.48764177958372E-08
-3.64547613281645E-08
2.51569692116877E-07
-8.52742013543079E-08
1.71922750764015E-08
9.01805106134481E-07
6.76176952921883E-06
0.00000122012
8.57388591087287E-07
2.28572571291445E-07
-3.78538380511744E-08
-5.01606688089172E-08
-2.51726620623453E-08
-6.08990172416088E-08
-2.8968261904286E-08
-4.76490470190596E-08
-3.49006980139601E-08
-4.32025921555292E-08
-4.89536360273165E-08
-2.39878410943014E-08
-3.05800000000001E-08
-2.64505290105804E-08
-3.17577769556128E-08
-2.73102731027312E-08
-9.3338311376609E-09
-5.03039837875313E-08
-3.09341582442197E-08
-1.79997600032015E-09
-1.15195392184305E-08
8.00128020483296E-09
-4.92419696787883E-08
4.85898933021951E-08
-1.00009600921702E-08
-4.34372200179176E-08
8.0321606432127E-08
4.51980823357805E-09
2.55175930122965E-07
5.73547233654493E-08
4.53160121909274E-08
4.84595596913119E-07
7.06931445484361E-06
1.38105848467877E-06
0.0000009376
3.18596743869755E-07
-1.43569504813205E-08
-7.50666666666686E-10
-3.91701443980746E-08
-3.45275396328049E-08
-2.91798753962619E-08
-1.45645630631081E-08
-5.27761110444418E-08
-6.07299999999997E-09
-3.28033280332804E-08
-3.28033280332804E-08
dMdT Data
0
0
0
0
0
0
0
0
0
0
0
0
0
0
0
0
0
0
0
0
0
0
0
0
0
0
0
0
0
0
0
0
0
0
0
0
0
0
0
0
0
0
0
0
0
0
0
0
0
0
0
0
0
0
0
0
0
0
0
0
0
0
0
0
0
0
0
0
0
 
*********************************************** Results ***************************************
 
TotalArea 1.34189384576531E-02
AreaFirstQuad 0
AreaSecondQuad 0
AreaThirdQuad 2.24805775290029E-02
AreaFourthQuad -9.06163907134978E-03
Coercivity 0
PositiveCoercivity 0
NegativeCoercivity 0
Retentivity 1.20332920371309E-04
PositiveRetentivity -7.56951726391778E-05
NegativeRetentivity -3.16361013381796E-04
Magnetization 0.000329529
PositiveMagnetization -0.0000526267
NegativeMagnetization -0.000329529
Flatness 1.62904791478181
Squareness 0.365166405297589
SStar 0
SFD1 0
SFD2 0
Slope 0
Intercept 0
SlopeAtHc -3.28033280332804E-08
dH1 0
dH2 537.50035
InitialSlope -5.88929328480583E-08
FieldAtHalfMs 0
FieldAtMs 200.001
MomentMean -1.9546671884058E-04
MomentRMS 1.15995360145869E-04
SFD3 0
dH3 823.664528071865
UserField1 0
UserField2 0
CenterField 0
ExchangeField 0
ExchangeMoment 0
ExRegionOneIntercept 0
ExRegionOneSlope 0
ExRegionTwoIntercept 0
ExRegionTwoSlope 0
NegativeIntercept 0
NegativeSlope 0
AutoCenterOffset 0
PinningField 0
PinningMoment 0
PinRegionOneIntercept 0
PinRegionOneSlope 0
PinRegionTwoIntercept 0
PinRegionTwoSlope 0
PositiveIntercept 0
PositiveSlope 0
TotalOffset 0
BHMax 0
BCoercivity 0
BRetentivity 0
BNegativeCoercivity 0
BPositiveCoercivity 0
BNegativeRetentivity 0
BPositiveRetentivity 0
MomentYMean -7.67869057971014E-06
MomentYRMS 1.07902099238136E-06
YOffCorrection 0
Mrt 0
Ms1 0
Ms2 0
Ms3 0
Hc2 0
Hex2 0
HsatValue 0
HsatIntercept 0
HsatSlope 0
CenterH 0
Span .0002769023
SpanAsPercentOfRange -18.4601533333333
RMSAsPercentOfRange -7.73302400972458
SpanAsPercentOfMean -141.662121123462
RMSAsPercentOfMean -59.3427673180891
