Version 1.25
******************************************** Units *******************************************
System CGS
TemperatureUnit K
MomentUnit emu
AppliedFieldUnit G
 
******************************************** Setup ********************************************
 
Experiment CustomField
Minor False
Acquisition PointByPoint
EditedPoint No
MaxField 1000
FieldIncrement 30.769
Points 69
MinField 0
RampRate 10
AverageTime 6
TimeInterval 0
TimeConstant 1
TimeConstantIndex 2
Sensitivity -0.0015
SensitivityIndex 5
SensitivityY -4
SensitivityIndexY 0
SaturationField 8000
ExperimentTime 414
Use735Domains False
AutoRangeEnabled False
NumberOfVertices 11
VertexPts
0
5
9
25
29
34
39
43
59
63
68
VertexField
1000
500
200
-200
-500
-1000
-500
-200
200
500
1000
StartAngle 0
EndAngle 0
AngleIncrement 0
StartTemp 0
FinishTemp 0
TempIncrement 0
TempPoints 0
LengthofSetPointsArray 69
SetPointArray
1000
900
800
700
600
500
425
350
275
200
175
150
125
100
75
50
25
0
-25
-50
-75
-100
-125
-150
-175
-200
-275
-350
-425
-500
-600
-700
-800
-900
-1000
-900
-800
-700
-600
-500
-425
-350
-275
-200
-175
-150
-125
-100
-75
-50
-25
0
25
50
75
100
125
150
175
200
275
350
425
500
600
700
800
900
1000
FieldDomainFile c:\Ideasvsm\Default UserID\Experiments\Hannah_1kG\fdomain.ini
TempDomainFile c:\Ideasvsm\Default UserID\Experiments\Hannah_1kG\tdomain.ini
NumSelectedResults 0
ResultsSelected 
UserName1 
UserValue1 
UserName2 
UserValue2 
LinearBackgroundCorrection Off
MaxLinearFieldCorrection 
MinLinearFieldCorrection 
AutoLinearCorrection Off
FitOneRegion Off
BackgroundMode Off
BackgroundFilename 
AutoCenter Off
OffsetCorrection 
SmoothDeriv Off
DerivOrder 0
DerivPoints 0
MinExFieldOne 
MaxExFieldOne 
MinExFieldTwo 
MaxExFieldTwo 
MinPinFieldOne 
MaxPinFieldOne 
MinPinFieldTwo 
MaxPinFieldTwo 
HCenterStart 
Mass 
Volume 
Density 
MolarWeight 
NumberOfMoles 
Demagnetization 
SampleArea 
Thickness 
MomentScaling 0
XAxis 0
YAxis 0
SimpleSpinValve False
HsatMax 0
HsatMin 0
FieldAutoRange True
 
*************************************************** Experiment Data ********************************************
 
DataPoints 69
MomentX Data
0.000239653
0.000234553
0.000228926
0.000220136
0.000210048
0.000199244
0.000188965
0.000178883
0.000167783
0.000155761
0.000151745
0.000147304
0.000142727
0.000140355
0.000134192
0.000130805
0.000124173
0.000117646
0.000103706
0.0000953419
0.0000891531
0.0000859179
0.0000823956
0.000077067
0.0000721934
0.0000677391
0.0000528523
0.000042325
0.0000293796
0.0000161655
0.00000304983
-0.0000115812
-0.0000227152
-0.0000305624
-0.0000357978
-0.0000305158
-0.0000241658
-0.0000131147
-0.00000320585
0.00000908588
0.0000185308
0.0000298449
0.0000427703
0.0000549305
0.0000606941
0.0000655086
0.0000702211
0.0000746659
0.0000813606
0.0000865802
0.0000941127
0.000100189
0.000114014
0.000124706
0.000131262
0.00013796
0.000142498
0.000146548
0.000152948
0.00015775
0.00017342
0.000186504
0.000200264
0.000212984
0.000228888
0.000242987
0.000255934
0.000263905
0.00026975
MomentY Data
0.0000137329
0.0000133991
0.0000141621
0.0000155131
0.0000137647
0.000013717
0.000013574
0.0000127157
0.0000128905
0.000013113
0.0000121911
0.0000115077
0.0000117779
0.0000133197
0.0000136693
0.0000123819
0.0000123024
0.000013717
0.000012668
0.0000128587
0.0000144482
0.0000129541
0.0000126839
0.0000109831
0.0000120322
0.0000122706
0.0000123501
0.000010697
0.0000102838
0.0000110944
0.00000944138
0.0000110626
0.0000104745
0.0000114918
0.0000119686
0.0000113487
0.0000108878
0.0000109196
0.00000967979
0.000011158
0.00000952085
0.00000882149
0.0000106176
0.00000847181
0.00000961622
0.00000810623
0.00000823339
0.00000758171
0.00000445048
0.00000726382
0.00000623067
0.00000677109
0.00000794729
0.00000824928
0.00000549952
0.00000333786
0.00000576973
0.00000756582
0.0000060002
0.00000577768
0.00000501474
0.00000533263
0.00000326633
0.00000232061
0.00000288486
0.00000315507
0.0000011603
0.00000101725
0.00000115236
Field Data
1000.01
899.997
799.998
699.999
600
499.997
424.997
349.998
275.001
199.999
174.995
149.997
125
100.001
74.9983
49.9983
24.9999
0.000397083
-24.9997
-49.9994
-75.0029
-99.9983
-125
-150
-174.998
-200.002
-275.005
-350.003
-425.006
-500.003
-600.004
-700.001
-800.003
-900.003
-1000
-899.999
-800.001
-700.003
-600.001
-500
-424.998
-349.998
-274.999
-199.997
-174.997
-149.998
-125.002
-100.002
-75.004
-49.9971
-24.9976
0.00274012
25.0018
50.0001
75.0008
100
125.001
150.002
175
200.002
275.003
350.001
425.004
500.002
600.004
700.002
800.008
900.007
1000
Time Data
0
13.526
27.004
40.545
54.055
67.549
81.058
95.613
109.107
122.648
136.174
149.652
163.177
176.703
190.212
203.753
217.278
230.835
244.345
257.854
271.348
284.842
298.352
311.877
325.372
338.897
352.422
365.932
380.471
393.95
407.506
421.047
434.603
448.113
461.654
475.164
488.673
502.183
515.677
529.187
542.681
557.205
570.73
584.224
597.749
611.243
624.737
638.247
651.757
665.267
678.807
692.317
705.842
719.336
732.846
746.34
759.866
773.375
786.869
800.379
813.904
827.414
841.953
855.463
868.957
882.482
896.023
909.58
923.089
Temperature Data
0
0
0
0
0
0
0
0
0
0
0
0
0
0
0
0
0
0
0
0
0
0
0
0
0
0
0
0
0
0
0
0
0
0
0
0
0
0
0
0
0
0
0
0
0
0
0
0
0
0
0
0
0
0
0
0
0
0
0
0
0
0
0
0
0
0
0
0
0
Angle Data
0
0
0
0
0
0
0
0
0
0
0
0
0
0
0
0
0
0
0
0
0
0
0
0
0
0
0
0
0
0
0
0
0
0
0
0
0
0
0
0
0
0
0
0
0
0
0
0
0
0
0
0
0
0
0
0
0
0
0
0
0
0
0
0
0
0
0
0
0
Bx Data
0
0
0
0
0
0
0
0
0
0
0
0
0
0
0
0
0
0
0
0
0
0
0
0
0
0
0
0
0
0
0
0
0
0
0
0
0
0
0
0
0
0
0
0
0
0
0
0
0
0
0
0
0
0
0
0
0
0
0
0
0
0
0
0
0
0
0
0
0
Hint Data
0
0
0
0
0
0
0
0
0
0
0
0
0
0
0
0
0
0
0
0
0
0
0
0
0
0
0
0
0
0
0
0
0
0
0
0
0
0
0
0
0
0
0
0
0
0
0
0
0
0
0
0
0
0
0
0
0
0
0
0
0
0
0
0
0
0
0
0
0
Torque Data
0.013733037329
0.0120591498027
0.0113296516758
0.0108591544869
0.00825882
0.006858458849
0.005768909278
0.0044504695686
0.0035449003905
0.002622586887
0.0021333815445
0.0017261204769
0.0014722375
0.0013319833197
0.00102517426219
0.00061907395077
0.00030755876976
5.446787511E-09
-0.0003166961996
-0.00064292728478
-0.00108365689978
-0.00129538797803
-0.0015854875
-0.001647465
-0.0021056109356
-0.0024541445412
-0.0033963392505
-0.003743982091
-0.0043706767028
-0.0055472332832
-0.00566486576552
-0.0077438310626
-0.0083796314235
-0.0103426544754
-0.0119686
-0.0102138186513
-0.0087102508878
-0.0076437527588
-0.00580788367979
-0.005579
-0.0040463422083
-0.00308750385702
-0.0029198293824
-0.00169433658457
-0.00168280965134
-0.00121591828754
-0.00102919021678
-0.00075818616342
-0.00033380380192
-0.000363169934922
-0.000155751796392
1.85535991308E-08
0.000198696555122
0.000412464824928
0.000412468399616
0.000333786
0.00072122201973
0.00113488813164
0.001050035
0.00115554755536
0.00137906854422
0.00186642583263
0.00138820331532
0.00116030964122
0.00173092753944
0.00220855531014
0.0009282492824
0.00091553212075
0.00115236
dMdH Data
5.09933708617878E-08
5.6270562705627E-08
8.79008790087901E-08
1.00881008810088E-07
1.08036758897233E-07
1.37053333333333E-07
1.34428459046121E-07
1.48005920236809E-07
1.60289058958428E-07
1.60614301711726E-07
1.77654212336987E-07
1.83101972236669E-07
9.4883795351814E-08
2.46493378715099E-07
1.35479999999999E-07
2.65296979006657E-07
2.61085191240404E-07
5.57597834669177E-07
3.34568014816178E-07
2.4751734757134E-07
1.29431815454043E-07
1.40882419995441E-07
0.000000213144
1.94959596767741E-07
1.78143497040473E-07
1.98482727357572E-07
1.40367743139817E-07
1.72598429396158E-07
1.76195047801912E-07
1.31155388446115E-07
1.46314689440683E-07
1.11337773244535E-07
0.000000078472
5.235557066712E-08
5.28194718052819E-08
6.35012700254005E-08
1.10513210264205E-07
9.90865182696345E-08
1.22916070839292E-07
1.25928908562438E-07
1.50854666666667E-07
1.72340964546194E-07
1.62131676488627E-07
0.000000230544
1.9258770350814E-07
1.88530164826372E-07
0.000000177792
2.6780942475398E-07
2.08726391515942E-07
3.01306026120522E-07
2.43048693371136E-07
5.53020796236438E-07
4.27709084217727E-07
2.6223265748559E-07
2.67928573714359E-07
1.8151273949042E-07
1.6199352025919E-07
2.56020481638531E-07
1.92064634829214E-07
2.08930547592699E-07
1.74457985546281E-07
1.83459328293535E-07
1.69604522787274E-07
1.59036819263615E-07
1.40992819856397E-07
1.29462232266064E-07
7.97107971079712E-08
5.84540917864254E-08
5.84540917864254E-08
dMdT Data
0
0
0
0
0
0
0
0
0
0
0
0
0
0
0
0
0
0
0
0
0
0
0
0
0
0
0
0
0
0
0
0
0
0
0
0
0
0
0
0
0
0
0
0
0
0
0
0
0
0
0
0
0
0
0
0
0
0
0
0
0
0
0
0
0
0
0
0
0
 
*********************************************** Results ***************************************
 
TotalArea -6.35896328518087E-03
AreaFirstQuad -1.37006521750423E-02
AreaSecondQuad 6.31077751642862E-03
AreaThirdQuad 1.03091137343279E-03
AreaFourthQuad 0
Coercivity 23.4644682680948
PositiveCoercivity -573.919382046303
NegativeCoercivity -620.848318582492
Retentivity 8.72872228498235E-06
PositiveRetentivity 1.17645778587379E-04
NegativeRetentivity 1.00188334017414E-04
Magnetization 0.0001527739
PositiveMagnetization 0.00026975
NegativeMagnetization -0.0000357978
Flatness -11.3538099326908
Squareness 5.71349051440223E-02
SStar -1.54244770752665
SFD1 -0.388944928846284
SFD2 2.13100929578661
Slope 0
Intercept 0
SlopeAtHc 1.46314689440683E-07
dH1 32.5908542090448
dH2 50.003
InitialSlope 5.09933708617878E-08
FieldAtHalfMs 0
FieldAtMs 1000
MomentMean 1.11439754492754E-04
MomentRMS 8.22222213493844E-05
SFD3 -1.58670300564464
dH3 60.695610594934
UserField1 0
UserField2 0
CenterField 0
ExchangeField 0
ExchangeMoment 0
ExRegionOneIntercept 0
ExRegionOneSlope 0
ExRegionTwoIntercept 0
ExRegionTwoSlope 0
NegativeIntercept 0
NegativeSlope 0
AutoCenterOffset 0
PinningField 0
PinningMoment 0
PinRegionOneIntercept 0
PinRegionOneSlope 0
PinRegionTwoIntercept 0
PinRegionTwoSlope 0
PositiveIntercept 0
PositiveSlope 0
TotalOffset 0
BHMax 0
BCoercivity 0
BRetentivity 0
BNegativeCoercivity 0
BPositiveCoercivity 0
BNegativeRetentivity 0
BPositiveRetentivity 0
MomentYMean 9.59917188405797E-06
MomentYRMS 3.76532845532032E-06
YOffCorrection 0
Mrt 0
Ms1 0
Ms2 0
Ms3 0
Hc2 0
Hex2 0
HsatValue 0
HsatIntercept 0
HsatSlope 0
CenterH 0
Span .0003055478
SpanAsPercentOfRange -20.3698533333333
RMSAsPercentOfRange -5.48148142329229
SpanAsPercentOfMean 274.182046964101
RMSAsPercentOfMean 73.7817682061844
