Version 1.25
******************************************** Units *******************************************
System CGS
TemperatureUnit K
MomentUnit emu
AppliedFieldUnit G
 
******************************************** Setup ********************************************
 
Experiment CustomField
Minor False
Acquisition PointByPoint
EditedPoint No
MaxField 1000
FieldIncrement 30.769
Points 69
MinField 0
RampRate 10
AverageTime 6
TimeInterval 0
TimeConstant 1
TimeConstantIndex 2
Sensitivity -0.0015
SensitivityIndex 5
SensitivityY -4
SensitivityIndexY 0
SaturationField 8000
ExperimentTime 414
Use735Domains False
AutoRangeEnabled False
NumberOfVertices 11
VertexPts
0
5
9
25
29
34
39
43
59
63
68
VertexField
1000
500
200
-200
-500
-1000
-500
-200
200
500
1000
StartAngle 0
EndAngle 0
AngleIncrement 0
StartTemp 0
FinishTemp 0
TempIncrement 0
TempPoints 0
LengthofSetPointsArray 69
SetPointArray
1000
900
800
700
600
500
425
350
275
200
175
150
125
100
75
50
25
0
-25
-50
-75
-100
-125
-150
-175
-200
-275
-350
-425
-500
-600
-700
-800
-900
-1000
-900
-800
-700
-600
-500
-425
-350
-275
-200
-175
-150
-125
-100
-75
-50
-25
0
25
50
75
100
125
150
175
200
275
350
425
500
600
700
800
900
1000
FieldDomainFile c:\Ideasvsm\Default UserID\Experiments\Hannah_1kG\fdomain.ini
TempDomainFile c:\Ideasvsm\Default UserID\Experiments\Hannah_1kG\tdomain.ini
NumSelectedResults 0
ResultsSelected 
UserName1 
UserValue1 
UserName2 
UserValue2 
LinearBackgroundCorrection Off
MaxLinearFieldCorrection 
MinLinearFieldCorrection 
AutoLinearCorrection Off
FitOneRegion Off
BackgroundMode Off
BackgroundFilename 
AutoCenter Off
OffsetCorrection 
SmoothDeriv Off
DerivOrder 0
DerivPoints 0
MinExFieldOne 
MaxExFieldOne 
MinExFieldTwo 
MaxExFieldTwo 
MinPinFieldOne 
MaxPinFieldOne 
MinPinFieldTwo 
MaxPinFieldTwo 
HCenterStart 
Mass 
Volume 
Density 
MolarWeight 
NumberOfMoles 
Demagnetization 
SampleArea 
Thickness 
MomentScaling 0
XAxis 0
YAxis 0
SimpleSpinValve False
HsatMax 0
HsatMin 0
FieldAutoRange True
 
*************************************************** Experiment Data ********************************************
 
DataPoints 69
MomentX Data
0.000252352
0.000254472
0.000254474
0.0002586
0.000261503
0.000263473
0.00026555
0.000265796
0.000270273
0.000269489
0.000270806
0.000272067
0.000272463
0.000272041
0.000272458
0.000273534
0.000275491
0.000275878
0.000274481
0.000252156
0.000228085
0.0000296243
-0.00000857898
-0.000035751
-0.0000631242
-0.0000851797
-0.0000895988
-0.0000887607
-0.0000855904
-0.0000848871
-0.0000841776
-0.0000781645
-0.0000772327
-0.0000791993
-0.0000726194
-0.000074068
-0.000076671
-0.0000795677
-0.0000792922
-0.0000818456
-0.0000830393
-0.0000850236
-0.00008455
-0.0000873549
-0.000089214
-0.0000878786
-0.0000888478
-0.0000891954
-0.0000881906
-0.0000885091
-0.0000870256
-0.000089076
-0.0000872874
-0.0000638314
-0.0000546817
0.000154533
0.000192339
0.000222029
0.000249157
0.00027373
0.000281071
0.000279347
0.00027749
0.000275976
0.000274711
0.000270755
0.000270414
0.000268272
0.000267482
MomentY Data
-0.00000530879
-0.00000549952
-0.00000518958
-0.00000677903
-0.00000536442
-0.00000538031
-0.00000480811
-0.00000535647
-0.00000836054
-0.00000872612
-0.00000793139
-0.00000652472
-0.00000692209
-0.00000694593
-0.00000782808
-0.0000070413
-0.00000689824
-0.00000639757
-0.00000674725
-0.0000055631
-0.00000727177
-0.00000667572
-0.00000667572
-0.0000071605
-0.00000637372
-0.00000617504
-0.00000608762
-0.00000576973
-0.00000558694
-0.00000544389
-0.00000452201
-0.00000549952
-0.00000534852
-0.00000646909
-0.00000800292
-0.00000455379
-0.00000585715
-0.00000655651
-0.00000603994
-0.00000758171
-0.00000574589
-0.00000694593
-0.00000822544
-0.00000588894
-0.00000638167
-0.0000073115
-0.0000070254
-0.00000623862
-0.00000629425
-0.00000665188
-0.00000655651
-0.00000680288
-0.0000074784
-0.0000061353
-0.00000606378
-0.00000649293
-0.0000063022
-0.00000780423
-0.00000888507
-0.00000979106
-0.00000941753
-0.00000751019
-0.00000899633
-0.00000886917
-0.00000720819
-0.00000617504
-0.00000719229
-0.00000825723
-0.00000954469
Field Data
1000.01
900.002
800.002
699.999
599.993
499.998
425
350.001
274.999
199.999
174.999
149.995
125
100.001
74.9968
49.9996
24.9947
0.000289801
-25.0018
-50.0016
-74.9993
-99.9994
-124.997
-150.005
-175
-199.999
-275.003
-350
-425.002
-500.001
-600.001
-700.003
-800.003
-900.001
-1000.01
-899.996
-799.997
-699.998
-600.001
-499.998
-424.995
-350
-275
-199.997
-175.003
-150
-125.002
-99.9963
-74.9972
-50.0015
-24.9926
0.000749146
25.0026
49.9988
74.9998
100.004
125.005
150.001
174.999
200.001
275.004
350.001
425.004
500.003
600.002
700.004
800.004
900.001
1000
Time Data
0
13.463
26.973
40.451
53.945
67.455
80.965
95.504
109.029
122.492
135.986
149.449
162.959
176.484
190.009
203.519
217.029
230.507
244.048
257.573
271.083
284.608
298.087
311.596
325.106
338.585
352.125
365.635
380.19
393.7
407.225
420.719
434.291
447.816
461.389
474.883
488.392
501.918
515.443
528.984
542.509
557.017
570.511
584.052
597.546
611.072
624.597
638.107
651.585
665.11
678.62
692.114
705.639
719.18
732.69
746.2
759.709
773.219
786.713
800.254
813.717
827.227
841.766
855.26
868.785
882.295
895.789
909.299
922.793
Temperature Data
0
0
0
0
0
0
0
0
0
0
0
0
0
0
0
0
0
0
0
0
0
0
0
0
0
0
0
0
0
0
0
0
0
0
0
0
0
0
0
0
0
0
0
0
0
0
0
0
0
0
0
0
0
0
0
0
0
0
0
0
0
0
0
0
0
0
0
0
0
Angle Data
0
0
0
0
0
0
0
0
0
0
0
0
0
0
0
0
0
0
0
0
0
0
0
0
0
0
0
0
0
0
0
0
0
0
0
0
0
0
0
0
0
0
0
0
0
0
0
0
0
0
0
0
0
0
0
0
0
0
0
0
0
0
0
0
0
0
0
0
0
Bx Data
0
0
0
0
0
0
0
0
0
0
0
0
0
0
0
0
0
0
0
0
0
0
0
0
0
0
0
0
0
0
0
0
0
0
0
0
0
0
0
0
0
0
0
0
0
0
0
0
0
0
0
0
0
0
0
0
0
0
0
0
0
0
0
0
0
0
0
0
0
Hint Data
0
0
0
0
0
0
0
0
0
0
0
0
0
0
0
0
0
0
0
0
0
0
0
0
0
0
0
0
0
0
0
0
0
0
0
0
0
0
0
0
0
0
0
0
0
0
0
0
0
0
0
0
0
0
0
0
0
0
0
0
0
0
0
0
0
0
0
0
0
Torque Data
-0.0053088430879
-0.00494957899904
-0.00415167437916
-0.00474531422097
-0.00321861444906
-0.00269014423938
-0.00204344675
-0.00187476985647
-0.00229914013946
-0.00174521527388
-0.00138798531861
-0.0009786753764
-0.00086526125
-0.00069459994593
-0.000587080950144
-0.00035206218348
-0.000172419439328
-1.85402218357E-09
0.00016869339505
0.00027816390096
0.000545377659761
0.000667567994568
0.00083444497284
0.0010741108025
0.001115401
0.00123500182496
0.00167411376286
0.0020194055
0.00237446067388
0.00272195044389
0.00271321052201
0.00384968049856
0.00427883204556
0.00582218746909
0.0080030000292
0.00409839278484
0.00468570242855
0.00458954388698
0.00362397003994
0.00379083983658
0.00244197452055
0.0024310755
0.002261996
0.00117777033318
0.00111681139501
0.001096725
0.0008781890508
0.000623838917106
0.0004720511261
0.00033260397782
0.000163864231826
-5.09635034048E-09
-0.00018697944384
-0.00030675763764
-0.000454782287244
-0.00064931897172
-0.000787806511
-0.00117064230423
-0.00155487836493
-0.00195822179106
-0.00258985842012
-0.00262857401019
-0.00382347623532
-0.00443461160751
-0.00432492841638
-0.00432255270016
-0.00575386076916
-0.00743151525723
-0.00954469
dMdH Data
-2.1198304135669E-08
-1.99999999997728E-11
-4.12587622371331E-08
-2.90282583045018E-08
-1.97009850492526E-08
-2.76940718419153E-08
-3.28004373391678E-09
-5.96917415535589E-08
1.04533333333338E-08
-5.26800000000011E-08
-5.0431930891058E-08
-1.58431686337268E-08
1.68806752270103E-08
-1.66771982306975E-08
-4.30448210199532E-08
-7.82646601266161E-08
-1.5483461978851E-08
5.58753292672425E-08
8.93007144057151E-07
9.62928589430228E-07
7.93839624641502E-06
1.52827791467981E-06
1.08653310940499E-06
1.09514702940588E-06
8.82255290211609E-07
5.89181910298117E-08
-1.11751136712134E-08
-4.22695394789473E-08
-9.3774583661116E-09
-7.0949999999999E-09
-6.01297974040519E-08
-9.31799999999997E-09
1.96663933278666E-08
-6.57930786229239E-08
-1.44839722438858E-08
-2.6030260302603E-08
-2.89672896728968E-08
2.75508265247958E-09
-2.55332340029799E-08
-1.59153633854645E-08
-2.64590972731516E-08
6.31466666666678E-09
-3.73971707798355E-08
-7.43818516443947E-08
5.34095908490982E-08
-3.87711016881349E-08
-1.39008306106209E-08
4.0193446964091E-08
-1.2742191656965E-08
5.93188824778376E-08
-8.20378248638257E-08
7.15387036921649E-08
9.38382634160392E-07
3.65973361065557E-07
8.36718231337135E-06
1.51217951281949E-06
1.18779004640742E-06
1.08520681654532E-06
9.82841372690185E-07
9.78760849566011E-08
-2.29875861701133E-08
-2.47590096396147E-08
-2.01869358258108E-08
-1.26501265012647E-08
-3.95592088158237E-08
-3.41000000000002E-09
-2.14206426192787E-08
-7.90007900079025E-09
-7.90007900079025E-09
dMdT Data
0
0
0
0
0
0
0
0
0
0
0
0
0
0
0
0
0
0
0
0
0
0
0
0
0
0
0
0
0
0
0
0
0
0
0
0
0
0
0
0
0
0
0
0
0
0
0
0
0
0
0
0
0
0
0
0
0
0
0
0
0
0
0
0
0
0
0
0
0
 
*********************************************** Results ***************************************
 
TotalArea 6.26556767194728E-02
AreaFirstQuad 2.18514547726171E-02
AreaSecondQuad 2.27524163886095E-02
AreaThirdQuad 1.19719064460006E-02
AreaFourthQuad 6.07989911224551E-03
Coercivity 100.459281931321
PositiveCoercivity 81.5350585795358
NegativeCoercivity -119.383505283107
Retentivity 1.82476961174483E-04
PositiveRetentivity 2.75877983807274E-04
NegativeRetentivity -8.90759385416917E-05
Magnetization 0.0001853349
PositiveMagnetization 0.000281071
NegativeMagnetization -0.0000895988
Flatness -0.234922864796177
Squareness 0.984579597121118
SStar -0.188545010613407
SFD1 0.885592313992663
SFD2 5.22600589917531
Slope 0
Intercept 0
SlopeAtHc 1.52827791467981E-06
dH1 11.4933139837212
dH2 525.0008
InitialSlope -2.1198304135669E-08
FieldAtHalfMs 0
FieldAtMs 275.004
MomentMean 9.51356234782609E-05
MomentRMS 1.7073075075309E-04
SFD3 11.8724434310912
dH3 -1092.23785992633
UserField1 0
UserField2 0
CenterField 0
ExchangeField 0
ExchangeMoment 0
ExRegionOneIntercept 0
ExRegionOneSlope 0
ExRegionTwoIntercept 0
ExRegionTwoSlope 0
NegativeIntercept 0
NegativeSlope 0
AutoCenterOffset 0
PinningField 0
PinningMoment 0
PinRegionOneIntercept 0
PinRegionOneSlope 0
PinRegionTwoIntercept 0
PinRegionTwoSlope 0
PositiveIntercept 0
PositiveSlope 0
TotalOffset 0
BHMax 0
BCoercivity 0
BRetentivity 0
BNegativeCoercivity 0
BPositiveCoercivity 0
BNegativeRetentivity 0
BPositiveRetentivity 0
MomentYMean -6.74517260869565E-06
MomentYRMS 1.20293204776136E-06
YOffCorrection 0
Mrt 0
Ms1 0
Ms2 0
Ms3 0
Hc2 0
Hex2 0
HsatValue 0
HsatIntercept 0
HsatSlope 0
CenterH 0
Span .0003706698
SpanAsPercentOfRange -24.71132
RMSAsPercentOfRange -11.382050050206
SpanAsPercentOfMean 389.622505690206
RMSAsPercentOfMean 179.460379310073
