Version 1.25
******************************************** Units *******************************************
System CGS
TemperatureUnit K
MomentUnit emu
AppliedFieldUnit G
 
******************************************** Setup ********************************************
 
Experiment CustomField
Minor False
Acquisition PointByPoint
EditedPoint No
MaxField 1000
FieldIncrement 30.769
Points 69
MinField 0
RampRate 10
AverageTime 6
TimeInterval 0
TimeConstant 1
TimeConstantIndex 2
Sensitivity -0.0015
SensitivityIndex 5
SensitivityY -4
SensitivityIndexY 0
SaturationField 8000
ExperimentTime 414
Use735Domains False
AutoRangeEnabled False
NumberOfVertices 11
VertexPts
0
5
9
25
29
34
39
43
59
63
68
VertexField
1000
500
200
-200
-500
-1000
-500
-200
200
500
1000
StartAngle 0
EndAngle 0
AngleIncrement 0
StartTemp 0
FinishTemp 0
TempIncrement 0
TempPoints 0
LengthofSetPointsArray 69
SetPointArray
1000
900
800
700
600
500
425
350
275
200
175
150
125
100
75
50
25
0
-25
-50
-75
-100
-125
-150
-175
-200
-275
-350
-425
-500
-600
-700
-800
-900
-1000
-900
-800
-700
-600
-500
-425
-350
-275
-200
-175
-150
-125
-100
-75
-50
-25
0
25
50
75
100
125
150
175
200
275
350
425
500
600
700
800
900
1000
FieldDomainFile c:\Ideasvsm\Default UserID\Experiments\Hannah_1kG\fdomain.ini
TempDomainFile c:\Ideasvsm\Default UserID\Experiments\Hannah_1kG\tdomain.ini
NumSelectedResults 0
ResultsSelected 
UserName1 
UserValue1 
UserName2 
UserValue2 
LinearBackgroundCorrection Off
MaxLinearFieldCorrection 
MinLinearFieldCorrection 
AutoLinearCorrection Off
FitOneRegion Off
BackgroundMode Off
BackgroundFilename 
AutoCenter Off
OffsetCorrection 
SmoothDeriv Off
DerivOrder 0
DerivPoints 0
MinExFieldOne 
MaxExFieldOne 
MinExFieldTwo 
MaxExFieldTwo 
MinPinFieldOne 
MaxPinFieldOne 
MinPinFieldTwo 
MaxPinFieldTwo 
HCenterStart 
Mass 
Volume 
Density 
MolarWeight 
NumberOfMoles 
Demagnetization 
SampleArea 
Thickness 
MomentScaling 0
XAxis 0
YAxis 0
SimpleSpinValve False
HsatMax 0
HsatMin 0
FieldAutoRange True
 
*************************************************** Experiment Data ********************************************
 
DataPoints 69
MomentX Data
0.000295204
0.000296405
0.000299229
0.000301751
0.000304572
0.000306852
0.000309113
0.000310891
0.000313169
0.000314961
0.000314037
0.000316951
0.000315967
0.0003171
0.00031791
0.000319415
0.000319531
0.000320213
0.00031723
0.000295752
0.000273636
0.0000733195
0.0000359458
0.00000878288
-0.0000184483
-0.0000400241
-0.0000464869
-0.0000428978
-0.00004281
-0.0000411358
-0.0000379846
-0.000035573
-0.0000326202
-0.0000324354
-0.0000284661
-0.0000311971
-0.000033254
-0.0000357679
-0.0000357304
-0.0000386807
-0.0000395784
-0.0000426284
-0.0000430441
-0.0000435918
-0.0000442427
-0.0000443107
-0.0000449789
-0.0000454737
-0.0000460112
-0.0000448814
-0.0000441345
-0.0000447277
-0.0000436762
-0.0000225815
-0.0000108229
0.000198383
0.000237017
0.000266528
0.000293288
0.000318177
0.000325288
0.000322915
0.000322476
0.000319268
0.000317053
0.000316764
0.000313771
0.000313099
0.000309927
MomentY Data
-0.00000545979
-0.00000554721
-0.00000646909
-0.00000720819
-0.00000825723
-0.00000845591
-0.0000100136
-0.0000099659
-0.0000087897
-0.00000958443
-0.00000867844
-0.00000967979
-0.00000873407
-0.00000683467
-0.00000879765
-0.00000991027
-0.0000114202
-0.0000102123
-0.0000113964
-0.0000106494
-0.00000883738
-0.00000976721
-0.00000962416
-0.00000789165
-0.0000067393
-0.00000901222
-0.00000964006
-0.00000705719
-0.00000693003
-0.00000708103
-0.00000887712
-0.00000741482
-0.00000756582
-0.0000074784
-0.00000974337
-0.00000839233
-0.00000611146
-0.00000912348
-0.00000766118
-0.00000715256
-0.00000711282
-0.00000480016
-0.00000375112
-0.00000500679
-0.00000477632
-0.00000739892
-0.00000574589
-0.00000701745
-0.00000617504
-0.00000487169
-0.00000669956
-0.0000060161
-0.00000573794
-0.00000693003
-0.00000704924
-0.00000581741
-0.00000859102
-0.00000728766
-0.00000745455
-0.00000708103
-0.00000727177
-0.0000073115
-0.00000860691
-0.00000728766
-0.00000786781
-0.00000768503
-0.00000844002
-0.00000844796
-0.00000663598
Field Data
1000
900.001
800.001
700.002
599.999
500.001
425
349.996
274.997
200.002
175
150
124.995
99.9987
75.0001
49.9974
25.001
-0.00113282
-25.0009
-50.0011
-75.0015
-99.9992
-124.996
-150.001
-175
-199.999
-275.002
-350.003
-425.008
-500.002
-600.003
-700.004
-800.003
-900.004
-1000.01
-899.997
-800
-699.999
-600.001
-500.001
-424.998
-350.003
-274.995
-199.997
-175
-150.001
-125
-100
-75.0044
-49.9944
-24.9987
0.00442608
25
49.9999
75.0014
100.001
125
150
175.002
200
275
350
425.002
500.006
600.004
700.005
800.004
900.007
1000
Time Data
0
13.541
27.035
40.545
54.023
67.579
81.074
95.613
109.138
122.648
136.173
149.667
163.161
176.718
190.259
203.784
217.262
230.788
244.313
257.823
271.348
284.858
298.352
311.877
325.387
338.912
352.422
365.931
380.455
393.98
407.506
421.015
434.541
448.019
461.56
475.07
488.579
502.089
515.63
529.108
542.634
557.157
570.667
584.177
597.686
611.181
624.706
638.2
651.725
665.235
678.76
692.27
705.78
719.305
732.815
746.309
759.834
773.359
786.869
800.41
813.888
827.429
841.953
855.478
868.988
882.466
895.992
909.517
923.011
Temperature Data
0
0
0
0
0
0
0
0
0
0
0
0
0
0
0
0
0
0
0
0
0
0
0
0
0
0
0
0
0
0
0
0
0
0
0
0
0
0
0
0
0
0
0
0
0
0
0
0
0
0
0
0
0
0
0
0
0
0
0
0
0
0
0
0
0
0
0
0
0
Angle Data
0
0
0
0
0
0
0
0
0
0
0
0
0
0
0
0
0
0
0
0
0
0
0
0
0
0
0
0
0
0
0
0
0
0
0
0
0
0
0
0
0
0
0
0
0
0
0
0
0
0
0
0
0
0
0
0
0
0
0
0
0
0
0
0
0
0
0
0
0
Bx Data
0
0
0
0
0
0
0
0
0
0
0
0
0
0
0
0
0
0
0
0
0
0
0
0
0
0
0
0
0
0
0
0
0
0
0
0
0
0
0
0
0
0
0
0
0
0
0
0
0
0
0
0
0
0
0
0
0
0
0
0
0
0
0
0
0
0
0
0
0
Hint Data
0
0
0
0
0
0
0
0
0
0
0
0
0
0
0
0
0
0
0
0
0
0
0
0
0
0
0
0
0
0
0
0
0
0
0
0
0
0
0
0
0
0
0
0
0
0
0
0
0
0
0
0
0
0
0
0
0
0
0
0
0
0
0
0
0
0
0
0
0
Torque Data
-0.00545979
-0.00499249454721
-0.00517527846909
-0.00504574741638
-0.00495432974277
-0.00422796345591
-0.00425578
-0.0034880251364
-0.0024171411309
-0.00191690516886
-0.001518727
-0.0014519685
-0.00109171507965
-0.000683458114929
-0.000659824629765
-0.000495487733298
-0.0002855164202
1.1568697686E-08
0.00028492025676
0.00053248171434
0.00066281675607
0.000976713186232
0.00120298150336
0.00118375539165
0.0011793775
0.00180243498778
0.00265103578012
0.00247003767157
0.00294531819024
0.00354052916206
0.00532629863136
0.00519040365928
0.00605267869746
0.0067305899136
0.0097434674337
0.00755307182301
0.004889168
0.00638642687652
0.00459671566118
0.00357628715256
0.00302293427436
0.00168007040048
0.0010315392444
0.00100134297963
0.000835856
0.00110984539892
0.00071823625
0.000701745
0.000463155170176
0.000243557218536
0.000167480290572
-2.6627739888E-08
-0.0001434485
-0.000346500806997
-0.000528702868936
-0.00058174681741
-0.0010738775
-0.001093149
-0.0013045611591
-0.001416206
-0.00199973675
-0.002559025
-0.00365795396382
-0.00364387372596
-0.00472071747124
-0.00537955942515
-0.00675204976008
-0.00760322313572
-0.00663598
dMdH Data
-1.20101201012015E-08
-2.82399999999996E-08
-2.52202522025223E-08
-2.82091537253885E-08
-2.28004560091198E-08
-3.0146264716471E-08
-2.37054023785394E-08
-3.03737383165114E-08
-2.38949263284215E-08
3.69570434365259E-08
-1.16560000000001E-07
3.93521295740848E-08
-4.53267083528364E-08
-3.24018145016127E-08
-6.01934991020951E-08
-4.6406682562304E-09
-2.72776728653506E-08
1.19321111213645E-07
8.59113127094984E-07
8.84625845986464E-07
8.01339723254539E-06
1.49513937784036E-06
1.08629954009198E-06
1.08929077163087E-06
8.63066522660907E-07
8.61672199778675E-08
-4.78540286129518E-08
-1.17058862742488E-09
-2.23244526228765E-08
-3.15116848831511E-08
-2.41157588424116E-08
-2.95282952829528E-08
-1.84798152018485E-09
-3.96906185628862E-08
-2.7306450161479E-08
-2.05696170885126E-08
-2.51387486125139E-08
3.75007500150012E-10
-0.000000029503
-1.19688545791502E-08
-4.06693779585306E-08
-5.54207551194535E-09
-7.30286140963761E-09
-2.60391246949636E-08
-2.72010880435218E-09
-2.67269309227629E-08
-0.000000019792
-2.15037846661012E-08
4.51739304278287E-08
2.98811395560035E-08
-2.37250333459103E-08
4.20674477555665E-08
8.43791375165501E-07
4.70315781053137E-07
8.3683698939183E-06
1.54542181687268E-06
0.00000118044
1.07031437485001E-06
9.95639651172094E-07
9.48133333333336E-08
-3.16400000000002E-08
-5.85317724860707E-09
-4.27710522105486E-08
-2.21504430088604E-08
-2.88997110028897E-09
-2.99302993029926E-08
-6.71979840604792E-09
-3.1722220555439E-08
-3.1722220555439E-08
dMdT Data
0
0
0
0
0
0
0
0
0
0
0
0
0
0
0
0
0
0
0
0
0
0
0
0
0
0
0
0
0
0
0
0
0
0
0
0
0
0
0
0
0
0
0
0
0
0
0
0
0
0
0
0
0
0
0
0
0
0
0
0
0
0
0
0
0
0
0
0
0
 
*********************************************** Results ***************************************
 
TotalArea 6.51558237937076E-02
AreaFirstQuad 2.63189232520379E-02
AreaSecondQuad 2.90839060429282E-02
AreaThirdQuad 7.27386134312166E-03
AreaFourthQuad 2.47913315561981E-03
Coercivity 117.179322395371
PositiveCoercivity 76.2947104221248
NegativeCoercivity -158.063934368617
Retentivity 1.82470282045206E-04
PositiveRetentivity 3.20212969099307E-04
NegativeRetentivity -4.47275949911044E-05
Magnetization 0.00018588745
PositiveMagnetization 0.000325288
NegativeMagnetization -0.0000464869
Flatness 6.61522123992744E-02
Squareness 0.981617005587012
SStar -0.429543373309866
SFD1 0.774223258965006
SFD2 4.48031733985125
Slope 0
Intercept 0
SlopeAtHc 1.08929077163087E-06
dH1 26.4563655271157
dH2 525.00055
InitialSlope -1.20101201012015E-08
FieldAtHalfMs 0
FieldAtMs 275
MomentMean 1.39039054782609E-04
MomentRMS 1.70864883447404E-04
SFD3 10.3682355084023
dH3 -1097.76348891484
UserField1 0
UserField2 0
CenterField 0
ExchangeField 0
ExchangeMoment 0
ExRegionOneIntercept 0
ExRegionOneSlope 0
ExRegionTwoIntercept 0
ExRegionTwoSlope 0
NegativeIntercept 0
NegativeSlope 0
AutoCenterOffset 0
PinningField 0
PinningMoment 0
PinRegionOneIntercept 0
PinRegionOneSlope 0
PinRegionTwoIntercept 0
PinRegionTwoSlope 0
PositiveIntercept 0
PositiveSlope 0
TotalOffset 0
BHMax 0
BCoercivity 0
BRetentivity 0
BNegativeCoercivity 0
BPositiveCoercivity 0
BNegativeRetentivity 0
BPositiveRetentivity 0
MomentYMean -7.72522304347826E-06
MomentYRMS 1.640540286312E-06
YOffCorrection 0
Mrt 0
Ms1 0
Ms2 0
Ms3 0
Hc2 0
Hex2 0
HsatValue 0
HsatIntercept 0
HsatSlope 0
CenterH 0
Span .0003717749
SpanAsPercentOfRange -24.7849933333333
RMSAsPercentOfRange -11.3909922298269
SpanAsPercentOfMean 267.388828686501
RMSAsPercentOfMean 122.889848262099
