Version 1.25
******************************************** Units *******************************************
System CGS
TemperatureUnit K
MomentUnit emu
AppliedFieldUnit G
 
******************************************** Setup ********************************************
 
Experiment CustomField
Minor False
Acquisition PointByPoint
EditedPoint No
MaxField 1000
FieldIncrement 30.769
Points 69
MinField 0
RampRate 10
AverageTime 6
TimeInterval 0
TimeConstant 1
TimeConstantIndex 2
Sensitivity -0.0015
SensitivityIndex 5
SensitivityY -4
SensitivityIndexY 0
SaturationField 8000
ExperimentTime 414
Use735Domains False
AutoRangeEnabled False
NumberOfVertices 11
VertexPts
0
5
9
25
29
34
39
43
59
63
68
VertexField
1000
500
200
-200
-500
-1000
-500
-200
200
500
1000
StartAngle 0
EndAngle 0
AngleIncrement 0
StartTemp 0
FinishTemp 0
TempIncrement 0
TempPoints 0
LengthofSetPointsArray 69
SetPointArray
1000
900
800
700
600
500
425
350
275
200
175
150
125
100
75
50
25
0
-25
-50
-75
-100
-125
-150
-175
-200
-275
-350
-425
-500
-600
-700
-800
-900
-1000
-900
-800
-700
-600
-500
-425
-350
-275
-200
-175
-150
-125
-100
-75
-50
-25
0
25
50
75
100
125
150
175
200
275
350
425
500
600
700
800
900
1000
FieldDomainFile c:\Ideasvsm\Default UserID\Experiments\Hannah_1kG\fdomain.ini
TempDomainFile c:\Ideasvsm\Default UserID\Experiments\Hannah_1kG\tdomain.ini
NumSelectedResults 0
ResultsSelected 
UserName1 
UserValue1 
UserName2 
UserValue2 
LinearBackgroundCorrection Off
MaxLinearFieldCorrection 
MinLinearFieldCorrection 
AutoLinearCorrection Off
FitOneRegion Off
BackgroundMode Off
BackgroundFilename 
AutoCenter Off
OffsetCorrection 
SmoothDeriv Off
DerivOrder 0
DerivPoints 0
MinExFieldOne 
MaxExFieldOne 
MinExFieldTwo 
MaxExFieldTwo 
MinPinFieldOne 
MaxPinFieldOne 
MinPinFieldTwo 
MaxPinFieldTwo 
HCenterStart 
Mass 
Volume 
Density 
MolarWeight 
NumberOfMoles 
Demagnetization 
SampleArea 
Thickness 
MomentScaling 0
XAxis 0
YAxis 0
SimpleSpinValve False
HsatMax 0
HsatMin 0
FieldAutoRange True
 
*************************************************** Experiment Data ********************************************
 
DataPoints 69
MomentX Data
0.000188684
0.000184013
0.000178196
0.000169981
0.000159767
0.000147475
0.000138179
0.00012749
0.000115802
0.000103633
0.000099734
0.0000948364
0.0000908991
0.0000871873
0.0000826055
0.0000787786
0.0000733456
0.0000656945
0.0000530301
0.0000442248
0.000038166
0.000034289
0.0000292975
0.0000266674
0.0000219249
0.0000160726
0.00000170663
-0.0000104739
-0.0000222527
-0.0000344237
-0.0000502345
-0.0000639287
-0.0000727735
-0.0000815507
-0.0000869509
-0.0000806117
-0.0000733839
-0.0000642372
-0.0000540295
-0.0000426171
-0.0000303012
-0.000020947
-0.00000802127
0.00000689491
0.0000121076
0.000017927
0.0000216243
0.0000263164
0.0000322998
0.0000367027
0.0000445739
0.000050765
0.0000650103
0.0000758793
0.0000813987
0.0000881686
0.0000940883
0.000100451
0.000105277
0.000110087
0.000123794
0.000138946
0.000152546
0.000167001
0.000181099
0.000195451
0.000206732
0.000216515
0.000222287
MomentY Data
0.0000228882
0.0000205676
0.0000193914
0.0000211875
0.0000207265
0.0000206947
0.000020202
0.0000212034
0.0000227451
0.0000226498
0.000022459
0.0000212669
0.0000210762
0.0000210921
0.0000209649
0.0000204245
0.0000205358
0.0000203768
0.000019455
0.0000198046
0.000021108
0.0000214736
0.0000203927
0.000020504
0.0000185172
0.0000184536
0.0000203133
0.0000205676
0.000020806
0.0000198046
0.0000206629
0.0000215213
0.0000219663
0.0000217438
0.0000212669
0.000021553
0.0000216802
0.0000215054
0.000021553
0.0000212669
0.0000222047
0.0000208855
0.0000206153
0.0000212987
0.0000216643
0.0000217915
0.0000209173
0.0000212987
0.000021712
0.0000222365
0.0000212828
0.0000213464
0.0000198523
0.0000206629
0.0000187556
0.0000194709
0.0000208219
0.0000207583
0.0000192483
0.0000179609
0.0000170708
0.0000185808
0.0000172138
0.0000175476
0.00001688
0.000017039
0.0000183741
0.0000164032
0.0000186284
Field Data
1000.01
900.002
799.998
700.003
600
499.997
424.998
350
274.998
199.997
175
149.998
124.998
100.001
74.9929
49.9985
24.9985
0.000843776
-24.9991
-49.9999
-75.0006
-100.002
-125.001
-149.997
-175.003
-199.999
-275
-350
-425.002
-499.999
-600.003
-700.004
-800.003
-900.006
-1000
-899.997
-799.997
-700.002
-600
-499.998
-424.998
-350
-274.998
-200.001
-175
-149.996
-124.998
-99.9958
-75.0019
-49.9988
-25.0004
-0.00048489
24.9997
50.0021
74.9991
100.004
124.998
150
175.004
200.002
275.001
350
425.003
500
600.004
700.005
800.002
900.004
1000
Time Data
0
13.51
27.035
40.56
54.085
67.595
81.105
95.66
109.185
122.726
136.22
149.73
163.27
176.749
190.243
203.737
217.247
230.741
244.251
257.776
271.301
284.826
298.352
311.893
325.402
338.896
352.406
365.916
380.424
393.949
407.459
420.969
434.447
447.972
461.498
475.023
488.533
502.058
515.583
529.108
542.618
557.157
570.651
584.177
597.686
611.165
624.675
638.169
651.678
665.219
678.713
692.223
705.748
719.242
732.768
746.262
759.787
773.312
786.822
800.301
813.826
827.32
841.906
855.416
868.957
882.466
895.992
909.486
922.98
Temperature Data
0
0
0
0
0
0
0
0
0
0
0
0
0
0
0
0
0
0
0
0
0
0
0
0
0
0
0
0
0
0
0
0
0
0
0
0
0
0
0
0
0
0
0
0
0
0
0
0
0
0
0
0
0
0
0
0
0
0
0
0
0
0
0
0
0
0
0
0
0
Angle Data
0
0
0
0
0
0
0
0
0
0
0
0
0
0
0
0
0
0
0
0
0
0
0
0
0
0
0
0
0
0
0
0
0
0
0
0
0
0
0
0
0
0
0
0
0
0
0
0
0
0
0
0
0
0
0
0
0
0
0
0
0
0
0
0
0
0
0
0
0
Bx Data
0
0
0
0
0
0
0
0
0
0
0
0
0
0
0
0
0
0
0
0
0
0
0
0
0
0
0
0
0
0
0
0
0
0
0
0
0
0
0
0
0
0
0
0
0
0
0
0
0
0
0
0
0
0
0
0
0
0
0
0
0
0
0
0
0
0
0
0
0
Hint Data
0
0
0
0
0
0
0
0
0
0
0
0
0
0
0
0
0
0
0
0
0
0
0
0
0
0
0
0
0
0
0
0
0
0
0
0
0
0
0
0
0
0
0
0
0
0
0
0
0
0
0
0
0
0
0
0
0
0
0
0
0
0
0
0
0
0
0
0
0
Torque Data
0.022888428882
0.0185108811352
0.0155130812172
0.0148313135625
0.0124359
0.0103472879159
0.008585809596
0.00742119
0.0062548570098
0.0045298920506
0.003930325
0.0031899924662
0.0026344828476
0.0021092310921
0.00157221864921
0.00102119436325
0.0005133641963
1.71934547968E-08
-0.0004863574905
-0.00099022801954
-0.0015831126648
-0.0021474029472
-0.0025491078927
-0.003075538488
-0.0032405655516
-0.0036907015464
-0.0055861575
-0.00719866
-0.008842591612
-0.0099022801954
-0.0123978019887
-0.0150649960852
-0.0175731058989
-0.0195695504628
-0.0212669
-0.019397635341
-0.0173440949594
-0.0150538230108
-0.0129318
-0.0106334074662
-0.0094369530906
-0.007309925
-0.0056691662694
-0.0042597612987
-0.0037912525
-0.003268637834
-0.0026146206654
-0.00212978054546
-0.0016284412528
-0.0011117983162
-0.00053207851312
-1.0350655896E-08
0.00049630154431
0.00103318839209
0.00140665311996
0.0019471678836
0.0026026958562
0.003113745
0.0033685294932
0.0035922159218
0.0046944870708
0.00650328
0.0073159166414
0.0087738
0.01012806752
0.011927385195
0.0146993167482
0.0147629456128
0.0186284
dMdH Data
4.67062634989202E-08
5.81676732930681E-08
8.21541077053853E-08
1.02136935891923E-07
1.22916312510625E-07
1.23948319310924E-07
1.42523800634684E-07
1.55835844377483E-07
1.622511699844E-07
1.55978717446093E-07
1.95888328933685E-07
0.000000157492
1.48489818778254E-07
1.8321263910493E-07
1.53110296706462E-07
0.00000021732
3.06072694633437E-07
5.06577139271723E-07
3.52200729576654E-07
2.42345214333998E-07
1.55071316006304E-07
1.99667986719469E-07
1.05220835333653E-07
1.89654482924098E-07
2.34129460713714E-07
1.91543712750497E-07
1.62407066666667E-07
1.57046478760566E-07
1.62286491459658E-07
1.58101675932963E-07
1.36940630593694E-07
8.84488844888449E-08
8.77693669189925E-08
5.40052403144188E-08
6.3390098297051E-08
7.22780000000001E-08
9.14715735786788E-08
1.0207495850083E-07
1.14121717565649E-07
0.000000164212
1.24725992693138E-07
1.72338470974107E-07
1.98890355614225E-07
2.08499260029599E-07
2.32738761798112E-07
1.47903832306584E-07
1.87667485261297E-07
2.39394412236586E-07
1.76094164323624E-07
3.148681515617E-07
2.47644840902822E-07
5.69807785929538E-07
4.34718267046364E-07
2.20802496299556E-07
2.7074293438486E-07
2.36844842762263E-07
2.54487640988721E-07
1.93009118541033E-07
1.92415393231458E-07
1.82762436832491E-07
2.02029360391472E-07
1.81326080290122E-07
1.92741042975052E-07
1.40974361025559E-07
1.43518564814352E-07
1.12813384401532E-07
9.78280434391311E-08
5.77223088923557E-08
5.77223088923557E-08
dMdT Data
0
0
0
0
0
0
0
0
0
0
0
0
0
0
0
0
0
0
0
0
0
0
0
0
0
0
0
0
0
0
0
0
0
0
0
0
0
0
0
0
0
0
0
0
0
0
0
0
0
0
0
0
0
0
0
0
0
0
0
0
0
0
0
0
0
0
0
0
0
 
*********************************************** Results ***************************************
 
TotalArea -1.17065190618935E-02
AreaFirstQuad -1.70948857128806E-02
AreaSecondQuad 2.12699254499869E-03
AreaThirdQuad 3.26137410598836E-03
AreaFourthQuad 0
Coercivity 25.4202292809188
PositiveCoercivity -234.667889597068
NegativeCoercivity -285.508348158906
Retentivity 7.46439813413521E-06
PositiveRetentivity 6.56940725623677E-05
NegativeRetentivity 5.07652762940973E-05
Magnetization 0.00015461895
PositiveMagnetization 0.000222287
NegativeMagnetization -0.0000869509
Flatness -6.50711461042538
Squareness 0.048276088630373
SStar -0.808049889838112
SFD1 0.233490687898248
SFD2 2.45865406284569
Slope 0
Intercept 0
SlopeAtHc 1.62407066666667E-07
dH1 19.4848424595859
dH2 62.49955
InitialSlope 4.67062634989202E-08
FieldAtHalfMs 0
FieldAtMs 1000
MomentMean 6.12881923188406E-05
MomentRMS 8.27817766290407E-05
SFD3 -0.733416300614317
dH3 44.0638398008981
UserField1 0
UserField2 0
CenterField 0
ExchangeField 0
ExchangeMoment 0
ExRegionOneIntercept 0
ExRegionOneSlope 0
ExRegionTwoIntercept 0
ExRegionTwoSlope 0
NegativeIntercept 0
NegativeSlope 0
AutoCenterOffset 0
PinningField 0
PinningMoment 0
PinRegionOneIntercept 0
PinRegionOneSlope 0
PinRegionTwoIntercept 0
PinRegionTwoSlope 0
PositiveIntercept 0
PositiveSlope 0
TotalOffset 0
BHMax 0
BCoercivity 0
BRetentivity 0
BNegativeCoercivity 0
BPositiveCoercivity 0
BNegativeRetentivity 0
BPositiveRetentivity 0
MomentYMean 2.04187652173913E-05
MomentYRMS 1.5135443418198E-06
YOffCorrection 0
Mrt 0
Ms1 0
Ms2 0
Ms3 0
Hc2 0
Hex2 0
HsatValue 0
HsatIntercept 0
HsatSlope 0
CenterH 0
Span .0003092379
SpanAsPercentOfRange -20.61586
RMSAsPercentOfRange -5.51878510860271
SpanAsPercentOfMean 504.563584436047
RMSAsPercentOfMean 135.069698578127
