Version 1.25
******************************************** Units *******************************************
System CGS
TemperatureUnit K
MomentUnit emu
AppliedFieldUnit G
 
******************************************** Setup ********************************************
 
Experiment CustomField
Minor False
Acquisition PointByPoint
EditedPoint No
MaxField 1000
FieldIncrement 30.769
Points 69
MinField 0
RampRate 10
AverageTime 6
TimeInterval 0
TimeConstant 1
TimeConstantIndex 2
Sensitivity -0.0015
SensitivityIndex 5
SensitivityY -4
SensitivityIndexY 0
SaturationField 8000
ExperimentTime 414
Use735Domains False
AutoRangeEnabled False
NumberOfVertices 11
VertexPts
0
5
9
25
29
34
39
43
59
63
68
VertexField
1000
500
200
-200
-500
-1000
-500
-200
200
500
1000
StartAngle 0
EndAngle 0
AngleIncrement 0
StartTemp 0
FinishTemp 0
TempIncrement 0
TempPoints 0
LengthofSetPointsArray 69
SetPointArray
1000
900
800
700
600
500
425
350
275
200
175
150
125
100
75
50
25
0
-25
-50
-75
-100
-125
-150
-175
-200
-275
-350
-425
-500
-600
-700
-800
-900
-1000
-900
-800
-700
-600
-500
-425
-350
-275
-200
-175
-150
-125
-100
-75
-50
-25
0
25
50
75
100
125
150
175
200
275
350
425
500
600
700
800
900
1000
FieldDomainFile c:\Ideasvsm\Default UserID\Experiments\Hannah_1kG\fdomain.ini
TempDomainFile c:\Ideasvsm\Default UserID\Experiments\Hannah_1kG\tdomain.ini
NumSelectedResults 0
ResultsSelected 
UserName1 
UserValue1 
UserName2 
UserValue2 
LinearBackgroundCorrection Off
MaxLinearFieldCorrection 
MinLinearFieldCorrection 
AutoLinearCorrection Off
FitOneRegion Off
BackgroundMode Off
BackgroundFilename 
AutoCenter Off
OffsetCorrection 
SmoothDeriv Off
DerivOrder 0
DerivPoints 0
MinExFieldOne 
MaxExFieldOne 
MinExFieldTwo 
MaxExFieldTwo 
MinPinFieldOne 
MaxPinFieldOne 
MinPinFieldTwo 
MaxPinFieldTwo 
HCenterStart 
Mass 
Volume 
Density 
MolarWeight 
NumberOfMoles 
Demagnetization 
SampleArea 
Thickness 
MomentScaling 0
XAxis 0
YAxis 0
SimpleSpinValve False
HsatMax 0
HsatMin 0
FieldAutoRange True
 
*************************************************** Experiment Data ********************************************
 
DataPoints 69
MomentX Data
0.000275878
0.000277251
0.000279335
0.000283263
0.000284219
0.000286771
0.000289284
0.000290504
0.000291672
0.00029545
0.000294603
0.000295477
0.000297445
0.000297038
0.000298455
0.000298107
0.000299237
0.000298208
0.000297817
0.000277644
0.00025586
0.0000531956
0.0000166566
-0.0000103333
-0.0000381741
-0.0000602632
-0.0000649553
-0.0000620363
-0.0000606883
-0.0000591994
-0.0000572778
-0.0000542822
-0.0000494536
-0.0000481001
-0.000045339
-0.0000471312
-0.0000503428
-0.0000518695
-0.0000553582
-0.0000570044
-0.0000575149
-0.0000599107
-0.0000588756
-0.0000611138
-0.0000616794
-0.0000607423
-0.0000614497
-0.0000617564
-0.0000623612
-0.0000629434
-0.0000616413
-0.0000619066
-0.0000612263
-0.0000387685
-0.0000282091
0.000181513
0.000221216
0.000249301
0.000276868
0.000298809
0.00030787
0.000305225
0.000303794
0.000302766
0.000300741
0.000298845
0.000297111
0.000295033
0.00029373
MomentY Data
-0.00000857512
-0.0000104984
-0.0000099659
-0.0000115395
-0.00000898838
-0.0000112057
-0.0000100851
-0.0000085036
-0.00000824134
-0.00000968774
-0.00000779629
-0.00000808239
-0.00000868638
-0.00000871023
-0.00000733534
-0.0000087897
-0.00000868638
-0.00000836849
-0.00000976721
-0.00000863075
-0.00000816981
-0.00000798702
-0.00000696182
-0.00000666777
-0.0000084877
-0.00000789165
-0.0000078996
-0.00000737508
-0.00000767708
-0.0000071764
-0.0000073274
-0.00000779629
-0.00000722408
-0.00000633399
-0.00000696977
-0.00000910759
-0.00000615915
-0.00000693003
-0.00000773271
-0.00000843207
-0.00000720819
-0.00000790755
-0.00000844796
-0.00000889301
-0.00000771681
-0.00000957648
-0.00000815392
-0.00000715256
-0.00000780423
-0.00000735919
-0.00000851154
-0.00000721614
-0.00000851154
-0.0000076135
-0.00000765324
-0.0000098149
-0.00000750224
-0.00000894864
-0.00000811418
-0.00000770887
-0.0000083526
-0.00000916322
-0.00000889301
-0.00000813007
-0.00000941753
-0.00000909964
-0.00000710487
-0.00000656446
-0.00000698566
Field Data
1000
900.001
799.999
699.997
600.001
499.998
424.996
350.004
274.997
199.996
174.998
149.996
124.997
99.9995
74.9993
49.9984
25.0003
-0.00357593
-25.0024
-50.0009
-75.0018
-100.002
-124.999
-150.003
-174.999
-200.003
-274.999
-350.004
-425.005
-500.003
-600
-700.008
-800.007
-900.007
-1000
-899.995
-799.998
-699.998
-600
-499.998
-424.996
-350
-274.995
-199.994
-174.998
-149.995
-124.996
-99.9991
-74.9982
-49.9951
-24.9981
0.00301458
25.0012
50.0022
75.0014
100
125.002
150.001
175.004
199.998
275.001
350
425.003
500.003
600
700.004
800.003
900
1000
Time Data
0
13.463
26.989
40.483
54.008
67.502
81.027
95.567
109.061
122.555
136.096
149.59
163.115
176.625
190.15
203.644
217.169
230.648
244.204
257.714
271.224
284.733
298.228
311.737
325.247
338.741
352.266
365.76
380.284
393.794
407.303
420.813
434.276
447.801
461.327
474.821
488.33
501.84
515.365
528.875
542.369
556.94
570.465
583.975
597.484
610.994
624.472
638.013
651.523
665.048
678.527
692.068
705.577
719.118
732.612
746.153
759.647
773.188
786.698
800.192
813.702
827.211
841.735
855.292
868.786
882.28
895.774
909.299
922.84
Temperature Data
0
0
0
0
0
0
0
0
0
0
0
0
0
0
0
0
0
0
0
0
0
0
0
0
0
0
0
0
0
0
0
0
0
0
0
0
0
0
0
0
0
0
0
0
0
0
0
0
0
0
0
0
0
0
0
0
0
0
0
0
0
0
0
0
0
0
0
0
0
Angle Data
0
0
0
0
0
0
0
0
0
0
0
0
0
0
0
0
0
0
0
0
0
0
0
0
0
0
0
0
0
0
0
0
0
0
0
0
0
0
0
0
0
0
0
0
0
0
0
0
0
0
0
0
0
0
0
0
0
0
0
0
0
0
0
0
0
0
0
0
0
Bx Data
0
0
0
0
0
0
0
0
0
0
0
0
0
0
0
0
0
0
0
0
0
0
0
0
0
0
0
0
0
0
0
0
0
0
0
0
0
0
0
0
0
0
0
0
0
0
0
0
0
0
0
0
0
0
0
0
0
0
0
0
0
0
0
0
0
0
0
0
0
Hint Data
0
0
0
0
0
0
0
0
0
0
0
0
0
0
0
0
0
0
0
0
0
0
0
0
0
0
0
0
0
0
0
0
0
0
0
0
0
0
0
0
0
0
0
0
0
0
0
0
0
0
0
0
0
0
0
0
0
0
0
0
0
0
0
0
0
0
0
0
0
Torque Data
-0.00857512
-0.0094485704984
-0.0079727100341
-0.0080776153815
-0.00539303698838
-0.0056028275886
-0.0042861271596
-0.0029762940144
-0.00226634377598
-0.00193750924904
-0.00136433515742
-0.00121232617044
-0.00108577144086
-0.000871018644885
-0.000550145365262
-0.00043947093648
-0.000217162105914
2.99251344457E-08
0.000244203691304
0.000431545267675
0.000612750455658
0.00079871797404
0.00087022053818
0.00100018550331
0.0014853390123
0.00157835367495
0.0021723821004
0.00258130750032
0.0032627973854
0.0035882215292
0.00439644
0.00545746537032
0.00577931456856
0.00570063533793
0.00696977
0.00819678546205
0.0049273076817
0.00485100713994
0.004639626
0.00421601813586
0.00306345191724
0.0027676425
0.0023231467602
0.00177854864194
0.00135042631638
0.0014364241176
0.00101920738432
0.000715249562696
0.000585303202386
0.000367923439969
0.000212772328074
-2.17536313212E-08
-0.000212798713848
-0.0003806917497
-0.000574003714536
-0.00098149
-0.00093779500448
-0.00134230494864
-0.00142001395672
-0.00154175858226
-0.0022969733526
-0.003207127
-0.00377955592903
-0.00406505939021
-0.005650518
-0.00636978439856
-0.00568391731461
-0.005908014
-0.00698566
dMdH Data
-1.37301373013729E-08
-2.0839583208336E-08
-3.92792144157116E-08
-9.56038241529643E-09
-2.55192344229674E-08
-3.35057731793818E-08
-1.62684019628763E-08
-1.55718799578701E-08
-5.03726616978443E-08
3.38827106168493E-08
-3.49572034237258E-08
-7.87231489259583E-08
1.62816281628167E-08
-5.66795465636266E-08
1.39194988980398E-08
-4.52034354610955E-08
4.11536196580381E-08
1.56407356964122E-08
8.06968418105087E-07
8.71328632169242E-07
8.10651114791082E-06
1.46173540824899E-06
1.07942329227324E-06
1.11381020963354E-06
8.8342265237562E-07
6.25646701157394E-08
-3.89174055062996E-08
-1.7973093692084E-08
-1.9852529400784E-08
-1.92165764972949E-08
-2.99536037117031E-08
-4.82864828648287E-08
-0.000000013535
-2.76129329053033E-08
-1.79211039448028E-08
-3.21169635089053E-08
-0.000000015267
-3.48876977539551E-08
-1.64616707665846E-08
-6.80648516039574E-09
-3.19457037708678E-08
1.38004133057796E-08
-2.98422687697497E-08
-2.26276204192674E-08
3.74795024597049E-08
-2.82971318852751E-08
-1.22695214206562E-08
-2.41911291193516E-08
-2.3285112646032E-08
5.20902508300997E-08
-1.0611526904174E-08
2.72139752774107E-08
8.98276068957241E-07
4.22389516464527E-07
8.38935380381302E-06
1.58799296056315E-06
1.12344493779751E-06
1.10254769427669E-06
8.77850684164199E-07
1.20808500993294E-07
-3.52671368951588E-08
-1.90792368305265E-08
-1.37066666666671E-08
-2.02506075182256E-08
-1.89592416303346E-08
-1.73401734017338E-08
-2.07806234187029E-08
-1.30299999999997E-08
-1.30299999999997E-08
dMdT Data
0
0
0
0
0
0
0
0
0
0
0
0
0
0
0
0
0
0
0
0
0
0
0
0
0
0
0
0
0
0
0
0
0
0
0
0
0
0
0
0
0
0
0
0
0
0
0
0
0
0
0
0
0
0
0
0
0
0
0
0
0
0
0
0
0
0
0
0
0
 
*********************************************** Results ***************************************
 
TotalArea 6.08953462604887E-02
AreaFirstQuad 2.18574266036773E-02
AreaSecondQuad 2.61289015448974E-02
AreaThirdQuad 8.97743652422061E-03
AreaFourthQuad 3.93158158769339E-03
Coercivity 109.396952793966
PositiveCoercivity 78.3638878220273
NegativeCoercivity -140.430017765905
Retentivity 1.80057357586583E-04
PositiveRetentivity 2.98208147162463E-04
NegativeRetentivity -6.19065680107032E-05
Magnetization 0.00018641265
PositiveMagnetization 0.00030787
NegativeMagnetization -0.0000649553
Flatness -0.103771695022179
Squareness 0.965907397306906
SStar -0.52480343659418
SFD1 0.856545785617193
SFD2 4.79904089274557
Slope 0
Intercept 0
SlopeAtHc 1.07942329227324E-06
dH1 15.6934539189314
dH2 525.00045
InitialSlope -1.37301373013729E-08
FieldAtHalfMs 0
FieldAtMs 275.001
MomentMean 1.20786728985507E-04
MomentRMS 1.70241959564624E-04
SFD3 11.0136094354493
dH3 -1095.45835870706
UserField1 0
UserField2 0
CenterField 0
ExchangeField 0
ExchangeMoment 0
ExRegionOneIntercept 0
ExRegionOneSlope 0
ExRegionTwoIntercept 0
ExRegionTwoSlope 0
NegativeIntercept 0
NegativeSlope 0
AutoCenterOffset 0
PinningField 0
PinningMoment 0
PinRegionOneIntercept 0
PinRegionOneSlope 0
PinRegionTwoIntercept 0
PinRegionTwoSlope 0
PositiveIntercept 0
PositiveSlope 0
TotalOffset 0
BHMax 0
BCoercivity 0
BRetentivity 0
BNegativeCoercivity 0
BPositiveCoercivity 0
BNegativeRetentivity 0
BPositiveRetentivity 0
MomentYMean -8.23154637681159E-06
MomentYRMS 1.08633505140256E-06
YOffCorrection 0
Mrt 0
Ms1 0
Ms2 0
Ms3 0
Hc2 0
Hex2 0
HsatValue 0
HsatIntercept 0
HsatSlope 0
CenterH 0
Span .0003728253
SpanAsPercentOfRange -24.85502
RMSAsPercentOfRange -11.3494639709749
SpanAsPercentOfMean 308.664124884725
RMSAsPercentOfMean 140.944258524503
