Version 1.25
******************************************** Units *******************************************
System CGS
TemperatureUnit K
MomentUnit emu
AppliedFieldUnit G
 
******************************************** Setup ********************************************
 
Experiment CustomField
Minor False
Acquisition PointByPoint
EditedPoint No
MaxField 15000
FieldIncrement 750
Points 101
MinField 0
RampRate 10
AverageTime 6
TimeInterval 10
TimeConstant 1
TimeConstantIndex 2
Sensitivity -0.0015
SensitivityIndex 5
SensitivityY -4
SensitivityIndexY 0
SaturationField 8000
ExperimentTime 606
Use735Domains False
AutoRangeEnabled False
NumberOfVertices 11
VertexPts
0
10
15
35
40
50
60
65
85
90
100
VertexField
15000
2000
500
-500
-2000
-15000
-2000
-500
500
2000
15000
StartAngle 0
EndAngle 0
AngleIncrement 0
StartTemp 0
FinishTemp 0
TempIncrement 0
TempPoints 0
LengthofSetPointsArray 101
SetPointArray
15000
13700
12400
11100
9800
8500
7200
5900
4600
3300
2000
1700
1400
1100
800
500
450
400
350
300
250
200
150
100
50
0
-50
-100
-150
-200
-250
-300
-350
-400
-450
-500
-800
-1100
-1400
-1700
-2000
-3300
-4600
-5900
-7200
-8500
-9800
-11100
-12400
-13700
-15000
-13700
-12400
-11100
-9800
-8500
-7200
-5900
-4600
-3300
-2000
-1700
-1400
-1100
-800
-500
-450
-400
-350
-300
-250
-200
-150
-100
-50
0
50
100
150
200
250
300
350
400
450
500
800
1100
1400
1700
2000
3300
4600
5900
7200
8500
9800
11100
12400
13700
15000
FieldDomainFile c:\Ideasvsm\Default UserID\Experiments\Jason_1p5T_cus\fdomain.ini
TempDomainFile c:\Ideasvsm\Default UserID\Experiments\Jason_1p5T_cus\tdomain.ini
NumSelectedResults 0
ResultsSelected 
UserName1 
UserValue1 
UserName2 
UserValue2 
LinearBackgroundCorrection Off
MaxLinearFieldCorrection 
MinLinearFieldCorrection 
AutoLinearCorrection Off
FitOneRegion Off
BackgroundMode Off
BackgroundFilename 
AutoCenter Off
OffsetCorrection 
SmoothDeriv Off
DerivOrder 0
DerivPoints 0
MinExFieldOne 
MaxExFieldOne 
MinExFieldTwo 
MaxExFieldTwo 
MinPinFieldOne 
MaxPinFieldOne 
MinPinFieldTwo 
MaxPinFieldTwo 
HCenterStart 
Mass 
Volume 
Density 
MolarWeight 
NumberOfMoles 
Demagnetization 
SampleArea 
Thickness 
MomentScaling 0
XAxis 0
YAxis 0
SimpleSpinValve False
HsatMax 0
HsatMin 0
FieldAutoRange True
 
*************************************************** Experiment Data ********************************************
 
DataPoints 101
MomentX Data
-0.00101928
-0.000977046
-0.000952141
-0.000932888
-0.000920643
-0.000907663
-0.000895353
-0.000887686
-0.000873389
-0.000870143
-0.00086049
-0.000858649
-0.000856516
-0.000859791
-0.000857962
-0.000861307
-0.000863601
-0.000864465
-0.000868174
-0.00087129
-0.000877039
-0.000880947
-0.000888376
-0.000897329
-0.000906049
-0.000917841
-0.000929932
-0.000943511
-0.000957013
-0.000968689
-0.000980378
-0.000986053
-0.000990202
-0.00099235
-0.000997424
-0.001026
-0.00102843
-0.00102778
-0.00102803
-0.00102728
-0.00102433
-0.00102393
-0.00101255
-0.00100495
-0.000993198
-0.000993682
-0.000969819
-0.000956923
-0.000944213
-0.000918091
-0.000884699
-0.000921586
-0.00094676
-0.000958605
-0.00097313
-0.000987485
-0.000995338
-0.00100462
-0.001009
-0.00101782
-0.00102284
-0.00102089
-0.00102242
-0.0010236
-0.00102078
-0.00101809
-0.00101559
-0.00101028
-0.00101031
-0.00100594
-0.000997308
-0.000992916
-0.000985479
-0.000975103
-0.000965058
-0.00095387
-0.000940426
-0.000927422
-0.000912483
-0.00089889
-0.000886417
-0.000880014
-0.000875052
-0.000871438
-0.000869105
-0.000837195
-0.00083405
-0.000831246
-0.000831696
-0.000834078
-0.000834616
-0.00084742
-0.000847869
-0.000858172
-0.000861907
-0.000876438
-0.000887137
-0.000901755
-0.000916502
-0.000942964
-0.000984474
MomentY Data
-0.000118709
-0.000115728
-0.000118526
-0.000115307
-0.000115569
-0.000117246
-0.000116849
-0.000115824
-0.000117691
-0.000114528
-0.000117962
-0.000118113
-0.000118836
-0.000120187
-0.000121061
-0.000118931
-0.000119273
-0.000120886
-0.000120298
-0.000121148
-0.00012095
-0.000120028
-0.000121689
-0.000122627
-0.000124653
-0.000123636
-0.000123564
-0.000124462
-0.000120076
-0.000121029
-0.000120656
-0.000120958
-0.000120044
-0.000122309
-0.000121935
-0.000124145
-0.000122007
-0.000122817
-0.000122348
-0.000121752
-0.000122849
-0.000118526
-0.00011905
-0.000119178
-0.00011975
-0.000120823
-0.000122086
-0.000120258
-0.000122118
-0.00011917
-0.000117294
-0.000120417
-0.000118176
-0.000120894
-0.000119821
-0.000119193
-0.000119162
-0.000121824
-0.00012056
-0.000118184
-0.000122197
-0.000120521
-0.000120497
-0.000119925
-0.000121125
-0.000119964
-0.00012149
-0.000121649
-0.000118287
-0.000122118
-0.000121403
-0.000121021
-0.000122531
-0.000121244
-0.000121657
-0.000119583
-0.000121005
-0.00012153
-0.000119575
-0.000120838
-0.000120544
-0.000120529
-0.000119313
-0.000119066
-0.000121291
-0.000121689
-0.000122253
-0.000120552
-0.000120091
-0.000121228
-0.000120656
-0.000117095
-0.000119567
-0.000118597
-0.000119694
-0.000117286
-0.000119988
-0.000121196
-0.000120926
-0.000120489
-0.000116603
Field Data
15000
13700
12400
11100
9799.99
8499.98
7199.97
5899.96
4599.95
3299.96
1999.96
1699.98
1399.97
1099.98
799.981
499.977
449.987
399.993
349.991
299.997
249.992
199.995
149.996
99.9937
49.995
-0.00332257
-50.0056
-100.006
-150.008
-200.006
-250.007
-300.005
-350.006
-400.003
-450.007
-500.005
-800.011
-1100.02
-1400.02
-1700.02
-2000.02
-3300.04
-4600.06
-5900.07
-7200.05
-8500.05
-9800.03
-11100
-12400
-13700
-15000
-13700
-12400
-11100
-9799.98
-8499.97
-7199.96
-5899.95
-4599.96
-3299.99
-1999.96
-1699.98
-1399.98
-1099.98
-799.983
-499.979
-449.99
-399.993
-349.995
-299.993
-249.99
-199.993
-149.991
-99.9922
-49.9939
0.00882218
50.0084
100.006
150.008
200.008
250.003
300.005
350.005
400.002
450.004
500.006
800.011
1100.01
1400.02
1700.02
2000.02
3300.04
4600.05
5900.06
7200.07
8500.05
9800.03
11100
12400
13700
15000
Time Data
0
14.601
29.125
43.68
58.235
72.805
87.329
101.884
116.454
133.006
147.545
161.024
174.518
188.043
201.615
215.078
228.619
242.207
256.793
270.302
283.859
297.369
310.878
324.388
337.882
351.376
364.948
378.489
392.046
405.587
419.065
432.622
446.147
460.702
474.211
487.768
501.293
514.803
528.391
541.931
555.441
570.043
585.581
600.12
614.659
630.197
644.798
659.353
673.971
688.541
703.127
717.682
732.237
746.808
762.345
776.9
791.439
806.026
820.612
836.227
850.798
865.384
878.909
892.403
905.929
919.501
932.995
946.551
961.059
974.585
988.11
1001.65
1015.22
1028.75
1042.32
1055.88
1069.4
1082.96
1096.5
1110.06
1123.53
1137.07
1150.6
1165.17
1178.73
1192.25
1205.76
1219.26
1232.8
1246.32
1259.85
1274.39
1290.03
1304.6
1319.16
1333.75
1348.28
1363.88
1378.42
1393.96
1408.53
Temperature Data
0
0
0
0
0
0
0
0
0
0
0
0
0
0
0
0
0
0
0
0
0
0
0
0
0
0
0
0
0
0
0
0
0
0
0
0
0
0
0
0
0
0
0
0
0
0
0
0
0
0
0
0
0
0
0
0
0
0
0
0
0
0
0
0
0
0
0
0
0
0
0
0
0
0
0
0
0
0
0
0
0
0
0
0
0
0
0
0
0
0
0
0
0
0
0
0
0
0
0
0
0
Angle Data
0
0
0
0
0
0
0
0
0
0
0
0
0
0
0
0
0
0
0
0
0
0
0
0
0
0
0
0
0
0
0
0
0
0
0
0
0
0
0
0
0
0
0
0
0
0
0
0
0
0
0
0
0
0
0
0
0
0
0
0
0
0
0
0
0
0
0
0
0
0
0
0
0
0
0
0
0
0
0
0
0
0
0
0
0
0
0
0
0
0
0
0
0
0
0
0
0
0
0
0
0
Bx Data
0
0
0
0
0
0
0
0
0
0
0
0
0
0
0
0
0
0
0
0
0
0
0
0
0
0
0
0
0
0
0
0
0
0
0
0
0
0
0
0
0
0
0
0
0
0
0
0
0
0
0
0
0
0
0
0
0
0
0
0
0
0
0
0
0
0
0
0
0
0
0
0
0
0
0
0
0
0
0
0
0
0
0
0
0
0
0
0
0
0
0
0
0
0
0
0
0
0
0
0
0
Hint Data
0
0
0
0
0
0
0
0
0
0
0
0
0
0
0
0
0
0
0
0
0
0
0
0
0
0
0
0
0
0
0
0
0
0
0
0
0
0
0
0
0
0
0
0
0
0
0
0
0
0
0
0
0
0
0
0
0
0
0
0
0
0
0
0
0
0
0
0
0
0
0
0
0
0
0
0
0
0
0
0
0
0
0
0
0
0
0
0
0
0
0
0
0
0
0
0
0
0
0
0
0
Torque Data
-1.780635
-1.5854736
-1.4697224
-1.2799077
-1.13257504431
-0.99658865508
-0.84130929453
-0.68335696704
-0.54137271545
-0.37793781888
-0.23591928152
-0.20078973774
-0.16636683492
-0.13220329626
-0.096846499841
-0.059462764587
-0.053671299451
-0.048353553798
-0.042103217318
-0.036344036556
-0.0302365324
-0.02400499986
-0.018252863244
-0.0122619274499
-0.006232026735
4.1078926452E-07
0.0061788919584
0.012446946772
0.018012360608
0.024206526174
0.030164844592
0.03628800479
0.042016120264
0.048923966927
0.054871603545
0.062073120725
0.097606942077
0.13510115634
0.17128964696
0.20698083504
0.24570045698
0.39114054104
0.547637143
0.70315854246
0.8622059875
1.02700154115
1.19644646258
1.3348638
1.5142632
1.632629
1.75941
1.6497129
1.4653824
1.3419234
1.17424340358
1.01313692421
0.85796163352
0.7187555088
0.5545711776
0.39000601816
0.24438911212
0.20488328958
0.16869339006
0.1319151015
0.096897940875
0.059979480756
0.0546692851
0.048658748457
0.041399858565
0.036634545174
0.03034953597
0.024203352853
0.018378547221
0.0121234542968
0.0060821078923
-1.05498275094E-06
-0.006051266442
-0.01215372918
-0.0179372066
-0.024168566704
-0.030136361632
-0.036159302645
-0.041760146565
-0.047626638132
-0.054581435164
-0.060845230134
-0.097803744783
-0.13260840552
-0.16812980182
-0.20609002456
-0.24131441312
-0.3864181838
-0.55001417835
-0.69972941582
-0.86180517858
-0.9969368643
-1.17588599964
-1.3452756
-1.4994824
-1.6506993
-1.749045
dMdH Data
-3.24876923076923E-08
-1.91576923076924E-08
-0.00000001481
-9.41915831416684E-09
-9.98453858047246E-09
-9.46915792955437E-09
-5.89764694117733E-09
-1.09976077107099E-08
-2.49694228417145E-09
-7.4253846153846E-09
-6.1370758050538E-09
-7.10976300789965E-09
1.09170305676858E-08
-6.09668698895685E-09
1.11498513353154E-08
4.58891778355675E-08
1.72820738488629E-08
7.41770329186824E-08
6.23274792975169E-08
1.14968503149685E-07
7.81646898813919E-08
1.48582971659433E-07
1.79051763618874E-07
1.74404534517898E-07
2.35847912367272E-07
2.41808985939223E-07
2.71577827377381E-07
2.70029198832048E-07
2.33529341173646E-07
2.33775324493511E-07
1.13504540181605E-07
8.29783404331904E-08
4.29625777546651E-08
1.01471882249422E-07
5.71542861714468E-07
8.09983800324026E-09
-2.16660166861675E-09
8.33333333333444E-10
-2.50000000000033E-09
-9.83333333333348E-09
-3.0768757403733E-10
-8.75371148136171E-09
-5.84610887608571E-09
-9.04013907906264E-09
3.72307692307717E-10
-1.83564362528655E-08
-9.92022892835987E-09
-9.77692307692314E-09
-2.00938461538461E-08
-2.56861538461539E-08
-2.83746153846154E-08
-1.93646153846155E-08
-9.11153846153839E-09
-1.11729050322303E-08
-1.10422227521326E-08
-6.04072276367101E-09
-7.13994507734556E-09
-3.3692566865899E-09
-6.78477195627599E-09
-3.86144935116874E-09
6.50043336222385E-09
-5.10000000000007E-09
-3.9333333333331E-09
9.40009400093984E-09
8.9665471127054E-09
5.00110024205305E-08
1.06206372382345E-07
-6.00024000960812E-10
8.73965041398314E-08
1.7262964222147E-07
8.78452707162426E-08
1.48734050637972E-07
2.07524980599536E-07
2.00906830832248E-07
2.23747818363276E-07
2.68882270334339E-07
2.60092484439252E-07
2.9876804927803E-07
0.00000027186
2.49484948494848E-07
1.28054877804887E-07
9.92400000000013E-08
7.22843370602232E-08
4.66581336746526E-08
6.3817447302108E-07
1.0483158614023E-08
9.34669782232615E-09
-1.49995000166674E-09
-7.93999999999997E-09
-1.79333333333338E-09
-9.84907924493465E-09
-3.45381958600336E-10
-7.92532365135655E-09
-2.87305482265516E-09
-1.1177864274835E-08
-8.23012661733254E-09
-1.1244874881728E-08
-1.13438461538462E-08
-2.03553846153846E-08
-3.19307692307692E-08
-3.19307692307692E-08
dMdT Data
0
0
0
0
0
0
0
0
0
0
0
0
0
0
0
0
0
0
0
0
0
0
0
0
0
0
0
0
0
0
0
0
0
0
0
0
0
0
0
0
0
0
0
0
0
0
0
0
0
0
0
0
0
0
0
0
0
0
0
0
0
0
0
0
0
0
0
0
0
0
0
0
0
0
0
0
0
0
0
0
0
0
0
0
0
0
0
0
0
0
0
0
0
0
0
0
0
0
0
0
0
 
*********************************************** Results ***************************************
 
TotalArea -0.43137319676651
AreaFirstQuad 0
AreaSecondQuad 0
AreaThirdQuad -1.84236507725041E-03
AreaFourthQuad -0.42953083168926
Coercivity 0
PositiveCoercivity 0
NegativeCoercivity 0
Retentivity 1.80158787823632E-05
PositiveRetentivity -9.17840216378802E-04
NegativeRetentivity -9.53871973943528E-04
Magnetization 0.00102843
PositiveMagnetization -0.000831246
NegativeMagnetization -0.00102843
Flatness 51.9461807257123
Squareness 1.75178464089566E-02
SStar 0
SFD1 0
SFD2 0
Slope 0
Intercept 0
SlopeAtHc -3.19307692307692E-08
dH1 0
dH2 7525.0047
InitialSlope -3.24876923076923E-08
FieldAtHalfMs 0
FieldAtMs 1100.01
MomentMean -9.37416821782178E-04
MomentRMS 6.37423906696942E-05
SFD3 0
dH3 0
UserField1 0
UserField2 0
CenterField 0
ExchangeField 0
ExchangeMoment 0
ExRegionOneIntercept 0
ExRegionOneSlope 0
ExRegionTwoIntercept 0
ExRegionTwoSlope 0
NegativeIntercept 0
NegativeSlope 0
AutoCenterOffset 0
PinningField 0
PinningMoment 0
PinRegionOneIntercept 0
PinRegionOneSlope 0
PinRegionTwoIntercept 0
PinRegionTwoSlope 0
PositiveIntercept 0
PositiveSlope 0
TotalOffset 0
BHMax 0
BCoercivity 0
BRetentivity 0
BNegativeCoercivity 0
BPositiveCoercivity 0
BNegativeRetentivity 0
BPositiveRetentivity 0
MomentYMean -0.000120203
MomentYRMS 1.99095830192397E-06
YOffCorrection 0
Mrt 0
Ms1 0
Ms2 0
Ms3 0
Hc2 0
Hex2 0
HsatValue 0
HsatIntercept 0
HsatSlope 0
CenterH 0
Span .000197184
SpanAsPercentOfRange -13.1456
RMSAsPercentOfRange -4.24949271131295
SpanAsPercentOfMean -21.0348262819865
RMSAsPercentOfMean -6.79979163895415
