Version 1.25
******************************************** Units *******************************************
System CGS
TemperatureUnit K
MomentUnit emu
AppliedFieldUnit G
 
******************************************** Setup ********************************************
 
Experiment CustomField
Minor False
Acquisition PointByPoint
EditedPoint No
MaxField 15000
FieldIncrement 750
Points 101
MinField 0
RampRate 10
AverageTime 6
TimeInterval 10
TimeConstant 1
TimeConstantIndex 2
Sensitivity -0.0015
SensitivityIndex 5
SensitivityY -4
SensitivityIndexY 0
SaturationField 8000
ExperimentTime 606
Use735Domains False
AutoRangeEnabled False
NumberOfVertices 11
VertexPts
0
10
15
35
40
50
60
65
85
90
100
VertexField
15000
2000
500
-500
-2000
-15000
-2000
-500
500
2000
15000
StartAngle 0
EndAngle 0
AngleIncrement 0
StartTemp 0
FinishTemp 0
TempIncrement 0
TempPoints 0
LengthofSetPointsArray 101
SetPointArray
15000
13700
12400
11100
9800
8500
7200
5900
4600
3300
2000
1700
1400
1100
800
500
450
400
350
300
250
200
150
100
50
0
-50
-100
-150
-200
-250
-300
-350
-400
-450
-500
-800
-1100
-1400
-1700
-2000
-3300
-4600
-5900
-7200
-8500
-9800
-11100
-12400
-13700
-15000
-13700
-12400
-11100
-9800
-8500
-7200
-5900
-4600
-3300
-2000
-1700
-1400
-1100
-800
-500
-450
-400
-350
-300
-250
-200
-150
-100
-50
0
50
100
150
200
250
300
350
400
450
500
800
1100
1400
1700
2000
3300
4600
5900
7200
8500
9800
11100
12400
13700
15000
FieldDomainFile c:\Ideasvsm\Default UserID\Experiments\Jason_1p5T_cus\fdomain.ini
TempDomainFile c:\Ideasvsm\Default UserID\Experiments\Jason_1p5T_cus\tdomain.ini
NumSelectedResults 0
ResultsSelected 
UserName1 
UserValue1 
UserName2 
UserValue2 
LinearBackgroundCorrection Off
MaxLinearFieldCorrection 
MinLinearFieldCorrection 
AutoLinearCorrection Off
FitOneRegion Off
BackgroundMode Off
BackgroundFilename 
AutoCenter Off
OffsetCorrection 
SmoothDeriv Off
DerivOrder 0
DerivPoints 0
MinExFieldOne 
MaxExFieldOne 
MinExFieldTwo 
MaxExFieldTwo 
MinPinFieldOne 
MaxPinFieldOne 
MinPinFieldTwo 
MaxPinFieldTwo 
HCenterStart 
Mass 
Volume 
Density 
MolarWeight 
NumberOfMoles 
Demagnetization 
SampleArea 
Thickness 
MomentScaling 0
XAxis 0
YAxis 0
SimpleSpinValve False
HsatMax 0
HsatMin 0
FieldAutoRange True
 
*************************************************** Experiment Data ********************************************
 
DataPoints 101
MomentX Data
-0.00106806
-0.00102612
-0.00100206
-0.000983715
-0.000969442
-0.000957679
-0.000942989
-0.000933313
-0.000922765
-0.000909929
-0.000904913
-0.000905305
-0.00090347
-0.000904943
-0.000904242
-0.000908948
-0.000907245
-0.000908209
-0.000913113
-0.00091549
-0.000918935
-0.00092717
-0.000934377
-0.000940455
-0.000953217
-0.000963612
-0.0009771
-0.000987897
-0.0010008
-0.0010141
-0.00102368
-0.0010304
-0.00103639
-0.00103803
-0.00104288
-0.00107137
-0.00107441
-0.00107593
-0.00107459
-0.00106984
-0.00107065
-0.00105832
-0.0010629
-0.00105398
-0.00104792
-0.00102853
-0.00101711
-0.00100716
-0.000987546
-0.000965346
-0.000929202
-0.000966712
-0.000991199
-0.00101297
-0.00101843
-0.00102335
-0.00104462
-0.00105361
-0.00106432
-0.00106547
-0.00107128
-0.00106949
-0.00107047
-0.00107147
-0.00106953
-0.00106768
-0.00106321
-0.00106115
-0.00105705
-0.00105306
-0.00104749
-0.00104167
-0.00103461
-0.00102513
-0.00101281
-0.00100156
-0.000989707
-0.000975611
-0.000961705
-0.000947252
-0.000936076
-0.000929698
-0.000924751
-0.000922862
-0.000917526
-0.00088808
-0.000883589
-0.000883753
-0.000884665
-0.000880317
-0.000881407
-0.000893335
-0.000890323
-0.000903456
-0.000922253
-0.000929039
-0.000937622
-0.000947902
-0.00096715
-0.000994475
-0.00103499
MomentY Data
-0.000115744
-0.000112573
-0.000112287
-0.000112597
-0.000113392
-0.000114791
-0.000114759
-0.000115673
-0.000115077
-0.000114481
-0.000116309
-0.000116364
-0.000115554
-0.000114965
-0.000112581
-0.000114608
-0.00011344
-0.000113567
-0.000114187
-0.000115673
-0.000114838
-0.000112685
-0.000114004
-0.000112788
-0.000112327
-0.000114806
-0.000112836
-0.000113781
-0.000115371
-0.000114393
-0.000112875
-0.000113591
-0.000114584
-0.000113495
-0.000114028
-0.00011541
-0.000115506
-0.000116118
-0.000114107
-0.000114369
-0.000116817
-0.000113042
-0.000114091
-0.000112089
-0.000112279
-0.000113718
-0.00011514
-0.00011042
-0.000114902
-0.000111453
-0.000112367
-0.000114187
-0.00011336
-0.000114075
-0.000115085
-0.000114282
-0.000112621
-0.00011456
-0.000113853
-0.000115879
-0.000117675
-0.000117342
-0.000116309
-0.000115434
-0.000116769
-0.000116515
-0.000118566
-0.000113559
-0.000115728
-0.000114759
-0.000118828
-0.000116714
-0.000117747
-0.000115832
-0.000115744
-0.000116722
-0.000116261
-0.000115863
-0.000116102
-0.000118089
-0.000117238
-0.000116603
-0.000118383
-0.000119877
-0.000116038
-0.000118343
-0.000117127
-0.000117993
-0.000116603
-0.000113877
-0.000118081
-0.00011301
-0.000113146
-0.000113344
-0.000118756
-0.000118574
-0.00011429
-0.000115752
-0.000114934
-0.000116873
-0.000114981
Field Data
15000
13700
12400
11100
9799.99
8499.97
7199.96
5899.96
4599.97
3299.93
1999.96
1699.97
1399.98
1099.98
799.975
499.981
449.988
399.991
349.991
299.991
249.994
199.994
149.994
99.9955
49.9943
-0.00893327
-50.0035
-99.9998
-150.008
-200.007
-250.006
-300.003
-350.003
-400.003
-450.008
-500.003
-800.011
-1100.02
-1400.02
-1700.02
-2000.02
-3300.04
-4600.06
-5900.07
-7200.07
-8500.03
-9800.03
-11100
-12400
-13700
-15000
-13700
-12400
-11100
-9799.97
-8499.97
-7199.95
-5899.98
-4599.97
-3299.98
-1999.96
-1699.98
-1399.98
-1099.98
-799.979
-499.976
-449.991
-399.993
-349.994
-299.994
-249.994
-199.995
-149.993
-99.9939
-49.9907
0.0014483
50.0039
100.008
150.005
200.01
250.006
300.006
350.003
400.006
450.004
500.001
800.014
1100.01
1400.01
1700.01
2000.02
3300.03
4600.05
5900.06
7200.06
8500.04
9800.03
11100
12400
13700
15000
Time Data
0
14.508
28.985
43.509
58.064
72.603
87.205
101.775
116.346
131.915
146.485
159.964
173.536
187.03
201.6
216.155
229.712
243.284
257.823
271.379
284.889
298.399
311.955
325.434
338.959
352.531
366.056
379.566
393.076
406.586
420.111
433.636
447.193
461.763
475.288
488.782
502.339
515.849
529.343
542.852
556.424
570.948
586.548
601.134
615.72
630.26
644.799
659.401
673.987
688.526
703.097
717.683
732.238
746.793
761.347
775.902
790.488
805.106
819.692
836.259
850.861
864.37
877.896
891.421
904.946
918.534
932.122
946.677
961.278
974.804
988.329
1002.88
1016.41
1029.92
1043.46
1056.97
1070.51
1084.05
1097.61
1111.19
1124.72
1138.28
1152.83
1167.39
1180.88
1194.41
1207.95
1221.47
1235.03
1248.57
1262.14
1276.7
1292.3
1306.82
1321.36
1335.91
1350.5
1365.04
1379.63
1394.2
1408.78
Temperature Data
0
0
0
0
0
0
0
0
0
0
0
0
0
0
0
0
0
0
0
0
0
0
0
0
0
0
0
0
0
0
0
0
0
0
0
0
0
0
0
0
0
0
0
0
0
0
0
0
0
0
0
0
0
0
0
0
0
0
0
0
0
0
0
0
0
0
0
0
0
0
0
0
0
0
0
0
0
0
0
0
0
0
0
0
0
0
0
0
0
0
0
0
0
0
0
0
0
0
0
0
0
Angle Data
0
0
0
0
0
0
0
0
0
0
0
0
0
0
0
0
0
0
0
0
0
0
0
0
0
0
0
0
0
0
0
0
0
0
0
0
0
0
0
0
0
0
0
0
0
0
0
0
0
0
0
0
0
0
0
0
0
0
0
0
0
0
0
0
0
0
0
0
0
0
0
0
0
0
0
0
0
0
0
0
0
0
0
0
0
0
0
0
0
0
0
0
0
0
0
0
0
0
0
0
0
Bx Data
0
0
0
0
0
0
0
0
0
0
0
0
0
0
0
0
0
0
0
0
0
0
0
0
0
0
0
0
0
0
0
0
0
0
0
0
0
0
0
0
0
0
0
0
0
0
0
0
0
0
0
0
0
0
0
0
0
0
0
0
0
0
0
0
0
0
0
0
0
0
0
0
0
0
0
0
0
0
0
0
0
0
0
0
0
0
0
0
0
0
0
0
0
0
0
0
0
0
0
0
0
Hint Data
0
0
0
0
0
0
0
0
0
0
0
0
0
0
0
0
0
0
0
0
0
0
0
0
0
0
0
0
0
0
0
0
0
0
0
0
0
0
0
0
0
0
0
0
0
0
0
0
0
0
0
0
0
0
0
0
0
0
0
0
0
0
0
0
0
0
0
0
0
0
0
0
0
0
0
0
0
0
0
0
0
0
0
0
0
0
0
0
0
0
0
0
0
0
0
0
0
0
0
0
0
Torque Data
-1.73616
-1.5422501
-1.3923588
-1.2498267
-1.11124046608
-0.97572005627
-0.82626020964
-0.68246607308
-0.52935074769
-0.37777928633
-0.23261334764
-0.19781530908
-0.16177328892
-0.1264592007
-0.090061985475
-0.057301822448
-0.05104663872
-0.045425777897
-0.039964422317
-0.034700858943
-0.028708810972
-0.02253632389
-0.017099915976
-0.011278292454
-0.0056157097361
1.02559299562E-06
0.005642194926
0.0113780772438
0.017306572968
0.022879400751
0.02821942725
0.034077640773
0.040104743752
0.045398340485
0.051313512224
0.05770534623
0.092406070566
0.12773212236
0.15975208214
0.19442958738
0.23363633634
0.37304312168
0.52482544546
0.66133294623
0.80841665953
0.96660641154
1.1283754542
1.225662
1.4247848
1.5269061
1.685505
1.5643619
1.405664
1.2662325
1.12782954745
0.97139357154
0.81086556895
0.6759017088
0.52372038441
0.38239838242
0.235345293
0.19947905316
0.16283027382
0.12697509132
0.093412747851
0.05825470364
0.053353632906
0.045422805087
0.040504105632
0.034427011446
0.029706287032
0.02334221643
0.017661225771
0.0115824934248
0.0057861235808
-1.690484726E-07
-0.0058135034179
-0.011587226904
-0.01741588051
-0.02361898089
-0.029310203428
-0.034981599618
-0.041434405149
-0.047951519262
-0.052217564152
-0.059171618343
-0.093703239778
-0.12979347993
-0.16324536603
-0.19359203877
-0.23616436162
-0.3729363903
-0.5204772573
-0.66873640064
-0.85505032536
-1.00788374296
-1.1200454287
-1.2848472
-1.4251816
-1.6011601
-1.724715
dMdH Data
-3.22615384615385E-08
-1.85076923076923E-08
-1.41115384615384E-08
-1.09791463142591E-08
-9.04832233350258E-09
-1.12999130775917E-08
-7.44307692307694E-09
-8.11390856852744E-09
-9.873542352543E-09
-3.85855058193646E-09
1.3067102236741E-09
-6.11687056235225E-09
4.90999999999997E-09
-2.33662772287121E-09
1.56869804062749E-08
-3.40647690676702E-08
1.92811568694122E-08
9.80800000000004E-08
4.75400000000004E-08
6.89041342480534E-08
0.0000001647
1.44140000000001E-07
1.21563646909407E-07
2.55233874387015E-07
2.0788655693264E-07
2.69789316764024E-07
2.15955980742573E-07
2.58017685099645E-07
2.66005320106401E-07
1.9160383207664E-07
1.34408064483869E-07
1.19800000000004E-07
3.2799999999996E-08
9.69903009699037E-08
5.69856985698573E-07
1.01330631183167E-08
5.06651467122607E-09
-4.46666666666616E-09
-1.58333333333333E-08
2.69999999999987E-09
-9.48446946970052E-09
3.52302272272744E-09
-6.8614856808795E-09
-4.66153846153847E-09
-1.49158435644173E-08
-8.78461538461526E-09
-7.65402278514128E-09
-1.50876923076923E-08
-1.70769230769231E-08
-2.78030769230769E-08
-2.88538461538462E-08
-1.88361538461538E-08
-1.67469230769231E-08
-4.19990307915979E-09
-3.78461538461526E-09
-1.63612867494347E-08
-6.91554420486623E-09
-8.2383981661679E-09
-8.84622189401541E-10
-4.46916201289209E-09
5.96706447096471E-09
-3.26666666666678E-09
-3.33333333333305E-09
6.46664511118287E-09
6.16660500061618E-09
8.9426828048417E-08
4.12016480659208E-08
8.20016400328038E-08
7.97999999999988E-08
1.11399999999998E-07
1.16402328046564E-07
1.41194352225909E-07
1.89603412861433E-07
2.46384231409188E-07
2.25035338199298E-07
2.37048376569904E-07
2.81896884455475E-07
2.78136688201293E-07
2.89031096890311E-07
2.23537883030642E-07
1.27560000000001E-07
9.89459367562041E-08
3.77777333360006E-08
1.06724268970759E-07
5.8895533732024E-07
1.49693513281088E-08
-5.46673955652676E-10
-3.0399999999998E-09
1.44933333333331E-08
-3.63321222625887E-09
-9.17531403604589E-09
2.31688743250099E-09
-1.01022299828462E-08
-1.44592307692308E-08
-5.22008030892779E-09
-6.60235847968065E-09
-7.9078747971107E-09
-1.48061538461538E-08
-2.10192307692309E-08
-3.11653846153845E-08
-3.11653846153845E-08
dMdT Data
0
0
0
0
0
0
0
0
0
0
0
0
0
0
0
0
0
0
0
0
0
0
0
0
0
0
0
0
0
0
0
0
0
0
0
0
0
0
0
0
0
0
0
0
0
0
0
0
0
0
0
0
0
0
0
0
0
0
0
0
0
0
0
0
0
0
0
0
0
0
0
0
0
0
0
0
0
0
0
0
0
0
0
0
0
0
0
0
0
0
0
0
0
0
0
0
0
0
0
0
0
 
*********************************************** Results ***************************************
 
TotalArea -0.375667450004177
AreaFirstQuad 0
AreaSecondQuad 0
AreaThirdQuad 0.024616607090647
AreaFourthQuad -0.400284057094824
Coercivity 0
PositiveCoercivity 0
NegativeCoercivity 0
Retentivity 1.89750915127114E-05
PositiveRetentivity -9.63610142893258E-04
NegativeRetentivity -1.00156032591868E-03
Magnetization 0.00107593
PositiveMagnetization -0.000880317
NegativeMagnetization -0.00107593
Flatness 51.7828983195013
Squareness 0.017635990736118
SStar 0
SFD1 0
SFD2 0
Slope 0
Intercept 0
SlopeAtHc -3.11653846153845E-08
dH1 0
dH2 7550.0025
InitialSlope -3.22615384615385E-08
FieldAtHalfMs 0
FieldAtMs 1700.01
MomentMean -9.84769128712871E-04
MomentRMS 6.36760451067218E-05
SFD3 0
dH3 0
UserField1 0
UserField2 0
CenterField 0
ExchangeField 0
ExchangeMoment 0
ExRegionOneIntercept 0
ExRegionOneSlope 0
ExRegionTwoIntercept 0
ExRegionTwoSlope 0
NegativeIntercept 0
NegativeSlope 0
AutoCenterOffset 0
PinningField 0
PinningMoment 0
PinRegionOneIntercept 0
PinRegionOneSlope 0
PinRegionTwoIntercept 0
PinRegionTwoSlope 0
PositiveIntercept 0
PositiveSlope 0
TotalOffset 0
BHMax 0
BCoercivity 0
BRetentivity 0
BNegativeCoercivity 0
BPositiveCoercivity 0
BNegativeRetentivity 0
BPositiveRetentivity 0
MomentYMean -1.15040940594059E-04
MomentYRMS 1.88712713838672E-06
YOffCorrection 0
Mrt 0
Ms1 0
Ms2 0
Ms3 0
Hc2 0
Hex2 0
HsatValue 0
HsatIntercept 0
HsatSlope 0
CenterH 0
Span .000195613
SpanAsPercentOfRange -13.0408666666667
RMSAsPercentOfRange -4.24506967378145
SpanAsPercentOfMean -19.8638436458374
RMSAsPercentOfMean -6.46608867501245
