Version 1.25
******************************************** Units *******************************************
System CGS
TemperatureUnit K
MomentUnit emu
AppliedFieldUnit G
 
******************************************** Setup ********************************************
 
Experiment CustomField
Minor False
Acquisition PointByPoint
EditedPoint No
MaxField 15000
FieldIncrement 750
Points 101
MinField 0
RampRate 10
AverageTime 6
TimeInterval 10
TimeConstant 1
TimeConstantIndex 2
Sensitivity -0.0015
SensitivityIndex 5
SensitivityY -4
SensitivityIndexY 0
SaturationField 8000
ExperimentTime 606
Use735Domains False
AutoRangeEnabled False
NumberOfVertices 11
VertexPts
0
10
15
35
40
50
60
65
85
90
100
VertexField
15000
2000
500
-500
-2000
-15000
-2000
-500
500
2000
15000
StartAngle 0
EndAngle 0
AngleIncrement 0
StartTemp 0
FinishTemp 0
TempIncrement 0
TempPoints 0
LengthofSetPointsArray 101
SetPointArray
15000
13700
12400
11100
9800
8500
7200
5900
4600
3300
2000
1700
1400
1100
800
500
450
400
350
300
250
200
150
100
50
0
-50
-100
-150
-200
-250
-300
-350
-400
-450
-500
-800
-1100
-1400
-1700
-2000
-3300
-4600
-5900
-7200
-8500
-9800
-11100
-12400
-13700
-15000
-13700
-12400
-11100
-9800
-8500
-7200
-5900
-4600
-3300
-2000
-1700
-1400
-1100
-800
-500
-450
-400
-350
-300
-250
-200
-150
-100
-50
0
50
100
150
200
250
300
350
400
450
500
800
1100
1400
1700
2000
3300
4600
5900
7200
8500
9800
11100
12400
13700
15000
FieldDomainFile c:\Ideasvsm\Default UserID\Experiments\Jason_1p5T_cus\fdomain.ini
TempDomainFile c:\Ideasvsm\Default UserID\Experiments\Jason_1p5T_cus\tdomain.ini
NumSelectedResults 0
ResultsSelected 
UserName1 
UserValue1 
UserName2 
UserValue2 
LinearBackgroundCorrection Off
MaxLinearFieldCorrection 
MinLinearFieldCorrection 
AutoLinearCorrection Off
FitOneRegion Off
BackgroundMode Off
BackgroundFilename 
AutoCenter Off
OffsetCorrection 
SmoothDeriv Off
DerivOrder 0
DerivPoints 0
MinExFieldOne 
MaxExFieldOne 
MinExFieldTwo 
MaxExFieldTwo 
MinPinFieldOne 
MaxPinFieldOne 
MinPinFieldTwo 
MaxPinFieldTwo 
HCenterStart 
Mass 
Volume 
Density 
MolarWeight 
NumberOfMoles 
Demagnetization 
SampleArea 
Thickness 
MomentScaling 0
XAxis 0
YAxis 0
SimpleSpinValve False
HsatMax 0
HsatMin 0
FieldAutoRange True
 
*************************************************** Experiment Data ********************************************
 
DataPoints 101
MomentX Data
-0.000974294
-0.000932955
-0.000910875
-0.000888959
-0.000873229
-0.000858794
-0.000847765
-0.000849918
-0.000829505
-0.000828133
-0.000814958
-0.00081607
-0.000814641
-0.000814205
-0.000815711
-0.000817998
-0.000820736
-0.000820951
-0.000822423
-0.000827739
-0.000832103
-0.000838608
-0.000845376
-0.000854902
-0.000865261
-0.000876241
-0.000887445
-0.000900918
-0.00091531
-0.000927495
-0.000936284
-0.000944805
-0.00095057
-0.000954054
-0.000957227
-0.000985966
-0.000987005
-0.000986673
-0.000987068
-0.000985003
-0.000983803
-0.000977703
-0.00097514
-0.000964521
-0.000953717
-0.000950589
-0.000941627
-0.000927482
-0.000903988
-0.000879383
-0.000846823
-0.00088375
-0.00090557
-0.000919273
-0.000932179
-0.000948781
-0.000954937
-0.00096234
-0.000968998
-0.000977774
-0.000988065
-0.000986756
-0.000983853
-0.000987713
-0.000982882
-0.000981262
-0.000977719
-0.000973996
-0.000972876
-0.000967715
-0.000962359
-0.000956037
-0.000947345
-0.000939022
-0.000927631
-0.000917251
-0.000901916
-0.000889418
-0.000875736
-0.000861227
-0.000852098
-0.000842926
-0.000838264
-0.000834228
-0.000830928
-0.000798832
-0.000797226
-0.000794877
-0.00079457
-0.000796697
-0.000797936
-0.000803377
-0.000814656
-0.000826113
-0.000820084
-0.00084017
-0.000851033
-0.00086283
-0.000882524
-0.000908201
-0.000949081
MomentY Data
-0.000119241
-0.000115824
-0.000117095
-0.000117183
-0.000119479
-0.000118264
-0.000117811
-0.000120727
-0.000119122
-0.000119559
-0.00012308
-0.000123016
-0.000123739
-0.000123644
-0.000126529
-0.000125114
-0.000126672
-0.000126187
-0.000123405
-0.00012157
-0.000121546
-0.000121721
-0.000123541
-0.000123358
-0.000120989
-0.000122293
-0.000121117
-0.000121061
-0.00012006
-0.00012269
-0.000120823
-0.000122142
-0.000122317
-0.00012211
-0.000123016
-0.000121951
-0.00012114
-0.000122404
-0.000122635
-0.000123692
-0.00012273
-0.000119909
-0.000120052
-0.000121355
-0.00012037
-0.000120759
-0.000120672
-0.000121331
-0.000120632
-0.000120974
-0.00012087
-0.000121816
-0.000123223
-0.000117135
-0.000120505
-0.000119106
-0.000120155
-0.000118478
-0.000120934
-0.000119813
-0.000120687
-0.000120831
-0.000123374
-0.000122476
-0.000122484
-0.000124168
-0.000124439
-0.000123962
-0.000121824
-0.000121339
-0.000120703
-0.000121649
-0.000123541
-0.000122968
-0.000121586
-0.000121244
-0.00012184
-0.000123262
-0.000122285
-0.000120664
-0.000121466
-0.000122317
-0.000122007
-0.000121991
-0.000123175
-0.000121435
-0.000122746
-0.000123819
-0.000123843
-0.000125043
-0.000122643
-0.000121967
-0.000121395
-0.000122301
-0.000123763
-0.000121697
-0.000121013
-0.000121578
-0.00012335
-0.000122619
-0.000124041
Field Data
15000
13700
12400
11100
9799.97
8499.96
7199.96
5899.95
4599.96
3299.94
1999.96
1699.97
1399.98
1099.98
799.979
499.976
449.99
399.992
349.99
299.992
249.996
199.992
149.993
99.9913
49.9974
-0.00180329
-50.0051
-100.007
-150.009
-200.004
-250.006
-300.001
-350.007
-400.006
-450
-500.003
-800.014
-1100.02
-1400.02
-1700.02
-2000.02
-3300.05
-4600.05
-5900.07
-7200.05
-8500.03
-9800.03
-11100
-12400
-13700
-15000
-13700
-12400
-11100
-9799.99
-8499.97
-7199.96
-5899.97
-4599.97
-3300
-1999.96
-1699.98
-1399.98
-1099.98
-799.981
-499.979
-449.99
-399.992
-349.994
-299.993
-249.996
-199.992
-149.99
-99.9919
-49.9971
0.00771499
50.0075
100.003
150.008
200.006
250.003
300.009
350.005
400.002
450.002
500.003
800.014
1100.02
1400.01
1700.02
2000.02
3300.03
4600.06
5900.06
7200.07
8500.04
9800.03
11100
12400
13700
15000
Time Data
0
14.555
29.095
43.649
58.251
72.759
87.314
101.9
116.471
132.055
146.595
160.135
173.645
187.186
200.711
214.205
227.777
241.303
255.904
269.414
282.971
296.543
310.052
323.546
337.072
350.566
364.122
377.585
391.142
404.698
418.239
431.78
445.321
459.923
473.463
487.004
500.576
514.071
527.596
541.199
554.756
569.357
585.94
600.526
615.066
629.62
644.191
658.73
673.316
688.916
703.44
718.026
732.566
747.12
761.691
776.23
790.832
805.387
820.004
835.589
850.143
863.684
877.241
890.782
904.291
917.801
931.358
944.93
959.485
973.025
986.566
1000.11
1013.66
1027.22
1040.75
1054.24
1067.83
1081.37
1094.89
1108.39
1121.99
1135.58
1149.12
1163.67
1177.25
1190.8
1204.33
1217.84
1231.43
1245
1258.52
1273.09
1288.74
1303.34
1317.9
1332.42
1347.01
1361.56
1376.16
1390.77
1405.32
Temperature Data
0
0
0
0
0
0
0
0
0
0
0
0
0
0
0
0
0
0
0
0
0
0
0
0
0
0
0
0
0
0
0
0
0
0
0
0
0
0
0
0
0
0
0
0
0
0
0
0
0
0
0
0
0
0
0
0
0
0
0
0
0
0
0
0
0
0
0
0
0
0
0
0
0
0
0
0
0
0
0
0
0
0
0
0
0
0
0
0
0
0
0
0
0
0
0
0
0
0
0
0
0
Angle Data
0
0
0
0
0
0
0
0
0
0
0
0
0
0
0
0
0
0
0
0
0
0
0
0
0
0
0
0
0
0
0
0
0
0
0
0
0
0
0
0
0
0
0
0
0
0
0
0
0
0
0
0
0
0
0
0
0
0
0
0
0
0
0
0
0
0
0
0
0
0
0
0
0
0
0
0
0
0
0
0
0
0
0
0
0
0
0
0
0
0
0
0
0
0
0
0
0
0
0
0
0
Bx Data
0
0
0
0
0
0
0
0
0
0
0
0
0
0
0
0
0
0
0
0
0
0
0
0
0
0
0
0
0
0
0
0
0
0
0
0
0
0
0
0
0
0
0
0
0
0
0
0
0
0
0
0
0
0
0
0
0
0
0
0
0
0
0
0
0
0
0
0
0
0
0
0
0
0
0
0
0
0
0
0
0
0
0
0
0
0
0
0
0
0
0
0
0
0
0
0
0
0
0
0
0
Hint Data
0
0
0
0
0
0
0
0
0
0
0
0
0
0
0
0
0
0
0
0
0
0
0
0
0
0
0
0
0
0
0
0
0
0
0
0
0
0
0
0
0
0
0
0
0
0
0
0
0
0
0
0
0
0
0
0
0
0
0
0
0
0
0
0
0
0
0
0
0
0
0
0
0
0
0
0
0
0
0
0
0
0
0
0
0
0
0
0
0
0
0
0
0
0
0
0
0
0
0
0
0
Torque Data
-1.788615
-1.5867888
-1.451978
-1.3007313
-1.17089061563
-1.00523926944
-0.84823448756
-0.71228326365
-0.54795643512
-0.39453752646
-0.2461550768
-0.20912350952
-0.17323212522
-0.13600592712
-0.101220542891
-0.062553997264
-0.05700113328
-0.050473790504
-0.04319051595
-0.03647002744
-0.030386013816
-0.024343226232
-0.018530285213
-0.0123347267854
-0.0060491354286
2.2052974397E-07
0.0060564676967
0.012106947427
0.01801008054
0.02453849076
0.030206474938
0.036642722142
0.042811806219
0.04884473266
0.0553572
0.060975865853
0.09691369596
0.13464684808
0.1716914527
0.21027887384
0.2454624546
0.39570569545
0.5522452026
0.71600299485
0.8666700185
1.02645512277
1.18258922016
1.3467741
1.4958368
1.6573438
1.81305
1.6688792
1.5279652
1.3001985
1.18094779495
1.01239742682
0.8651111938
0.69901664566
0.55629277198
0.3953829
0.24136917252
0.20541028338
0.17272113252
0.13472115048
0.097984872804
0.062081392472
0.05599630561
0.049583808304
0.042637669056
0.036400850627
0.030175267188
0.024328826808
0.01852991459
0.0122958039592
0.0060789474006
-9.3539624756E-07
-0.0060929138
-0.012326569786
-0.01834372828
-0.024133523984
-0.030366864398
-0.036696200853
-0.042703060035
-0.048796643982
-0.05542899635
-0.060717864305
-0.098198518444
-0.13620337638
-0.17338143843
-0.21257560086
-0.24528845286
-0.40249475901
-0.5584242837
-0.72158323806
-0.89110226341
-1.03442936788
-1.18593103039
-1.3495158
-1.52954
-1.6798803
-1.860615
dMdH Data
-3.17992307692308E-08
-1.69846153846153E-08
-1.68584615384615E-08
-1.20997207756744E-08
-1.1103760740302E-08
-8.48384615384613E-09
1.65614110660684E-09
-1.5702428480219E-08
-1.05536837894804E-09
-1.01347713041739E-08
3.70679022634105E-09
-4.76349211640407E-09
-1.45333333333309E-09
5.01998326672234E-09
7.62325710076237E-09
5.47753370943856E-08
4.30017200688076E-09
2.94388224471016E-08
1.06324252970119E-07
8.72869829586383E-08
1.30089592832573E-07
1.35362707254145E-07
1.90513522540235E-07
2.07205279044042E-07
2.19603499206078E-07
2.24065226438547E-07
2.69449760909085E-07
2.87828486860526E-07
2.43724372437243E-07
1.75772969081238E-07
1.70437043704369E-07
1.15286165660121E-07
6.96813936278725E-08
6.34676161139332E-08
5.74745515269085E-07
3.46320634910049E-09
-1.10664453377607E-09
1.3166666666668E-09
-6.88333333333365E-09
-3.99999999999937E-09
-4.69219941078298E-09
-1.9715384615384E-09
-8.16833587175583E-09
-8.31089709072447E-09
-2.40619086447486E-09
-6.89384615384611E-09
-1.08810203312384E-08
-1.80723076923077E-08
-1.89269230769231E-08
-2.50461538461538E-08
-2.84053846153846E-08
-1.67846153846154E-08
-1.05407692307692E-08
-9.92761594141586E-09
-1.27705727604191E-08
-4.73534818962931E-09
-5.69465918968608E-09
-5.12153846153845E-09
-6.75092502134669E-09
-7.91591027968366E-09
4.36362424161578E-09
9.67666666666688E-09
-1.28666666666669E-08
1.61033870112902E-08
5.39996400023973E-09
7.0875592630382E-08
7.44629785191401E-08
2.24008960358407E-08
1.03217935641288E-07
1.07126427585655E-07
1.26429885609151E-07
1.73833046678131E-07
1.66466325720379E-07
2.27843695744356E-07
2.07580010086546E-07
3.0670131875433E-07
2.49982498424858E-07
2.73612638736126E-07
2.90191607664307E-07
1.82590955457327E-07
1.83417989841219E-07
9.32474597967839E-08
8.07248434906097E-08
6.60000000000005E-08
6.41907161856763E-07
5.35313705164152E-09
7.82984340313162E-09
1.02336744558173E-09
-7.08976367454414E-09
-4.12999999999998E-09
-4.18535242036601E-09
-8.67595363183926E-09
-8.81307692307691E-09
4.63765663341048E-09
-1.54511257952106E-08
-8.35621812475477E-09
-9.07482480364934E-09
-1.51492307692308E-08
-1.97515384615385E-08
-3.14461538461538E-08
-3.14461538461538E-08
dMdT Data
0
0
0
0
0
0
0
0
0
0
0
0
0
0
0
0
0
0
0
0
0
0
0
0
0
0
0
0
0
0
0
0
0
0
0
0
0
0
0
0
0
0
0
0
0
0
0
0
0
0
0
0
0
0
0
0
0
0
0
0
0
0
0
0
0
0
0
0
0
0
0
0
0
0
0
0
0
0
0
0
0
0
0
0
0
0
0
0
0
0
0
0
0
0
0
0
0
0
0
0
0
 
*********************************************** Results ***************************************
 
TotalArea -0.331475955396083
AreaFirstQuad 0
AreaSecondQuad 0
AreaThirdQuad -1.16778291068846E-02
AreaFourthQuad -0.319798126289199
Coercivity 0
PositiveCoercivity 0
NegativeCoercivity 0
Retentivity 2.0505998743248E-05
PositiveRetentivity -8.76240603991206E-04
NegativeRetentivity -9.17252601477702E-04
Magnetization 0.000988065
PositiveMagnetization -0.00079457
NegativeMagnetization -0.000988065
Flatness 43.7309401001365
Squareness 2.07536940821181E-02
SStar 0
SFD1 0
SFD2 0
Slope 0
Intercept 0
SlopeAtHc -3.14461538461538E-08
dH1 0
dH2 7474.99945
InitialSlope -3.17992307692308E-08
FieldAtHalfMs 0
FieldAtMs 1400.01
MomentMean -8.97762188118812E-04
MomentRMS 6.42076235826732E-05
SFD3 0
dH3 0
UserField1 0
UserField2 0
CenterField 0
ExchangeField 0
ExchangeMoment 0
ExRegionOneIntercept 0
ExRegionOneSlope 0
ExRegionTwoIntercept 0
ExRegionTwoSlope 0
NegativeIntercept 0
NegativeSlope 0
AutoCenterOffset 0
PinningField 0
PinningMoment 0
PinRegionOneIntercept 0
PinRegionOneSlope 0
PinRegionTwoIntercept 0
PinRegionTwoSlope 0
PositiveIntercept 0
PositiveSlope 0
TotalOffset 0
BHMax 0
BCoercivity 0
BRetentivity 0
BNegativeCoercivity 0
BPositiveCoercivity 0
BNegativeRetentivity 0
BPositiveRetentivity 0
MomentYMean -1.21764564356436E-04
MomentYRMS 1.93969138481276E-06
YOffCorrection 0
Mrt 0
Ms1 0
Ms2 0
Ms3 0
Hc2 0
Hex2 0
HsatValue 0
HsatIntercept 0
HsatSlope 0
CenterH 0
Span .000193495
SpanAsPercentOfRange -12.8996666666667
RMSAsPercentOfRange -4.28050823884488
SpanAsPercentOfMean -21.5530351534913
RMSAsPercentOfMean -7.15196345228296
