Version 1.25
******************************************** Units *******************************************
System CGS
TemperatureUnit K
MomentUnit emu
AppliedFieldUnit G
 
******************************************** Setup ********************************************
 
Experiment Hysteresis
Minor False
Acquisition PointByPoint
EditedPoint No
MaxField 500
FieldIncrement 16.6666666666667
Points 121
MinField 0
RampRate 500
AverageTime 3
TimeInterval 0
TimeConstant 0.3
TimeConstantIndex 1
Sensitivity -0.0013
SensitivityIndex 5
SensitivityY -4
SensitivityIndexY 0
SaturationField 8000
ExperimentTime 363
Use735Domains False
AutoRangeEnabled False
NumberOfVertices 3
VertexPts
0
60
120
VertexField
500
-500
500
StartAngle 0
EndAngle 0
AngleIncrement 0
StartTemp 0
FinishTemp 0
TempIncrement 0
TempPoints 0
LengthofSetPointsArray 121
SetPointArray
500
483.333333333333
466.666666666667
450
433.333333333333
416.666666666667
400
383.333333333333
366.666666666667
350
333.333333333333
316.666666666666
300
283.333333333333
266.666666666666
250
233.333333333333
216.666666666666
200
183.333333333333
166.666666666666
150
133.333333333333
116.666666666666
99.9999999999998
83.3333333333331
66.6666666666665
49.9999999999998
33.3333333333331
16.6666666666664
-2.20268248085631E-13
-16.6666666666669
-33.3333333333336
-50.0000000000002
-66.6666666666669
-83.3333333333336
-100
-116.666666666667
-133.333333333334
-150
-166.666666666667
-183.333333333334
-200
-216.666666666667
-233.333333333334
-250
-266.666666666667
-283.333333333334
-300
-316.666666666667
-333.333333333334
-350
-366.666666666667
-383.333333333334
-400
-416.666666666667
-433.333333333334
-450
-466.666666666667
-483.333333333334
-500
-483.333333333333
-466.666666666667
-450
-433.333333333333
-416.666666666667
-400
-383.333333333333
-366.666666666667
-350
-333.333333333333
-316.666666666666
-300
-283.333333333333
-266.666666666666
-250
-233.333333333333
-216.666666666666
-200
-183.333333333333
-166.666666666666
-150
-133.333333333333
-116.666666666666
-99.9999999999998
-83.3333333333331
-66.6666666666665
-49.9999999999998
-33.3333333333331
-16.6666666666664
2.20268248085631E-13
16.6666666666669
33.3333333333336
50.0000000000002
66.6666666666669
83.3333333333336
100
116.666666666667
133.333333333334
150
166.666666666667
183.333333333334
200
216.666666666667
233.333333333334
250
266.666666666667
283.333333333334
300
316.666666666667
333.333333333334
350
366.666666666667
383.333333333334
400
416.666666666667
433.333333333334
450
466.666666666667
483.333333333334
500
FieldDomainFile c:\Ideasvsm\Default UserID\Experiments\Jason_500G\fdomain.ini
TempDomainFile c:\Ideasvsm\Default UserID\Experiments\Jason_500G\tdomain.ini
NumSelectedResults 0
ResultsSelected 
UserName1 
UserValue1 
UserName2 
UserValue2 
LinearBackgroundCorrection Off
MaxLinearFieldCorrection 
MinLinearFieldCorrection 
AutoLinearCorrection Off
FitOneRegion Off
BackgroundMode Off
BackgroundFilename 
AutoCenter Off
OffsetCorrection 
SmoothDeriv Off
DerivOrder 0
DerivPoints 0
MinExFieldOne 
MaxExFieldOne 
MinExFieldTwo 
MaxExFieldTwo 
MinPinFieldOne 
MaxPinFieldOne 
MinPinFieldTwo 
MaxPinFieldTwo 
HCenterStart 
Mass 
Volume 
Density 
MolarWeight 
NumberOfMoles 
Demagnetization 
SampleArea 
Thickness 
MomentScaling 0
XAxis 0
YAxis 0
SimpleSpinValve False
HsatMax 0
HsatMin 0
FieldAutoRange False
 
*************************************************** Experiment Data ********************************************
 
DataPoints 121
MomentX Data
0.000181397
0.000180579
0.000181699
0.000181145
0.000184101
0.000182139
0.000182381
0.000183741
0.000183482
0.000185442
0.000183204
0.00018542
0.000184398
0.000185509
0.000186069
0.000187063
0.000186448
0.000186245
0.000187369
0.000186923
0.000187882
0.000187885
0.000188473
0.000187348
0.000189821
0.000189855
0.000188276
0.000191042
0.000191808
0.0001907
0.00019286
0.000191433
0.000194361
0.000192763
0.000194034
0.000192592
0.000194078
0.000194255
0.000195488
0.000195152
0.000195985
0.00019606
0.000195892
0.000197964
0.000196662
0.00019763
0.000198225
0.000197617
0.000199395
0.000198907
0.000199388
0.000200457
0.00019945
0.000200863
0.000201143
0.000200942
0.00020231
0.000203007
0.000202567
0.000202848
0.000201935
0.000203701
0.000201529
0.000201734
0.000200982
0.000201999
0.000199015
0.000199369
0.000199945
0.000197137
0.000198803
0.000198466
0.000197226
0.000198585
0.000197286
0.000196196
0.000196161
0.000195831
0.000193225
0.000193694
0.000193693
0.000191741
0.000191879
0.000191632
0.000192278
0.00019235
0.000190633
0.000190427
0.000190823
0.000190164
0.000187634
0.000188086
0.00018747
0.000187166
0.000187394
0.000186908
0.000186845
0.000186661
0.000183826
0.000183394
0.000184756
0.000184123
0.000182478
0.000183396
0.0001824
0.000180335
0.000182392
0.000180233
0.000180408
0.000181204
0.000179149
0.000179572
0.000179473
0.000179102
0.000177149
0.000177676
0.000177023
0.000175977
0.000177248
0.000176534
0.000175498
MomentY Data
-0.000117636
-0.000117826
-0.000118192
-0.000117334
-0.000115824
-0.000115728
-0.000114886
-0.000117016
-0.000117524
-0.000114838
-0.000115379
-0.000116571
-0.00011824
-0.00011727
-0.000116762
-0.000116046
-0.000116348
-0.000114616
-0.0001146
-0.000117636
-0.000117413
-0.000118001
-0.00011611
-0.000115951
-0.000118971
-0.000118446
-0.000116841
-0.00011789
-0.000116587
-0.000118653
-0.000118113
-0.000118287
-0.000117699
-0.000118081
-0.000118828
-0.000118732
-0.000117556
-0.00011843
-0.000117604
-0.000117127
-0.000118113
-0.000119034
-0.000118081
-0.000117985
-0.000116968
-0.000117985
-0.000118208
-0.000118637
-0.000117572
-0.000118128
-0.000119162
-0.000117016
-0.000117509
-0.000116952
-0.000116491
-0.000117207
-0.000117477
-0.000116905
-0.000116682
-0.000117238
-0.000117795
-0.000116857
-0.000117636
-0.000117445
-0.000117302
-0.000118272
-0.000117604
-0.000118224
-0.000118494
-0.000119019
-0.000117286
-0.000118033
-0.000117588
-0.000119289
-0.000119257
-0.000116523
-0.000118462
-0.000118764
-0.000119336
-0.000118192
-0.00011665
-0.000115967
-0.000116539
-0.000118399
-0.000119797
-0.000121133
-0.000121244
-0.000120052
-0.00011886
-0.000118446
-0.000119845
-0.000119368
-0.000120942
-0.000122039
-0.000118732
-0.000119448
-0.000119352
-0.000118732
-0.000118494
-0.000120481
-0.000118097
-0.000118876
-0.000120322
-0.000119336
-0.000117922
-0.000118732
-0.000120529
-0.000121625
-0.000119003
-0.000119003
-0.000118542
-0.000120529
-0.000119305
-0.000118081
-0.000119019
-0.000120513
-0.000118621
-0.000116428
-0.000118796
-0.000119638
-0.000117254
Field Data
499.995
483.339
466.66
449.993
433.325
416.663
399.994
383.316
366.664
349.98
333.328
316.667
299.989
283.329
266.654
250.005
233.327
216.669
199.992
183.333
166.66
149.989
133.316
116.671
100.005
83.325
66.6596
49.9936
33.3142
16.6605
-0.00481706
-16.6892
-33.3393
-50.0007
-66.6742
-83.3469
-100.001
-116.683
-133.323
-150.006
-166.669
-183.342
-200.01
-216.677
-233.341
-250.008
-266.676
-283.338
-300.021
-316.68
-333.336
-350.002
-366.675
-383.343
-400.013
-416.667
-433.348
-450.004
-466.662
-483.338
-500.004
-483.337
-466.66
-450.011
-433.337
-416.676
-400.016
-383.338
-366.663
-350.001
-333.343
-316.673
-300.001
-283.329
-266.674
-249.995
-233.34
-216.672
-200.007
-183.339
-166.659
-150.012
-133.343
-116.678
-100.007
-83.3392
-66.6704
-50.0065
-33.3338
-16.6656
-0.000838219
16.6788
33.3345
49.9876
66.6625
83.3487
99.984
116.663
133.332
150.004
166.662
183.326
200.001
216.663
233.329
249.998
266.655
283.326
300.004
316.652
333.339
349.999
366.67
383.315
400.005
416.664
433.33
450.002
466.67
483.332
500.007
Time Data
0
10.39
20.78
31.169
41.59
51.995
62.385
72.79
83.149
93.523
103.928
114.349
124.754
135.222
146.657
157.093
167.467
177.873
188.278
198.683
209.073
219.463
229.868
240.242
251.646
262.051
272.425
282.846
293.251
303.672
314.093
324.514
334.934
345.309
355.698
366.119
376.493
386.93
397.304
407.678
418.099
428.519
438.925
449.33
459.72
470.141
480.561
490.967
501.356
511.777
522.182
532.572
542.993
553.367
563.788
574.209
584.598
595.019
605.425
615.83
626.235
636.609
646.999
657.42
667.825
678.23
688.667
699.088
709.493
719.914
730.319
740.755
751.145
761.55
771.924
782.345
792.735
803.14
813.546
823.966
834.34
844.73
855.12
865.541
875.962
886.382
896.741
907.162
917.567
927.957
938.362
948.736
959.157
969.593
980.014
990.435
1000.83
1011.21
1021.62
1032.01
1042.38
1052.82
1063.19
1073.62
1084.04
1094.43
1104.85
1115.28
1125.69
1136.08
1146.5
1156.92
1167.33
1177.75
1188.17
1198.59
1209.01
1219.38
1229.8
1240.22
1250.6
Temperature Data
0
0
0
0
0
0
0
0
0
0
0
0
0
0
0
0
0
0
0
0
0
0
0
0
0
0
0
0
0
0
0
0
0
0
0
0
0
0
0
0
0
0
0
0
0
0
0
0
0
0
0
0
0
0
0
0
0
0
0
0
0
0
0
0
0
0
0
0
0
0
0
0
0
0
0
0
0
0
0
0
0
0
0
0
0
0
0
0
0
0
0
0
0
0
0
0
0
0
0
0
0
0
0
0
0
0
0
0
0
0
0
0
0
0
0
0
0
0
0
0
0
Angle Data
0
0
0
0
0
0
0
0
0
0
0
0
0
0
0
0
0
0
0
0
0
0
0
0
0
0
0
0
0
0
0
0
0
0
0
0
0
0
0
0
0
0
0
0
0
0
0
0
0
0
0
0
0
0
0
0
0
0
0
0
0
0
0
0
0
0
0
0
0
0
0
0
0
0
0
0
0
0
0
0
0
0
0
0
0
0
0
0
0
0
0
0
0
0
0
0
0
0
0
0
0
0
0
0
0
0
0
0
0
0
0
0
0
0
0
0
0
0
0
0
0
Bx Data
0
0
0
0
0
0
0
0
0
0
0
0
0
0
0
0
0
0
0
0
0
0
0
0
0
0
0
0
0
0
0
0
0
0
0
0
0
0
0
0
0
0
0
0
0
0
0
0
0
0
0
0
0
0
0
0
0
0
0
0
0
0
0
0
0
0
0
0
0
0
0
0
0
0
0
0
0
0
0
0
0
0
0
0
0
0
0
0
0
0
0
0
0
0
0
0
0
0
0
0
0
0
0
0
0
0
0
0
0
0
0
0
0
0
0
0
0
0
0
0
0
Hint Data
0
0
0
0
0
0
0
0
0
0
0
0
0
0
0
0
0
0
0
0
0
0
0
0
0
0
0
0
0
0
0
0
0
0
0
0
0
0
0
0
0
0
0
0
0
0
0
0
0
0
0
0
0
0
0
0
0
0
0
0
0
0
0
0
0
0
0
0
0
0
0
0
0
0
0
0
0
0
0
0
0
0
0
0
0
0
0
0
0
0
0
0
0
0
0
0
0
0
0
0
0
0
0
0
0
0
0
0
0
0
0
0
0
0
0
0
0
0
0
0
0
Torque Data
-0.05881741182
-0.056949901014
-0.05515547872
-0.052799478662
-0.0501894348
-0.048219575664
-0.045953710684
-0.044854105056
-0.043091819936
-0.04019100324
-0.038459051312
-0.036914188857
-0.03547069936
-0.03322599183
-0.031135054348
-0.02901208023
-0.027147129796
-0.024833734104
-0.0229190832
-0.021566560788
-0.01956805058
-0.017698851989
-0.01547932076
-0.013528119121
-0.011897694855
-0.00986951295
-0.0077885743236
-0.005893745504
-0.0038840026354
-0.0019768183065
5.6895740778E-07
0.0019741154004
0.0039240022707
0.0059041326567
0.0079227618376
0.0098959441308
0.011755717556
0.01381876769
0.015679318092
0.017569752762
0.019685775597
0.021823931628
0.02361738081
0.025564635845
0.027293430088
0.02949719388
0.031523236608
0.033614370306
0.035274069012
0.03740877504
0.039720984432
0.040955834032
0.043087612575
0.044832730536
0.046597914383
0.048836289069
0.050908422996
0.05260771762
0.054451055484
0.056665580444
0.05889797118
0.056481311809
0.05489601576
0.052851541895
0.050831296774
0.049281103872
0.047043481664
0.045319751712
0.043447365522
0.041656769019
0.039096467098
0.037377864209
0.035276517588
0.033798033081
0.031802741218
0.029130167385
0.02764192308
0.025732833408
0.023868035352
0.021669203088
0.01944077235
0.017396441604
0.015539659877
0.013814558522
0.011980538579
0.0100951273136
0.0080833859776
0.006003380338
0.003962055468
0.0019739736576
1.00456356055E-07
-0.0019909149984
-0.004031541099
-0.0061004367164
-0.00791497195
-0.0099558355176
-0.011933290368
-0.013851631316
-0.015799042008
-0.018072631924
-0.019682282214
-0.021793061576
-0.024064520322
-0.025855695768
-0.027514622338
-0.029682762536
-0.032139660495
-0.03445952475
-0.035701376012
-0.037682537956
-0.039514671738
-0.042185029471
-0.04374556435
-0.045262218515
-0.047608195095
-0.050213428632
-0.05140203793
-0.052392832856
-0.05543852932
-0.057824873816
-0.058627820778
dMdH Data
4.91114313160425E-08
-6.71503087715102E-08
3.3239335213297E-08
-1.77345812335013E-07
1.17752970831833E-07
-1.45179674845515E-08
-8.15445497061996E-08
1.55536872447745E-08
-1.17477823064013E-07
1.3439827047802E-07
-1.33005221775404E-07
6.12783307350996E-08
-6.66866746698671E-08
-3.35832083958026E-08
-5.97032854826122E-08
3.68749250509658E-08
1.21863368951854E-08
-6.73982131078729E-08
2.67723152650221E-08
-5.751814310562E-08
-1.79953212164419E-10
-3.52665986924978E-08
6.75878642234914E-08
-1.48385935437418E-07
-2.03836930455595E-09
9.47472007872602E-08
-1.65966638665546E-07
-4.59249133661882E-08
6.65317617106103E-08
-1.29610495391319E-07
8.55290846015548E-08
-1.75854799670873E-07
9.59103076572185E-08
-7.62287462140511E-08
8.64886910938234E-08
-8.92272773671352E-08
-1.06102385805056E-08
-7.40985576923081E-08
2.01402625427085E-08
-4.99909980195641E-08
-4.49829064955247E-09
1.00791936645062E-08
-1.24317513649726E-07
7.81325012001909E-08
-5.80788384232304E-08
-3.56971442284628E-08
3.64902172608333E-08
-1.06575555955164E-07
2.92934749984985E-08
-2.88784822286254E-08
-6.41425657026281E-08
6.03970491213338E-08
-8.47732181425482E-08
-1.67966406718667E-08
1.20691725711553E-08
-8.20094718542063E-08
-4.18467819404417E-08
2.6413735142275E-08
-1.68505636843371E-08
5.47821912876505E-08
1.05957880842383E-07
-1.3023925166397E-07
1.23130518349452E-08
-4.51001559313898E-08
6.10407538563108E-08
-1.79111644657863E-07
2.12255666147014E-08
3.45427286356831E-08
-1.68527187612531E-07
1.00012006243246E-07
-2.02159568086379E-08
-7.43761996161232E-08
8.15139155470258E-08
-7.7994596217353E-08
-6.53516397865583E-08
-2.10147102971972E-09
-1.9798416126711E-08
-1.56375637563756E-07
2.81377489800823E-08
-5.99520383702485E-11
-1.17258364870547E-07
8.27884096226554E-09
-1.4821482148214E-08
3.87499250194937E-08
4.31970625997566E-09
-1.03006815127664E-07
-1.23620521006482E-08
2.37514019924788E-08
-3.95363626546371E-08
-1.5181735168183E-07
2.70989091049414E-08
-3.69843356928856E-08
-1.82548594555962E-08
1.36732454167632E-08
-2.91258644868203E-08
-3.78712737371831E-09
-1.10318364410334E-08
-1.70076189333493E-07
-2.59117082533588E-08
8.17625165085847E-08
-3.79860777724431E-08
-9.86506746626695E-08
5.50954267194819E-08
-5.97623904956208E-08
-1.23882656428099E-07
1.23491625142583E-07
-1.29506328354628E-07
1.04928648519018E-08
4.78135511773177E-08
-1.23149757296098E-07
2.53901560624245E-08
-5.93845600143883E-09
-2.22889756683697E-08
-1.17016177351707E-07
3.16345518938714E-08
-3.9181567262691E-08
-6.27399232245674E-08
7.62538996880238E-08
-4.28519985595964E-08
-6.21289355322335E-08
-6.21289355322335E-08
dMdT Data
0
0
0
0
0
0
0
0
0
0
0
0
0
0
0
0
0
0
0
0
0
0
0
0
0
0
0
0
0
0
0
0
0
0
0
0
0
0
0
0
0
0
0
0
0
0
0
0
0
0
0
0
0
0
0
0
0
0
0
0
0
0
0
0
0
0
0
0
0
0
0
0
0
0
0
0
0
0
0
0
0
0
0
0
0
0
0
0
0
0
0
0
0
0
0
0
0
0
0
0
0
0
0
0
0
0
0
0
0
0
0
0
0
0
0
0
0
0
0
0
0
 
*********************************************** Results ***************************************
 
TotalArea 2.83169213861934E-03
AreaFirstQuad 2.03879058399903E-03
AreaSecondQuad 7.92901554620316E-04
AreaThirdQuad 0
AreaFourthQuad 0
Coercivity 0
PositiveCoercivity 0
NegativeCoercivity 0
Retentivity 2.61267647182328E-06
PositiveRetentivity 1.92859375658467E-04
NegativeRetentivity 1.87634022714821E-04
Magnetization 0.000203701
PositiveMagnetization 0.000203701
NegativeMagnetization 0.000175498
Flatness -72.8167843352906
Squareness 1.28260365527085E-02
SStar 0
SFD1 0
SFD2 0
Slope 0
Intercept 0
SlopeAtHc -6.21289355322335E-08
dH1 0
dH2 100.002
InitialSlope 4.91114313160425E-08
FieldAtHalfMs 0
FieldAtMs -483.337
MomentMean 1.90348107438017E-04
MomentRMS 7.59816253204424E-06
SFD3 0
dH3 0
UserField1 0
UserField2 0
CenterField 0
ExchangeField 0
ExchangeMoment 0
ExRegionOneIntercept 0
ExRegionOneSlope 0
ExRegionTwoIntercept 0
ExRegionTwoSlope 0
NegativeIntercept 0
NegativeSlope 0
AutoCenterOffset 0
PinningField 0
PinningMoment 0
PinRegionOneIntercept 0
PinRegionOneSlope 0
PinRegionTwoIntercept 0
PinRegionTwoSlope 0
PositiveIntercept 0
PositiveSlope 0
TotalOffset 0
BHMax 0
BCoercivity 0
BRetentivity 0
BNegativeCoercivity 0
BPositiveCoercivity 0
BNegativeRetentivity 0
BPositiveRetentivity 0
MomentYMean -1.1805794214876E-04
MomentYRMS 1.4269787273439E-06
YOffCorrection 0
Mrt 0
Ms1 0
Ms2 0
Ms3 0
Hc2 0
Hex2 0
HsatValue 0
HsatIntercept 0
HsatSlope 0
CenterH 0
Span .000028203
SpanAsPercentOfRange -2.16946153846154
RMSAsPercentOfRange -.58447404092648
SpanAsPercentOfMean 14.8165381729281
RMSAsPercentOfMean 3.99171950502237
