Version 1.25
******************************************** Units *******************************************
System CGS
TemperatureUnit K
MomentUnit emu
AppliedFieldUnit G
 
******************************************** Setup ********************************************
 
Experiment Hysteresis
Minor False
Acquisition PointByPoint
EditedPoint No
MaxField 500
FieldIncrement 16.6666666666667
Points 121
MinField 0
RampRate 500
AverageTime 3
TimeInterval 0
TimeConstant 0.3
TimeConstantIndex 1
Sensitivity -0.0013
SensitivityIndex 5
SensitivityY -4
SensitivityIndexY 0
SaturationField 8000
ExperimentTime 363
Use735Domains False
AutoRangeEnabled False
NumberOfVertices 3
VertexPts
0
60
120
VertexField
500
-500
500
StartAngle 0
EndAngle 0
AngleIncrement 0
StartTemp 0
FinishTemp 0
TempIncrement 0
TempPoints 0
LengthofSetPointsArray 121
SetPointArray
500
483.333333333333
466.666666666667
450
433.333333333333
416.666666666667
400
383.333333333333
366.666666666667
350
333.333333333333
316.666666666666
300
283.333333333333
266.666666666666
250
233.333333333333
216.666666666666
200
183.333333333333
166.666666666666
150
133.333333333333
116.666666666666
99.9999999999998
83.3333333333331
66.6666666666665
49.9999999999998
33.3333333333331
16.6666666666664
-2.20268248085631E-13
-16.6666666666669
-33.3333333333336
-50.0000000000002
-66.6666666666669
-83.3333333333336
-100
-116.666666666667
-133.333333333334
-150
-166.666666666667
-183.333333333334
-200
-216.666666666667
-233.333333333334
-250
-266.666666666667
-283.333333333334
-300
-316.666666666667
-333.333333333334
-350
-366.666666666667
-383.333333333334
-400
-416.666666666667
-433.333333333334
-450
-466.666666666667
-483.333333333334
-500
-483.333333333333
-466.666666666667
-450
-433.333333333333
-416.666666666667
-400
-383.333333333333
-366.666666666667
-350
-333.333333333333
-316.666666666666
-300
-283.333333333333
-266.666666666666
-250
-233.333333333333
-216.666666666666
-200
-183.333333333333
-166.666666666666
-150
-133.333333333333
-116.666666666666
-99.9999999999998
-83.3333333333331
-66.6666666666665
-49.9999999999998
-33.3333333333331
-16.6666666666664
2.20268248085631E-13
16.6666666666669
33.3333333333336
50.0000000000002
66.6666666666669
83.3333333333336
100
116.666666666667
133.333333333334
150
166.666666666667
183.333333333334
200
216.666666666667
233.333333333334
250
266.666666666667
283.333333333334
300
316.666666666667
333.333333333334
350
366.666666666667
383.333333333334
400
416.666666666667
433.333333333334
450
466.666666666667
483.333333333334
500
FieldDomainFile c:\Ideasvsm\Default UserID\Experiments\Jason_500G\fdomain.ini
TempDomainFile c:\Ideasvsm\Default UserID\Experiments\Jason_500G\tdomain.ini
NumSelectedResults 0
ResultsSelected 
UserName1 
UserValue1 
UserName2 
UserValue2 
LinearBackgroundCorrection Off
MaxLinearFieldCorrection 
MinLinearFieldCorrection 
AutoLinearCorrection Off
FitOneRegion Off
BackgroundMode Off
BackgroundFilename 
AutoCenter Off
OffsetCorrection 
SmoothDeriv Off
DerivOrder 0
DerivPoints 0
MinExFieldOne 
MaxExFieldOne 
MinExFieldTwo 
MaxExFieldTwo 
MinPinFieldOne 
MaxPinFieldOne 
MinPinFieldTwo 
MaxPinFieldTwo 
HCenterStart 
Mass 
Volume 
Density 
MolarWeight 
NumberOfMoles 
Demagnetization 
SampleArea 
Thickness 
MomentScaling 0
XAxis 0
YAxis 0
SimpleSpinValve False
HsatMax 0
HsatMin 0
FieldAutoRange False
 
*************************************************** Experiment Data ********************************************
 
DataPoints 121
MomentX Data
0.00017431
0.000174906
0.000174861
0.000173708
0.000175394
0.000177674
0.000175811
0.000177217
0.0001784
0.000178331
0.000178358
0.000177499
0.000177852
0.000180094
0.000181086
0.000180007
0.000179994
0.000180328
0.000180372
0.000182375
0.000182517
0.000185773
0.000184512
0.000181634
0.000181048
0.000183003
0.00018414
0.000184847
0.000185262
0.000185361
0.000186443
0.00018623
0.000188683
0.00018767
0.000186858
0.000188421
0.000188673
0.000189058
0.000188616
0.000189836
0.000190754
0.000190218
0.000190814
0.000190891
0.000190197
0.000192929
0.000192547
0.000194122
0.000191716
0.000195779
0.000195786
0.000194974
0.000195101
0.000195467
0.000196714
0.000197612
0.00019552
0.000197824
0.000197122
0.000199471
0.000198621
0.000198007
0.00019608
0.000198506
0.000195388
0.000196209
0.000195883
0.000194759
0.000194278
0.000192551
0.000192917
0.000192337
0.00019278
0.000193439
0.000192814
0.000192432
0.000190227
0.00019047
0.00018949
0.000190314
0.000190528
0.000189443
0.000188279
0.000188604
0.000188638
0.000188202
0.000187688
0.000185796
0.000185647
0.000187362
0.000183935
0.000184244
0.000184394
0.000183445
0.000184799
0.00018378
0.000183106
0.000182315
0.000183679
0.000184254
0.000181926
0.000180512
0.000181434
0.000180777
0.000178487
0.000180841
0.000178616
0.000178753
0.000179311
0.000178212
0.000177439
0.000177208
0.000177328
0.000176819
0.000177057
0.000177401
0.00017451
0.000175021
0.000175266
0.000174121
0.000173364
MomentY Data
-0.00011824
-0.000120322
-0.000117922
-0.000117938
-0.000118748
-0.000120513
-0.000118478
-0.00011843
-0.000116571
-0.000117381
-0.000117922
-0.000119209
-0.000119178
-0.000117604
-0.000118796
-0.000116285
-0.00011692
-0.000118192
-0.000117588
-0.000120481
-0.000121276
-0.000119336
-0.000117238
-0.000119003
-0.000118208
-0.000119034
-0.000119162
-0.000120529
-0.000122658
-0.000121276
-0.0001218
-0.000121832
-0.000120481
-0.000120306
-0.000119956
-0.000119464
-0.00011735
-0.000119559
-0.000120783
-0.000118097
-0.000120735
-0.000118605
-0.000118621
-0.000118971
-0.000117493
-0.000116857
-0.000116587
-0.000120354
-0.000120306
-0.000120004
-0.000120862
-0.000120147
-0.000120147
-0.000120481
-0.000121212
-0.000119178
-0.000118732
-0.000119829
-0.000119066
-0.000119845
-0.000118876
-0.00011824
-0.000118955
-0.000119082
-0.000119384
-0.000117604
-0.000120179
-0.000117652
-0.00011789
-0.000119241
-0.000118494
-0.000117366
-0.000118113
-0.000118097
-0.000119479
-0.00011727
-0.000119511
-0.000118589
-0.000118812
-0.000118494
-0.000118287
-0.000120497
-0.000119734
-0.000118701
-0.00011549
-0.000116189
-0.000117938
-0.000117222
-0.000119845
-0.000117842
-0.000119321
-0.000119607
-0.000118812
-0.00011754
-0.000118208
-0.000118605
-0.000119178
-0.000116523
-0.000118605
-0.000118383
-0.000116046
-0.000117842
-0.000118144
-0.000118494
-0.000118383
-0.000117779
-0.000119289
-0.000120052
-0.000119432
-0.000119591
-0.000117779
-0.000117985
-0.000121276
-0.000120258
-0.000121291
-0.00012056
-0.000120703
-0.000119241
-0.000119559
-0.000119877
-0.000120179
Field Data
499.997
483.321
466.675
449.999
433.335
416.669
400.013
383.328
366.67
349.991
333.33
316.656
299.993
283.323
266.663
250.009
233.329
216.66
199.999
183.327
166.663
149.999
133.329
116.664
99.9968
83.3245
66.6821
49.9947
33.3263
16.664
0.00942915
-16.6742
-33.3408
-50.0117
-66.6772
-83.3496
-100.005
-116.667
-133.332
-150.011
-166.679
-183.346
-200.004
-216.663
-233.336
-250.017
-266.662
-283.343
-300.004
-316.663
-333.349
-350.012
-366.663
-383.343
-400.008
-416.671
-433.343
-450.01
-466.679
-483.361
-499.998
-483.346
-466.671
-450.01
-433.324
-416.661
-400
-383.335
-366.67
-349.998
-333.339
-316.668
-300.009
-283.342
-266.672
-249.989
-233.337
-216.676
-199.995
-183.334
-166.673
-150.003
-133.332
-116.674
-100.011
-83.3337
-66.6692
-50.0095
-33.3323
-16.6671
0.00740734
16.6673
33.3326
49.9956
66.6423
83.3123
99.9916
116.664
133.332
149.996
166.671
183.322
200
216.661
233.317
250.003
266.656
283.333
300.005
316.663
333.336
349.999
366.661
383.331
399.992
416.659
433.328
450.006
466.668
483.326
500.002
Time Data
0
10.39
20.78
31.169
41.574
51.949
62.354
72.743
83.133
93.492
103.897
114.271
124.661
135.066
145.456
155.845
166.25
176.656
187.03
197.419
207.856
218.277
228.682
239.041
249.43
259.835
270.21
280.63
291.004
301.379
311.784
322.189
333.64
344.014
354.419
364.84
375.214
385.588
395.993
406.398
416.835
427.225
437.63
448.004
458.409
468.814
479.22
489.641
500.046
510.451
520.841
531.246
541.651
552.057
562.462
572.867
583.241
593.678
604.052
614.473
624.94
635.314
645.735
656.125
666.561
676.982
687.372
697.808
708.198
718.634
729.024
739.414
749.835
760.209
770.645
781.066
791.487
801.908
812.329
822.765
833.186
843.576
853.965
864.371
874.791
885.181
895.618
906.007
916.412
926.818
937.207
947.628
958.018
968.408
978.828
989.187
999.577
1009.98
1020.37
1030.78
1041.17
1051.59
1062.01
1072.43
1082.82
1093.21
1103.6
1114.04
1124.42
1134.85
1145.24
1155.62
1166.03
1176.44
1186.83
1197.23
1207.64
1218.03
1228.41
1238.82
1249.24
Temperature Data
0
0
0
0
0
0
0
0
0
0
0
0
0
0
0
0
0
0
0
0
0
0
0
0
0
0
0
0
0
0
0
0
0
0
0
0
0
0
0
0
0
0
0
0
0
0
0
0
0
0
0
0
0
0
0
0
0
0
0
0
0
0
0
0
0
0
0
0
0
0
0
0
0
0
0
0
0
0
0
0
0
0
0
0
0
0
0
0
0
0
0
0
0
0
0
0
0
0
0
0
0
0
0
0
0
0
0
0
0
0
0
0
0
0
0
0
0
0
0
0
0
Angle Data
0
0
0
0
0
0
0
0
0
0
0
0
0
0
0
0
0
0
0
0
0
0
0
0
0
0
0
0
0
0
0
0
0
0
0
0
0
0
0
0
0
0
0
0
0
0
0
0
0
0
0
0
0
0
0
0
0
0
0
0
0
0
0
0
0
0
0
0
0
0
0
0
0
0
0
0
0
0
0
0
0
0
0
0
0
0
0
0
0
0
0
0
0
0
0
0
0
0
0
0
0
0
0
0
0
0
0
0
0
0
0
0
0
0
0
0
0
0
0
0
0
Bx Data
0
0
0
0
0
0
0
0
0
0
0
0
0
0
0
0
0
0
0
0
0
0
0
0
0
0
0
0
0
0
0
0
0
0
0
0
0
0
0
0
0
0
0
0
0
0
0
0
0
0
0
0
0
0
0
0
0
0
0
0
0
0
0
0
0
0
0
0
0
0
0
0
0
0
0
0
0
0
0
0
0
0
0
0
0
0
0
0
0
0
0
0
0
0
0
0
0
0
0
0
0
0
0
0
0
0
0
0
0
0
0
0
0
0
0
0
0
0
0
0
0
Hint Data
0
0
0
0
0
0
0
0
0
0
0
0
0
0
0
0
0
0
0
0
0
0
0
0
0
0
0
0
0
0
0
0
0
0
0
0
0
0
0
0
0
0
0
0
0
0
0
0
0
0
0
0
0
0
0
0
0
0
0
0
0
0
0
0
0
0
0
0
0
0
0
0
0
0
0
0
0
0
0
0
0
0
0
0
0
0
0
0
0
0
0
0
0
0
0
0
0
0
0
0
0
0
0
0
0
0
0
0
0
0
0
0
0
0
0
0
0
0
0
0
0
Torque Data
-0.05911964528
-0.058154149362
-0.05503124935
-0.053071982062
-0.05145766458
-0.050214031197
-0.047392740214
-0.04539753504
-0.04274308857
-0.041082293571
-0.03930694026
-0.037748245104
-0.035752565754
-0.033319918092
-0.031678497748
-0.029072296565
-0.02728082668
-0.02560747872
-0.023517482412
-0.022087420287
-0.020212221988
-0.017900280664
-0.015631225302
-0.013883365992
-0.0118204217344
-0.009918448533
-0.0079459724002
-0.0060258111963
-0.0040877373054
-0.002020943264
-0.00000114847047
0.0020314511344
0.0040169329248
0.0060167075802
0.0079983302032
0.0099572766144
0.01173558675
0.013948589853
0.016104238956
0.017715849067
0.020123989065
0.02174575233
0.023724674484
0.025776613773
0.027415346648
0.029216236569
0.031089322594
0.034101463422
0.036092281224
0.038000826652
0.040289226838
0.042052891764
0.044053459461
0.046185547983
0.048485769696
0.049658016438
0.051451681076
0.05392424829
0.055565601814
0.057928399045
0.059437762248
0.05715083104
0.055512848805
0.05358809082
0.051731952416
0.049001000244
0.0480716
0.04510012942
0.0432267263
0.041734111518
0.039498671466
0.037166056488
0.035434963017
0.033461840174
0.031861703888
0.02931621003
0.027886338207
0.025695390164
0.02376180594
0.021723978996
0.019715249151
0.018074911491
0.015964373688
0.013849320474
0.01155027039
0.0096824592693
0.0078628321096
0.005862213609
0.0039947094935
0.0019640843982
-8.8385121614E-07
-0.0019935257511
-0.0039603128712
-0.005876482824
-0.0078776529984
-0.0098812553415
-0.0119167989048
-0.013594039272
-0.01581384186
-0.017756976468
-0.019341502866
-0.021603031124
-0.0236288
-0.025673028534
-0.027620766411
-0.029445103337
-0.031809127584
-0.034014693316
-0.03583019716
-0.037870044833
-0.039259980744
-0.041294632015
-0.044467179436
-0.046098619398
-0.048515429672
-0.05023240904
-0.052303989584
-0.053659165446
-0.055794359412
-0.057939670902
-0.060089740358
dMdH Data
-3.57399856080599E-08
2.7033521566745E-09
6.91412808827054E-08
-1.01176188190109E-07
-1.3680547221889E-07
1.1185158501441E-07
-8.42673059634398E-08
-7.1016928802978E-08
4.13693866538774E-09
-1.62055098733518E-09
5.15173323737556E-08
-2.11846606253377E-08
-1.34493101379725E-07
-5.95438175270113E-08
6.47892398222645E-08
7.79376498801857E-10
-2.0037194792729E-08
-2.64089790528708E-09
-1.20141554702496E-07
-8.52136341814608E-09
-1.95391262602017E-07
7.56448710257941E-08
1.72697269726974E-07
3.51588749160017E-08
-1.17260365996293E-07
-6.83194731529114E-08
-4.23672950849139E-08
-2.48974106692905E-08
-5.94155668785142E-09
-6.4967149844033E-08
1.27670063920111E-08
-1.47180588722355E-07
6.07645658002875E-08
4.87234106387442E-08
-9.37477507737338E-08
-1.51302280341501E-08
-2.31064698115483E-08
2.65226522652261E-08
-7.3145872054679E-08
-5.50755939524842E-08
3.21593568128643E-08
-3.57786048745351E-08
-4.62212617804145E-09
4.16241828105322E-08
-1.63779149931059E-07
2.29498347852207E-08
-9.4418799832144E-08
1.44409099093691E-07
-2.43892190407588E-07
-4.19513364497291E-10
4.8730720758568E-08
-7.62716953936663E-09
-2.19424460431664E-08
-7.4827482748274E-08
-5.38918562083669E-08
1.25479846449136E-07
-1.38237235255296E-07
4.21141040254378E-08
-1.40810454381969E-07
5.10909418765399E-08
-3.68724477540247E-08
-1.15562218890554E-07
1.45609507232459E-07
-1.86863238643175E-07
4.92708395847085E-08
-1.95666526619057E-08
-6.74467446744672E-08
-2.8862886288628E-08
-1.03586852207294E-07
2.19701062488739E-08
-3.47909543518684E-08
2.65922324269169E-08
3.95392092158153E-08
-3.74925014997003E-08
-2.28975603908168E-08
-1.32416526543358E-07
1.45849588860215E-08
-5.87494754511126E-08
4.94568153172073E-08
1.28443670848093E-08
-6.50869826034797E-08
-6.98218463199571E-08
1.95101452755446E-08
2.04044889875732E-09
-2.61433205614822E-08
-3.08440097212631E-08
-1.13567471202963E-07
-8.9343534885961E-09
1.02909055996928E-07
-2.05523313530173E-07
1.85475384689535E-08
9.00073806052118E-09
-5.69525295565029E-08
8.13374422558233E-08
-6.11277744451109E-08
-4.04093696977699E-08
-4.74436793742944E-08
8.18334533237331E-08
3.45055208833413E-08
-1.39610194902548E-07
-8.49198246351576E-08
5.52824079625864E-08
-3.94334073585029E-08
-1.37487992315082E-07
1.41076351432339E-07
-1.33609559839067E-07
8.21490675780947E-09
3.34692898272556E-08
-6.59743066394531E-08
-4.63623822947281E-08
-1.38630498709719E-08
7.20201656463926E-09
-3.05338932213568E-08
1.42848568513299E-08
2.06395872082556E-08
-1.73435718999339E-07
3.06391653675498E-08
1.47041171528033E-08
-6.87357425861449E-08
-4.53945790357412E-08
-4.53945790357412E-08
dMdT Data
0
0
0
0
0
0
0
0
0
0
0
0
0
0
0
0
0
0
0
0
0
0
0
0
0
0
0
0
0
0
0
0
0
0
0
0
0
0
0
0
0
0
0
0
0
0
0
0
0
0
0
0
0
0
0
0
0
0
0
0
0
0
0
0
0
0
0
0
0
0
0
0
0
0
0
0
0
0
0
0
0
0
0
0
0
0
0
0
0
0
0
0
0
0
0
0
0
0
0
0
0
0
0
0
0
0
0
0
0
0
0
0
0
0
0
0
0
0
0
0
0
 
*********************************************** Results ***************************************
 
TotalArea 4.8335616520418E-04
AreaFirstQuad 1.50599125178563E-04
AreaSecondQuad 3.32757040025617E-04
AreaThirdQuad 0
AreaFourthQuad 0
Coercivity 0
PositiveCoercivity 0
NegativeCoercivity 0
Retentivity 1.25317861846022E-06
PositiveRetentivity 1.86442879617982E-04
NegativeRetentivity 1.83936522381061E-04
Magnetization 0.000199471
PositiveMagnetization 0.000199471
NegativeMagnetization 0.000173364
Flatness -147.775982028057
Squareness 6.28251033212956E-03
SStar 0
SFD1 0
SFD2 0
Slope 0
Intercept 0
SlopeAtHc -4.53945790357412E-08
dH1 0
dH2 358.33625
InitialSlope -3.57399856080599E-08
FieldAtHalfMs 0
FieldAtMs -483.361
MomentMean 1.85890603305785E-04
MomentRMS 7.12519840247664E-06
SFD3 0
dH3 0
UserField1 0
UserField2 0
CenterField 0
ExchangeField 0
ExchangeMoment 0
ExRegionOneIntercept 0
ExRegionOneSlope 0
ExRegionTwoIntercept 0
ExRegionTwoSlope 0
NegativeIntercept 0
NegativeSlope 0
AutoCenterOffset 0
PinningField 0
PinningMoment 0
PinRegionOneIntercept 0
PinRegionOneSlope 0
PinRegionTwoIntercept 0
PinRegionTwoSlope 0
PositiveIntercept 0
PositiveSlope 0
TotalOffset 0
BHMax 0
BCoercivity 0
BRetentivity 0
BNegativeCoercivity 0
BPositiveCoercivity 0
BNegativeRetentivity 0
BPositiveRetentivity 0
MomentYMean -1.18956305785124E-04
MomentYRMS 1.35865625921947E-06
YOffCorrection 0
Mrt 0
Ms1 0
Ms2 0
Ms3 0
Hc2 0
Hex2 0
HsatValue 0
HsatIntercept 0
HsatSlope 0
CenterH 0
Span .000026107
SpanAsPercentOfRange -2.00823076923077
RMSAsPercentOfRange -.548092184805895
SpanAsPercentOfMean 14.0442817096326
RMSAsPercentOfMean 3.8330062282685
