Version 1.25
******************************************** Units *******************************************
System CGS
TemperatureUnit K
MomentUnit emu
AppliedFieldUnit G
 
******************************************** Setup ********************************************
 
Experiment Hysteresis
Minor False
Acquisition PointByPoint
EditedPoint No
MaxField 500
FieldIncrement 16.6666666666667
Points 121
MinField 0
RampRate 500
AverageTime 3
TimeInterval 0
TimeConstant 0.3
TimeConstantIndex 1
Sensitivity -0.0015
SensitivityIndex 5
SensitivityY -4
SensitivityIndexY 0
SaturationField 8000
ExperimentTime 363
Use735Domains False
AutoRangeEnabled False
NumberOfVertices 3
VertexPts
0
60
120
VertexField
500
-500
500
StartAngle 0
EndAngle 0
AngleIncrement 0
StartTemp 0
FinishTemp 0
TempIncrement 0
TempPoints 0
LengthofSetPointsArray 121
SetPointArray
500
483.333333333333
466.666666666667
450
433.333333333333
416.666666666667
400
383.333333333333
366.666666666667
350
333.333333333333
316.666666666666
300
283.333333333333
266.666666666666
250
233.333333333333
216.666666666666
200
183.333333333333
166.666666666666
150
133.333333333333
116.666666666666
99.9999999999998
83.3333333333331
66.6666666666665
49.9999999999998
33.3333333333331
16.6666666666664
-2.20268248085631E-13
-16.6666666666669
-33.3333333333336
-50.0000000000002
-66.6666666666669
-83.3333333333336
-100
-116.666666666667
-133.333333333334
-150
-166.666666666667
-183.333333333334
-200
-216.666666666667
-233.333333333334
-250
-266.666666666667
-283.333333333334
-300
-316.666666666667
-333.333333333334
-350
-366.666666666667
-383.333333333334
-400
-416.666666666667
-433.333333333334
-450
-466.666666666667
-483.333333333334
-500
-483.333333333333
-466.666666666667
-450
-433.333333333333
-416.666666666667
-400
-383.333333333333
-366.666666666667
-350
-333.333333333333
-316.666666666666
-300
-283.333333333333
-266.666666666666
-250
-233.333333333333
-216.666666666666
-200
-183.333333333333
-166.666666666666
-150
-133.333333333333
-116.666666666666
-99.9999999999998
-83.3333333333331
-66.6666666666665
-49.9999999999998
-33.3333333333331
-16.6666666666664
2.20268248085631E-13
16.6666666666669
33.3333333333336
50.0000000000002
66.6666666666669
83.3333333333336
100
116.666666666667
133.333333333334
150
166.666666666667
183.333333333334
200
216.666666666667
233.333333333334
250
266.666666666667
283.333333333334
300
316.666666666667
333.333333333334
350
366.666666666667
383.333333333334
400
416.666666666667
433.333333333334
450
466.666666666667
483.333333333334
500
FieldDomainFile c:\Ideasvsm\Default UserID\Experiments\Jason_500G\fdomain.ini
TempDomainFile c:\Ideasvsm\Default UserID\Experiments\Jason_500G\tdomain.ini
NumSelectedResults 0
ResultsSelected 
UserName1 
UserValue1 
UserName2 
UserValue2 
LinearBackgroundCorrection Off
MaxLinearFieldCorrection 
MinLinearFieldCorrection 
AutoLinearCorrection Off
FitOneRegion Off
BackgroundMode Off
BackgroundFilename 
AutoCenter Off
OffsetCorrection 
SmoothDeriv Off
DerivOrder 0
DerivPoints 0
MinExFieldOne 
MaxExFieldOne 
MinExFieldTwo 
MaxExFieldTwo 
MinPinFieldOne 
MaxPinFieldOne 
MinPinFieldTwo 
MaxPinFieldTwo 
HCenterStart 
Mass 
Volume 
Density 
MolarWeight 
NumberOfMoles 
Demagnetization 
SampleArea 
Thickness 
MomentScaling 0
XAxis 0
YAxis 0
SimpleSpinValve False
HsatMax 0
HsatMin 0
FieldAutoRange False
 
*************************************************** Experiment Data ********************************************
 
DataPoints 121
MomentX Data
0.000220037
0.000222183
0.000220056
0.000221151
0.000222542
0.0002214
0.000222916
0.000222982
0.000224139
0.00022418
0.000224654
0.000224308
0.000224736
0.000225649
0.000226919
0.000227338
0.000228665
0.000227915
0.000228679
0.000231385
0.000230045
0.000228197
0.000230145
0.000229305
0.000230424
0.000230404
0.000231714
0.00023101
0.000228692
0.000223414
0.000211566
0.000198099
0.000194525
0.00019483
0.000194172
0.000193617
0.000195305
0.000196215
0.000196244
0.000195312
0.000195937
0.000196341
0.00019798
0.000197444
0.000197823
0.000198682
0.000200737
0.000200045
0.00020167
0.000201403
0.000202466
0.000201309
0.000200962
0.000202508
0.000202906
0.000206078
0.000204379
0.000206121
0.000205028
0.00020363
0.00020495
0.000205797
0.000206603
0.000205343
0.000206094
0.000204396
0.000203915
0.000204446
0.00020135
0.000203871
0.000199939
0.000202345
0.000201833
0.000200217
0.000196844
0.000198992
0.000199232
0.000198216
0.000196661
0.000196318
0.00019707
0.0001973
0.000196365
0.000195446
0.000194315
0.000195814
0.000196865
0.000194124
0.000196413
0.000199975
0.000211025
0.000225918
0.000230185
0.000232157
0.000229141
0.000229866
0.000231525
0.000228969
0.000231199
0.000230831
0.000227912
0.000228022
0.000227232
0.000226808
0.000229502
0.00022768
0.000226748
0.000228699
0.000228828
0.000225672
0.000226277
0.00022267
0.000221966
0.000226033
0.00022375
0.000224529
0.000223051
0.000222193
0.000221385
0.000221244
0.000221662
MomentY Data
-0.00012455
-0.000122166
-0.000124836
-0.000122801
-0.000123946
-0.000123103
-0.00012447
-0.000122372
-0.00012358
-0.000123183
-0.000124518
-0.000123008
-0.000123946
-0.000123326
-0.00012269
-0.000127157
-0.000125122
-0.000125249
-0.000125742
-0.000126108
-0.000124931
-0.000124311
-0.000123707
-0.000123644
-0.000125519
-0.000125217
-0.000127792
-0.000125662
-0.000124693
-0.00012447
-0.000125265
-0.000125392
-0.000125313
-0.000123151
-0.00012296
-0.000122499
-0.000122658
-0.000123437
-0.000123596
-0.000122102
-0.000123199
-0.000123882
-0.000122547
-0.000121625
-0.000122293
-0.000122325
-0.000121752
-0.000122611
-0.000124645
-0.000121895
-0.000121498
-0.000122897
-0.000121784
-0.000120926
-0.000121911
-0.000121911
-0.000121323
-0.000124025
-0.000119591
-0.000123803
-0.000122674
-0.000125313
-0.000125281
-0.000122499
-0.000122627
-0.000121975
-0.000123898
-0.000122929
-0.000122341
-0.000123072
-0.000123469
-0.000124137
-0.000121832
-0.000122706
-0.000119909
-0.000119082
-0.000120385
-0.0001218
-0.000121403
-0.000119019
-0.000120497
-0.000119146
-0.000119368
-0.00011975
-0.000120831
-0.000119845
-0.000120417
-0.000117683
-0.00011824
-0.000117111
-0.000120099
-0.000122738
-0.000121593
-0.000120163
-0.000118097
-0.000119591
-0.000118558
-0.00012037
-0.000119988
-0.000121864
-0.000119797
-0.000119336
-0.000121196
-0.000120608
-0.000120481
-0.000120878
-0.00012091
-0.000119559
-0.000121228
-0.00011975
-0.000119384
-0.000120354
-0.000121053
-0.000120592
-0.000119082
-0.000120656
-0.000119797
-0.000121355
-0.000119321
-0.000121609
-0.00012056
Field Data
499.99
483.328
466.672
449.985
433.331
416.669
399.999
383.338
366.669
349.998
333.322
316.663
299.998
283.331
266.663
249.992
233.34
216.667
199.998
183.328
166.666
149.993
133.32
116.654
100.001
83.3153
66.6572
49.9911
33.3193
16.6704
0.000183751
-16.6802
-33.3371
-50.0027
-66.6657
-83.3339
-100.009
-116.687
-133.334
-150.018
-166.664
-183.337
-200.005
-216.674
-233.338
-250.007
-266.67
-283.332
-300.008
-316.671
-333.337
-350.011
-366.676
-383.332
-399.991
-416.679
-433.348
-450.009
-466.682
-483.326
-500.004
-483.328
-466.667
-449.989
-433.336
-416.658
-400.005
-383.324
-366.668
-350.01
-333.336
-316.661
-299.995
-283.33
-266.655
-250.001
-233.33
-216.659
-200.003
-183.325
-166.663
-149.995
-133.339
-116.669
-99.9996
-83.3359
-66.6724
-50.0127
-33.3308
-16.6659
-0.00134019
16.6609
33.3284
50.004
66.6648
83.3363
99.995
116.661
133.326
149.983
166.673
183.32
200.002
216.665
233.342
249.995
266.668
283.338
300.006
316.665
333.332
349.991
366.668
383.331
399.99
416.658
433.335
449.981
466.669
483.335
499.998
Time Data
0
10.389
20.779
31.153
41.527
51.901
62.26
72.665
83.055
93.491
103.881
114.286
124.676
135.081
145.486
155.876
166.234
176.608
187.061
197.466
207.84
218.245
228.65
239.009
249.399
259.804
270.209
280.599
291.004
301.409
311.799
322.189
332.594
342.952
353.358
363.732
374.106
384.495
394.901
405.337
415.727
426.132
436.569
447.005
457.457
467.816
478.221
488.657
499.063
509.468
519.842
530.216
540.621
551.026
562.477
572.851
583.256
593.677
604.114
614.503
624.893
635.329
645.704
656.124
666.514
676.904
687.325
697.73
708.104
718.509
728.899
739.32
749.725
760.13
770.489
780.878
791.284
801.673
812.094
822.484
832.889
843.326
853.715
864.136
874.573
884.993
896.428
906.802
917.208
927.629
938.049
948.47
958.876
969.265
979.686
990.123
1000.57
1010.95
1021.37
1031.76
1043.19
1053.58
1063.99
1074.41
1084.81
1095.24
1105.63
1116.03
1126.44
1136.84
1147.25
1157.68
1168.1
1178.51
1188.95
1199.35
1209.76
1220.15
1230.54
1240.94
1251.35
Temperature Data
0
0
0
0
0
0
0
0
0
0
0
0
0
0
0
0
0
0
0
0
0
0
0
0
0
0
0
0
0
0
0
0
0
0
0
0
0
0
0
0
0
0
0
0
0
0
0
0
0
0
0
0
0
0
0
0
0
0
0
0
0
0
0
0
0
0
0
0
0
0
0
0
0
0
0
0
0
0
0
0
0
0
0
0
0
0
0
0
0
0
0
0
0
0
0
0
0
0
0
0
0
0
0
0
0
0
0
0
0
0
0
0
0
0
0
0
0
0
0
0
0
Angle Data
0
0
0
0
0
0
0
0
0
0
0
0
0
0
0
0
0
0
0
0
0
0
0
0
0
0
0
0
0
0
0
0
0
0
0
0
0
0
0
0
0
0
0
0
0
0
0
0
0
0
0
0
0
0
0
0
0
0
0
0
0
0
0
0
0
0
0
0
0
0
0
0
0
0
0
0
0
0
0
0
0
0
0
0
0
0
0
0
0
0
0
0
0
0
0
0
0
0
0
0
0
0
0
0
0
0
0
0
0
0
0
0
0
0
0
0
0
0
0
0
0
Bx Data
0
0
0
0
0
0
0
0
0
0
0
0
0
0
0
0
0
0
0
0
0
0
0
0
0
0
0
0
0
0
0
0
0
0
0
0
0
0
0
0
0
0
0
0
0
0
0
0
0
0
0
0
0
0
0
0
0
0
0
0
0
0
0
0
0
0
0
0
0
0
0
0
0
0
0
0
0
0
0
0
0
0
0
0
0
0
0
0
0
0
0
0
0
0
0
0
0
0
0
0
0
0
0
0
0
0
0
0
0
0
0
0
0
0
0
0
0
0
0
0
0
Hint Data
0
0
0
0
0
0
0
0
0
0
0
0
0
0
0
0
0
0
0
0
0
0
0
0
0
0
0
0
0
0
0
0
0
0
0
0
0
0
0
0
0
0
0
0
0
0
0
0
0
0
0
0
0
0
0
0
0
0
0
0
0
0
0
0
0
0
0
0
0
0
0
0
0
0
0
0
0
0
0
0
0
0
0
0
0
0
0
0
0
0
0
0
0
0
0
0
0
0
0
0
0
0
0
0
0
0
0
0
0
0
0
0
0
0
0
0
0
0
0
0
0
Torque Data
-0.0622737545
-0.059046248448
-0.058257465792
-0.055258607985
-0.053709644126
-0.051293203907
-0.04978787553
-0.046909837736
-0.04531295502
-0.043113803634
-0.041504588796
-0.038952082304
-0.037183552108
-0.034942078906
-0.03271688347
-0.031788232744
-0.02919596748
-0.027137325083
-0.025148148516
-0.023119127424
-0.020821750046
-0.018645779823
-0.01649261724
-0.014423567176
-0.012552025519
-0.0104324919201
-0.0085182569024
-0.0062819816082
-0.0041546834749
-0.002074964688
-2.3017569015E-08
0.0020915636384
0.0041775720123
0.0061578825077
0.008197214472
0.0102083194161
0.012266903922
0.014403493219
0.016479549064
0.018317497836
0.020532838136
0.022712154234
0.024510012735
0.02635297525
0.028535604034
0.030582106275
0.03246760584
0.034739619852
0.03739449716
0.038600611545
0.040499778826
0.043015301867
0.044655269984
0.046354805432
0.048763302801
0.050797753569
0.052575079404
0.055812366225
0.055810967062
0.059837208778
0.061337490696
0.060567281664
0.058464508427
0.055123202511
0.053138693672
0.05082185955
0.04955981949
0.047121635996
0.044858529788
0.04307643072
0.041156662584
0.039309346557
0.03654899084
0.03476629098
0.031974334395
0.029770619082
0.02808943205
0.0263890662
0.024280964209
0.021819158175
0.020082391511
0.01787130427
0.015916409752
0.01397111275
0.0120830516676
0.0099873909355
0.0080284903908
0.0058856445741
0.003941033792
0.0019517602149
1.6095547881E-07
-0.0020449255442
-0.0040525001412
-0.006008630652
-0.0078729128856
-0.0099662714533
-0.01185520721
-0.01404248457
-0.015997520088
-0.018277528312
-0.019966925381
-0.02187667552
-0.024239442392
-0.02613153232
-0.028113277502
-0.03021889561
-0.03224282788
-0.033875607942
-0.036369127368
-0.03792063375
-0.039794507488
-0.042122816814
-0.044386261404
-0.046226651952
-0.04763160918
-0.050272287648
-0.051912232995
-0.054607444255
-0.055683411749
-0.058777886015
-0.06027975888
dMdH Data
-1.28796062897612E-07
1.2770172910663E-07
-6.56199436687242E-08
-8.35234778431609E-08
6.85391909734731E-08
-9.09418116376737E-08
-3.96134685793062E-09
-6.94102825604415E-08
-2.4593605662541E-09
-2.84240825137912E-08
2.07695539948376E-08
-2.56825682568267E-08
-5.47789044219106E-08
-7.61939044876405E-08
-2.51334652990229E-08
-7.96901273120344E-08
4.49829064955312E-08
-4.58335832983379E-08
-1.62327534493101E-07
8.04225183051244E-08
1.10837881604991E-07
-1.16835602471062E-07
5.04020160806448E-08
-6.71950999819853E-08
1.19863116321099E-09
-7.86404211764847E-08
4.2241436208831E-08
1.39037176549622E-07
3.1701794112524E-07
7.10728632612114E-07
8.07355526169633E-07
2.14565735521016E-07
-1.83011712749619E-08
3.94886875112528E-08
3.32969366818243E-08
-1.01228778238211E-07
-5.45628972298831E-08
-1.742055625638E-09
5.5861903620234E-08
-3.75465577315873E-08
-2.42307922989259E-08
-9.83321334293258E-08
3.21554982302483E-08
-2.27436389822374E-08
-5.15327854100425E-08
-1.23327131969034E-07
4.15316288560797E-08
-9.7445430558887E-08
1.60235251755388E-08
-6.37825513020513E-08
6.93894686338011E-08
2.08220822082202E-08
-9.28194044188281E-08
-2.38909898553338E-08
-1.90076701821668E-07
1.01925730397744E-07
-1.04555548886621E-07
6.55550890661547E-08
8.39942321557319E-08
-7.91461805971936E-08
5.07915567282321E-08
4.83764479923177E-08
-7.5548626933685E-08
4.50969795232095E-08
-1.018107686773E-07
-2.88836846213902E-08
3.18326239434094E-08
-1.85878962536024E-07
1.51338696121984E-07
-2.35816240854025E-07
1.44287856071963E-07
-3.0721228849153E-08
-9.69696969696964E-08
-2.02278860569716E-07
1.28978023297706E-07
1.43962569731877E-08
-6.09441545198251E-08
-9.33597502401541E-08
-2.05660151097242E-08
4.51326371383985E-08
1.37988960883123E-08
-5.61359269932759E-08
-5.51289742051587E-08
-6.78488727848633E-08
8.99560121701659E-08
6.30719836768995E-08
-1.64528773027126E-07
1.37214585868516E-07
2.13742656721613E-07
6.63083821354175E-07
8.93817387708658E-07
2.56007199640017E-07
1.18256614454653E-07
-1.81023720349563E-07
4.34873886572896E-08
9.95876028741733E-08
-1.53366134645385E-07
1.33813381338133E-07
-2.20928138320222E-08
-1.74895146794487E-07
6.60779720069666E-09
-4.73564320824839E-08
-2.54455980315675E-08
1.61539845295916E-07
-1.09409715967094E-07
-5.58987584717797E-08
1.17036592681463E-07
7.73938084953358E-09
-1.89447145687016E-07
3.62992740145189E-08
-2.16519599015546E-07
-4.22138274269951E-08
2.44073696213166E-07
-1.37043039798308E-07
4.67362610991129E-08
-8.86250524674713E-08
-5.15439144539219E-08
-4.84180249280927E-08
-8.46033841353639E-09
2.50855188141388E-08
2.50855188141388E-08
dMdT Data
0
0
0
0
0
0
0
0
0
0
0
0
0
0
0
0
0
0
0
0
0
0
0
0
0
0
0
0
0
0
0
0
0
0
0
0
0
0
0
0
0
0
0
0
0
0
0
0
0
0
0
0
0
0
0
0
0
0
0
0
0
0
0
0
0
0
0
0
0
0
0
0
0
0
0
0
0
0
0
0
0
0
0
0
0
0
0
0
0
0
0
0
0
0
0
0
0
0
0
0
0
0
0
0
0
0
0
0
0
0
0
0
0
0
0
0
0
0
0
0
0
 
*********************************************** Results ***************************************
 
TotalArea -7.27113288940674E-04
AreaFirstQuad -3.80531018842514E-04
AreaSecondQuad -3.46582270098158E-04
AreaThirdQuad 0
AreaFourthQuad 0
Coercivity 0
PositiveCoercivity 0
NegativeCoercivity 0
Retentivity 2.69826881244947E-07
PositiveRetentivity 2.11565851647615E-04
NegativeRetentivity 2.11026197885125E-04
Magnetization 0.000232157
PositiveMagnetization 0.000232157
NegativeMagnetization 0.000193617
Flatness -783.07996516684
Squareness 1.1622603722694E-03
SStar 0
SFD1 0
SFD2 0
Slope 0
Intercept 0
SlopeAtHc 2.50855188141388E-08
dH1 0
dH2 33.3242880295
InitialSlope -1.28796062897612E-07
FieldAtHalfMs 0
FieldAtMs 50.004
MomentMean 2.1315905785124E-04
MomentRMS 1.37938627653131E-05
SFD3 0
dH3 0
UserField1 0
UserField2 0
CenterField 0
ExchangeField 0
ExchangeMoment 0
ExRegionOneIntercept 0
ExRegionOneSlope 0
ExRegionTwoIntercept 0
ExRegionTwoSlope 0
NegativeIntercept 0
NegativeSlope 0
AutoCenterOffset 0
PinningField 0
PinningMoment 0
PinRegionOneIntercept 0
PinRegionOneSlope 0
PinRegionTwoIntercept 0
PinRegionTwoSlope 0
PositiveIntercept 0
PositiveSlope 0
TotalOffset 0
BHMax 0
BCoercivity 0
BRetentivity 0
BNegativeCoercivity 0
BPositiveCoercivity 0
BNegativeRetentivity 0
BPositiveRetentivity 0
MomentYMean -1.22185462809917E-04
MomentYRMS 2.14745984844623E-06
YOffCorrection 0
Mrt 0
Ms1 0
Ms2 0
Ms3 0
Hc2 0
Hex2 0
HsatValue 0
HsatIntercept 0
HsatSlope 0
CenterH 0
Span .00003854
SpanAsPercentOfRange -2.56933333333333
RMSAsPercentOfRange -.919590851020875
SpanAsPercentOfMean 18.0803951699282
RMSAsPercentOfMean 6.4711595671152
