Version 1.25
******************************************** Units *******************************************
System CGS
TemperatureUnit K
MomentUnit emu
AppliedFieldUnit G
 
******************************************** Setup ********************************************
 
Experiment CustomField
Minor False
Acquisition PointByPoint
EditedPoint No
MaxField 15000
FieldIncrement 750
Points 81
MinField 0
RampRate 10
AverageTime 6
TimeInterval 10
TimeConstant 1
TimeConstantIndex 2
Sensitivity -0.0015
SensitivityIndex 5
SensitivityY -4
SensitivityIndexY 0
SaturationField 8000
ExperimentTime 486
Use735Domains False
AutoRangeEnabled False
NumberOfVertices 11
VertexPts
0
10
15
25
30
40
50
55
65
70
80
VertexField
15000
2000
500
-500
-2000
-15000
-2000
-500
500
2000
15000
StartAngle 0
EndAngle 0
AngleIncrement 0
StartTemp 0
FinishTemp 0
TempIncrement 0
TempPoints 0
LengthofSetPointsArray 81
SetPointArray
15000
13700
12400
11100
9800
8500
7200
5900
4600
3300
2000
1700
1400
1100
800
500
400
300
200
100
0
-100
-200
-300
-400
-500
-800
-1100
-1400
-1700
-2000
-3300
-4600
-5900
-7200
-8500
-9800
-11100
-12400
-13700
-15000
-13700
-12400
-11100
-9800
-8500
-7200
-5900
-4600
-3300
-2000
-1700
-1400
-1100
-800
-500
-400
-300
-200
-100
0
100
200
300
400
500
800
1100
1400
1700
2000
3300
4600
5900
7200
8500
9800
11100
12400
13700
15000
FieldDomainFile c:\Ideasvsm\Default UserID\Experiments\Jason_1p5T_cus\fdomain.ini
TempDomainFile c:\Ideasvsm\Default UserID\Experiments\Jason_1p5T_cus\tdomain.ini
NumSelectedResults 0
ResultsSelected 
UserName1 
UserValue1 
UserName2 
UserValue2 
LinearBackgroundCorrection Off
MaxLinearFieldCorrection 
MinLinearFieldCorrection 
AutoLinearCorrection Off
FitOneRegion Off
BackgroundMode Off
BackgroundFilename 
AutoCenter Off
OffsetCorrection 
SmoothDeriv Off
DerivOrder 0
DerivPoints 0
MinExFieldOne 
MaxExFieldOne 
MinExFieldTwo 
MaxExFieldTwo 
MinPinFieldOne 
MaxPinFieldOne 
MinPinFieldTwo 
MaxPinFieldTwo 
HCenterStart 
Mass 
Volume 
Density 
MolarWeight 
NumberOfMoles 
Demagnetization 
SampleArea 
Thickness 
MomentScaling 0
XAxis 0
YAxis 0
SimpleSpinValve False
HsatMax 0
HsatMin 0
FieldAutoRange True
 
*************************************************** Experiment Data ********************************************
 
DataPoints 81
MomentX Data
-0.000139211
-0.000108934
-0.0000787788
-0.0000495819
-0.0000129465
0.0000125936
0.0000457228
0.000080722
0.000111945
0.000148301
0.000178564
0.000186444
0.000197743
0.000205099
0.000212934
0.000222513
0.000222235
0.000227387
0.000230493
0.000230876
0.000211321
0.000196095
0.000197954
0.000200328
0.000203701
0.000206418
0.00021317
0.000220558
0.000232116
0.000240574
0.000245775
0.000286848
0.000313665
0.000351175
0.000384234
0.00041096
0.000443043
0.000470545
0.000504818
0.000538949
0.000567666
0.0005401
0.000506065
0.000476618
0.000450691
0.000412685
0.000380286
0.000348945
0.000312622
0.000282109
0.000250169
0.000237736
0.000228784
0.000220566
0.000216802
0.000205892
0.000203897
0.000202945
0.000200044
0.000196279
0.000214288
0.000233249
0.000230169
0.000227131
0.000225475
0.000222764
0.000214088
0.000206203
0.000199628
0.000188663
0.000181016
0.000144932
0.000109161
0.0000780773
0.000045123
0.0000139463
-0.0000271161
-0.0000516817
-0.0000789601
-0.00011068
-0.000143324
MomentY Data
-0.000117413
-0.00011797
-0.000117135
-0.000119424
-0.000118883
-0.000117135
-0.000118224
-0.000118693
-0.000119781
-0.00011878
-0.000124462
-0.000122857
-0.00012246
-0.000120942
-0.000121872
-0.000122587
-0.000121864
-0.000121363
-0.000121625
-0.000121419
-0.000121133
-0.000121363
-0.000120775
-0.000119678
-0.000119869
-0.000121586
-0.000121188
-0.000122507
-0.000122515
-0.00012273
-0.000124462
-0.000122301
-0.000121808
-0.000122229
-0.00012366
-0.000121832
-0.000121427
-0.0001242
-0.000123485
-0.000123771
-0.000123827
-0.000125249
-0.000124224
-0.000122571
-0.000121633
-0.000123445
-0.000121228
-0.000121792
-0.000122285
-0.000121212
-0.000123215
-0.000124955
-0.000124709
-0.000123556
-0.000124383
-0.000125416
-0.000124717
-0.00012296
-0.000123684
-0.000124431
-0.000125154
-0.000124621
-0.000124709
-0.000123509
-0.000125074
-0.00012482
-0.000124685
-0.000122603
-0.000124351
-0.000123262
-0.000124272
-0.00012033
-0.000120409
-0.000122499
-0.000121299
-0.000123191
-0.000121299
-0.000121681
-0.000118208
-0.000119996
-0.00012118
Field Data
15000
13700
12400
11100
9799.98
8499.96
7199.96
5899.96
4599.96
3299.95
1999.96
1699.97
1399.98
1099.98
799.98
499.981
399.983
299.987
199.982
99.9887
-0.0123097
-100.013
-200.013
-300.012
-400.011
-500.012
-800.015
-1100.02
-1400.02
-1700.02
-2000.02
-3300.04
-4600.05
-5900.06
-7200.07
-8500.06
-9800.03
-11100
-12400
-13700
-15000
-13700
-12400
-11100
-9799.98
-8499.97
-7199.95
-5899.96
-4599.97
-3299.99
-1999.96
-1699.97
-1399.98
-1099.98
-799.978
-499.981
-399.988
-299.992
-199.99
-99.9869
0.0124477
100.01
200.006
300.007
400.008
500.01
800.016
1100.01
1400.02
1700.01
2000.02
3300.04
4600.06
5900.08
7200.07
8500.05
9800.02
11100
12400
13700
15000
Time Data
0
14.602
29.141
43.712
58.251
72.79
87.33
102.945
117.469
133.022
147.577
161.056
174.534
188.075
201.6
215.126
228.667
243.237
256.809
270.334
283.922
297.432
311.004
324.514
339.053
352.563
366.088
379.598
393.123
406.648
420.173
434.697
450.313
464.868
479.438
494.024
508.564
523.134
537.689
552.228
566.768
581.307
595.846
610.417
624.972
639.511
654.035
668.621
683.175
698.76
713.33
726.887
740.459
754
767.494
781.035
794.591
809.131
822.656
836.15
849.691
863.232
876.742
890.267
904.791
918.347
931.888
945.398
959.984
973.509
987.05
1001.61
1017.21
1031.73
1046.27
1060.82
1075.35
1089.92
1104.47
1120.07
1134.6
Temperature Data
0
0
0
0
0
0
0
0
0
0
0
0
0
0
0
0
0
0
0
0
0
0
0
0
0
0
0
0
0
0
0
0
0
0
0
0
0
0
0
0
0
0
0
0
0
0
0
0
0
0
0
0
0
0
0
0
0
0
0
0
0
0
0
0
0
0
0
0
0
0
0
0
0
0
0
0
0
0
0
0
0
Angle Data
0
0
0
0
0
0
0
0
0
0
0
0
0
0
0
0
0
0
0
0
0
0
0
0
0
0
0
0
0
0
0
0
0
0
0
0
0
0
0
0
0
0
0
0
0
0
0
0
0
0
0
0
0
0
0
0
0
0
0
0
0
0
0
0
0
0
0
0
0
0
0
0
0
0
0
0
0
0
0
0
0
Bx Data
0
0
0
0
0
0
0
0
0
0
0
0
0
0
0
0
0
0
0
0
0
0
0
0
0
0
0
0
0
0
0
0
0
0
0
0
0
0
0
0
0
0
0
0
0
0
0
0
0
0
0
0
0
0
0
0
0
0
0
0
0
0
0
0
0
0
0
0
0
0
0
0
0
0
0
0
0
0
0
0
0
Hint Data
0
0
0
0
0
0
0
0
0
0
0
0
0
0
0
0
0
0
0
0
0
0
0
0
0
0
0
0
0
0
0
0
0
0
0
0
0
0
0
0
0
0
0
0
0
0
0
0
0
0
0
0
0
0
0
0
0
0
0
0
0
0
0
0
0
0
0
0
0
0
0
0
0
0
0
0
0
0
0
0
0
Torque Data
-1.761195
-1.616189
-1.452474
-1.3256064
-1.16505102234
-0.9956428146
-0.85120807104
-0.70028395228
-0.55098780876
-0.391968061
-0.24891902152
-0.20885321429
-0.1714415508
-0.13303378116
-0.09749516256
-0.061291170847
-0.048743528312
-0.036407322281
-0.02432281075
-0.0121405279653
1.4911108901E-06
0.012137877719
0.024156570075
0.035904836136
0.047948918559
0.060794459032
0.09695221782
0.13476015014
0.1715234503
0.2086434546
0.24892648924
0.40359819204
0.5603228904
0.72115843374
0.8903606562
1.03557930992
1.18998824281
1.37862
1.531214
1.6956627
1.857405
1.7159113
1.5403776
1.3605381
1.19200096734
1.04927879665
0.8728355386
0.71856792832
0.56250733145
0.39999838788
0.2464250714
0.21241975135
0.17459010582
0.13590912888
0.099503663574
0.062705617096
0.049885303396
0.03688701632
0.02473556316
0.0124414699539
-1.5578794458E-06
-0.01246334621
-0.024942548254
-0.037053564563
-0.050030600592
-0.0624112482
-0.09974999496
-0.13486452603
-0.17409388702
-0.20954663262
-0.24854648544
-0.3970938132
-0.55388862454
-0.72275389992
-0.87336129093
-1.04712965955
-1.18873262598
-1.3506591
-1.4657792
-1.6439452
-1.8177
dMdH Data
-0.00000002329
-2.31963076923077E-08
-2.24591538461538E-08
-2.81806433747173E-08
-1.96459285241765E-08
-0.000000025484
-2.69224615384615E-08
-2.40176923076923E-08
-2.79659387235483E-08
-2.32794098416142E-08
-2.62675422514083E-08
-3.76645888196274E-08
-0.00000002452
-2.61166666666666E-08
-3.19301064336881E-08
2.78005560111215E-09
-5.15220608824355E-08
-3.10584470776459E-08
-3.83025662719415E-09
1.95548025551586E-07
1.52258948956475E-07
-0.00000001859
-2.3740237402374E-08
-3.37303373033731E-08
-2.71697283027168E-08
-2.25064416022507E-08
-2.46262562290629E-08
-3.85266666666667E-08
-2.81933333333333E-08
-1.73366666666667E-08
-3.15941293210874E-08
-2.06283028592088E-08
-2.88536242028907E-08
-2.54298043861201E-08
-2.05586196816898E-08
-2.46798003030839E-08
-2.11558728278345E-08
-2.63638461538461E-08
-2.62546153846154E-08
-0.00000002209
-2.12046153846154E-08
-2.61807692307692E-08
-2.26515384615385E-08
-1.99435393301641E-08
-2.92351597295406E-08
-2.4921924278088E-08
-2.41086469895923E-08
-2.79409841614166E-08
-2.34718995676856E-08
-2.45686638000662E-08
-4.14447148238275E-08
-2.98409946998233E-08
-2.73933333333333E-08
-1.25465830227799E-08
-3.636703033697E-08
-1.99513965977618E-08
-9.52038081523261E-09
-2.90094198116038E-08
-3.76488328861805E-08
1.80091174734733E-07
1.89614641197572E-07
-3.08012320492817E-08
-3.03796962030382E-08
-1.6559834401656E-08
-2.71094578108437E-08
-2.89194216115678E-08
-2.62838590105136E-08
-2.19159361354621E-08
-3.65512183739458E-08
-2.54891503616546E-08
-2.77564960539069E-08
-2.75157305272226E-08
-2.39101706127598E-08
-2.53496565358195E-08
-2.39824458837828E-08
-3.15871904736263E-08
-1.88969061062478E-08
-2.09833846153846E-08
-2.43999230769231E-08
-2.51107692307692E-08
-2.51107692307692E-08
dMdT Data
0
0
0
0
0
0
0
0
0
0
0
0
0
0
0
0
0
0
0
0
0
0
0
0
0
0
0
0
0
0
0
0
0
0
0
0
0
0
0
0
0
0
0
0
0
0
0
0
0
0
0
0
0
0
0
0
0
0
0
0
0
0
0
0
0
0
0
0
0
0
0
0
0
0
0
0
0
0
0
0
0
 
*********************************************** Results ***************************************
 
TotalArea 0.014765971147966
AreaFirstQuad 5.88740848778499E-03
AreaSecondQuad -1.00755238405902E-02
AreaThirdQuad 0
AreaFourthQuad 1.89540865007712E-02
Coercivity 99.7104560023517
PositiveCoercivity 8941.56758326352
NegativeCoercivity 9140.98849526822
Retentivity 1.48117557077707E-06
PositiveRetentivity 2.1132340713753E-04
NegativeRetentivity 2.14285758279084E-04
Magnetization 0.000355495
PositiveMagnetization 0.000567666
NegativeMagnetization -0.000143324
Flatness -133.985022223884
Squareness 4.16651590255016E-03
SStar 1.75612444456902
SFD1 1.37806222228452
SFD2 2.00579143570743
Slope 0
Intercept 0
SlopeAtHc -1.96459285241765E-08
dH1 -37.696756581252
dH2 199.9983787
InitialSlope -0.00000002329
FieldAtHalfMs 0
FieldAtMs -15000
MomentMean 2.09375554320988E-04
MomentRMS 1.60066805557059E-04
SFD3 1.75612444456902
dH3 -75.3935131625021
UserField1 0
UserField2 0
CenterField 0
ExchangeField 0
ExchangeMoment 0
ExRegionOneIntercept 0
ExRegionOneSlope 0
ExRegionTwoIntercept 0
ExRegionTwoSlope 0
NegativeIntercept 0
NegativeSlope 0
AutoCenterOffset 0
PinningField 0
PinningMoment 0
PinRegionOneIntercept 0
PinRegionOneSlope 0
PinRegionTwoIntercept 0
PinRegionTwoSlope 0
PositiveIntercept 0
PositiveSlope 0
TotalOffset 0
BHMax 0
BCoercivity 0
BRetentivity 0
BNegativeCoercivity 0
BPositiveCoercivity 0
BNegativeRetentivity 0
BPositiveRetentivity 0
MomentYMean -1.22148790123457E-04
MomentYRMS 2.09460671556768E-06
YOffCorrection 0
Mrt 0
Ms1 0
Ms2 0
Ms3 0
Hc2 0
Hex2 0
HsatValue 0
HsatIntercept 0
HsatSlope 0
CenterH 0
Span .00071099
SpanAsPercentOfRange -47.3993333333333
RMSAsPercentOfRange -10.6711203704706
SpanAsPercentOfMean 339.576414403184
RMSAsPercentOfMean 76.4496151788881
