Version 1.25
******************************************** Units *******************************************
System CGS
TemperatureUnit K
MomentUnit emu
AppliedFieldUnit G
 
******************************************** Setup ********************************************
 
Experiment CustomField
Minor False
Acquisition PointByPoint
EditedPoint No
MaxField 500
FieldIncrement 16.6666666666667
Points 143
MinField 0
RampRate 500
AverageTime 3
TimeInterval 0
TimeConstant 0.3
TimeConstantIndex 1
Sensitivity -0.0015
SensitivityIndex 5
SensitivityY -4
SensitivityIndexY 0
SaturationField 8000
ExperimentTime 429
Use735Domains False
AutoRangeEnabled False
NumberOfVertices 7
VertexPts
0
27
44
71
98
115
142
VertexField
500
50
-50
-500
-50
50
500
StartAngle 0
EndAngle 0
AngleIncrement 0
StartTemp 0
FinishTemp 0
TempIncrement 0
TempPoints 0
LengthofSetPointsArray 143
SetPointArray
500
483.333333333333
466.666666666667
450
433.333333333333
416.666666666667
400
383.333333333333
366.666666666667
350
333.333333333333
316.666666666666
300
283.333333333333
266.666666666666
250
233.333333333333
216.666666666666
200
183.333333333333
166.666666666666
150
133.333333333333
116.666666666666
99.9999999999998
83.3333333333331
66.6666666666665
50
44.1176470588235
38.2352941176471
32.3529411764706
26.4705882352941
20.5882352941176
14.7058823529412
8.8235294117647
2.94117647058823
-2.94117647058824
-8.82352941176471
-14.7058823529412
-20.5882352941177
-26.4705882352941
-32.3529411764706
-38.2352941176471
-44.1176470588235
-50
-66.6666666666667
-83.3333333333333
-100
-116.666666666667
-133.333333333333
-150
-166.666666666667
-183.333333333333
-200
-216.666666666667
-233.333333333333
-250
-266.666666666667
-283.333333333333
-300
-316.666666666667
-333.333333333333
-350
-366.666666666667
-383.333333333333
-400
-416.666666666667
-433.333333333333
-450
-466.666666666667
-483.333333333334
-500
-483.333333333333
-466.666666666667
-450
-433.333333333333
-416.666666666667
-400
-383.333333333333
-366.666666666667
-350
-333.333333333333
-316.666666666666
-300
-283.333333333333
-266.666666666666
-250
-233.333333333333
-216.666666666666
-200
-183.333333333333
-166.666666666666
-150
-133.333333333333
-116.666666666666
-99.9999999999998
-83.3333333333331
-66.6666666666665
-50
-44.1176470588235
-38.2352941176471
-32.3529411764706
-26.4705882352941
-20.5882352941176
-14.7058823529412
-8.8235294117647
-2.94117647058823
2.94117647058824
8.82352941176471
14.7058823529412
20.5882352941177
26.4705882352941
32.3529411764706
38.2352941176471
44.1176470588235
50
66.6666666666667
83.3333333333333
100
116.666666666667
133.333333333333
150
166.666666666667
183.333333333333
200
216.666666666667
233.333333333333
250
266.666666666667
283.333333333333
300
316.666666666667
333.333333333333
350
366.666666666667
383.333333333333
400
416.666666666667
433.333333333333
450
466.666666666667
483.333333333334
500
FieldDomainFile c:\Ideasvsm\Default UserID\Experiments\Jason_500G\fdomain.ini
TempDomainFile c:\Ideasvsm\Default UserID\Experiments\Jason_500G\tdomain.ini
NumSelectedResults 0
ResultsSelected 
UserName1 
UserValue1 
UserName2 
UserValue2 
LinearBackgroundCorrection Off
MaxLinearFieldCorrection 
MinLinearFieldCorrection 
AutoLinearCorrection Off
FitOneRegion Off
BackgroundMode Off
BackgroundFilename 
AutoCenter Off
OffsetCorrection 
SmoothDeriv Off
DerivOrder 0
DerivPoints 0
MinExFieldOne 
MaxExFieldOne 
MinExFieldTwo 
MaxExFieldTwo 
MinPinFieldOne 
MaxPinFieldOne 
MinPinFieldTwo 
MaxPinFieldTwo 
HCenterStart 
Mass 
Volume 
Density 
MolarWeight 
NumberOfMoles 
Demagnetization 
SampleArea 
Thickness 
MomentScaling 0
XAxis 0
YAxis 0
SimpleSpinValve False
HsatMax 0
HsatMin 0
FieldAutoRange False
 
*************************************************** Experiment Data ********************************************
 
DataPoints 143
MomentX Data
0.000228239
0.000226867
0.000229009
0.00022916
0.000229082
0.000230235
0.000230354
0.000230382
0.000230564
0.000230736
0.000232528
0.000232019
0.000234068
0.000233216
0.000233421
0.0002331
0.00023578
0.000233421
0.000235694
0.000235847
0.000236345
0.000236258
0.00023516
0.000237472
0.000235835
0.000236345
0.000237006
0.000237677
0.000238935
0.000238427
0.000236762
0.000237832
0.000233302
0.000233166
0.000228834
0.000224421
0.000218253
0.000210601
0.000206741
0.000200098
0.000194644
0.000192262
0.000191305
0.000188819
0.000189932
0.000189827
0.000187272
0.000188841
0.000187588
0.000187851
0.000188576
0.000190193
0.000189761
0.00018955
0.000191072
0.000190771
0.000193218
0.000191648
0.000192668
0.000192996
0.000194691
0.000194232
0.000193606
0.000196552
0.000193885
0.000196528
0.000196295
0.000196863
0.000196277
0.000197287
0.000198588
0.000196083
0.000197046
0.000197079
0.000199197
0.000195705
0.000193864
0.000195561
0.000196031
0.000195421
0.000195511
0.000191554
0.000192337
0.000193164
0.00019351
0.000192529
0.000192958
0.000190339
0.000191825
0.000190577
0.000189715
0.000189154
0.000189562
0.000188995
0.000188837
0.00018973
0.00018811
0.000186994
0.000188263
0.000190669
0.000187506
0.000189253
0.000189431
0.000189737
0.000192818
0.000195531
0.000198243
0.000202306
0.000206922
0.000214391
0.000220983
0.000225758
0.000230395
0.000235207
0.000235752
0.000237643
0.000238072
0.000236871
0.000237815
0.000237476
0.000238927
0.000238518
0.00023574
0.00023563
0.000237177
0.000234964
0.000234295
0.000234767
0.000234593
0.00023426
0.000233362
0.00023376
0.000232225
0.000233453
0.000229456
0.000232199
0.000230559
0.000229734
0.000230964
0.00022908
0.00022937
0.000230489
0.000227156
MomentY Data
-0.000120719
-0.000121419
-0.000122515
-0.000121053
-0.000119988
-0.000122801
-0.000121498
-0.000121752
-0.000120608
-0.00011843
-0.000121435
-0.000122643
-0.000121927
-0.000120163
-0.000123231
-0.000121403
-0.000121705
-0.000120767
-0.000121593
-0.000121816
-0.000120004
-0.000122611
-0.000119877
-0.000120179
-0.000121212
-0.000121005
-0.000122754
-0.000121419
-0.000121037
-0.000121514
-0.000123898
-0.000123739
-0.000124216
-0.000121546
-0.000121864
-0.000119527
-0.000121244
-0.000122468
-0.000120974
-0.000121069
-0.000121244
-0.000121657
-0.000120036
-0.000119623
-0.000122054
-0.000121466
-0.000125043
-0.000120544
-0.000120306
-0.000120179
-0.000120338
-0.000121371
-0.000121927
-0.000121848
-0.00012029
-0.000119336
-0.000117175
-0.000118589
-0.000119019
-0.000121133
-0.000121514
-0.000120322
-0.000120338
-0.000119988
-0.000121419
-0.000120433
-0.000121848
-0.000120099
-0.000119766
-0.000119146
-0.00011994
-0.000122754
-0.000123231
-0.00012064
-0.000120131
-0.000118621
-0.000120385
-0.000120131
-0.000119193
-0.000121784
-0.000120974
-0.000122134
-0.000119654
-0.000119734
-0.000121641
-0.0001194
-0.000116984
-0.000119019
-0.000120274
-0.000119575
-0.000122674
-0.00011905
-0.000120433
-0.000120878
-0.000122134
-0.000121085
-0.000121101
-0.000122054
-0.000122039
-0.000119686
-0.00012207
-0.000122102
-0.000120449
-0.000120529
-0.00012037
-0.000121212
-0.000120846
-0.000120497
-0.000119289
-0.000120958
-0.000119003
-0.000120306
-0.000121641
-0.000121784
-0.000121212
-0.000121657
-0.000120703
-0.000120656
-0.000121752
-0.000119209
-0.000120242
-0.000120227
-0.000120179
-0.000121768
-0.00011843
-0.000118987
-0.000118287
-0.000119034
-0.000119241
-0.000117779
-0.000118319
-0.000118844
-0.000119384
-0.000119925
-0.000119273
-0.000119241
-0.000119861
-0.000119114
-0.000120974
-0.000119925
-0.000117381
-0.000119591
-0.000123326
Field Data
499.998
483.338
466.652
449.987
433.326
416.673
399.991
383.33
366.667
349.996
333.32
316.662
299.999
283.326
266.669
249.994
233.333
216.666
200.006
183.316
166.647
149.992
133.325
116.658
99.9963
83.3384
66.6527
49.9974
44.1132
38.2317
32.3504
26.4788
20.5833
14.6968
8.8123
2.94176
-2.94267
-8.83177
-14.7149
-20.5825
-26.4911
-32.3539
-38.2535
-44.1341
-50.0085
-66.6677
-83.3414
-100.018
-116.676
-133.344
-150.005
-166.68
-183.339
-200.005
-216.675
-233.344
-250.004
-266.666
-283.341
-300.009
-316.674
-333.337
-350.015
-366.665
-383.354
-400.011
-416.681
-433.341
-450.008
-466.674
-483.346
-500.008
-483.342
-466.678
-450.01
-433.343
-416.67
-400.006
-383.34
-366.659
-350.003
-333.339
-316.666
-300.013
-283.328
-266.673
-250.013
-233.32
-216.678
-200.024
-183.339
-166.677
-150.007
-133.333
-116.676
-100.004
-83.3309
-66.663
-50.012
-44.1289
-38.2358
-32.3562
-26.4678
-20.5855
-14.7144
-8.82402
-2.95768
2.9445
8.82652
14.6996
20.5945
26.4687
32.3531
38.2319
44.0972
49.9965
66.6628
83.3068
99.9972
116.67
133.333
149.992
166.661
183.325
200.005
216.67
233.339
249.999
266.658
283.318
300.009
316.663
333.331
350.001
366.685
383.332
399.991
416.67
433.332
449.989
466.65
483.322
500.003
Time Data
0
10.436
20.826
31.278
41.652
53.118
63.555
73.991
84.381
94.77
105.176
115.565
125.971
136.392
146.781
157.186
167.576
179.011
189.416
199.822
210.18
220.57
230.991
241.411
251.832
262.253
272.674
283.095
293.5
303.905
314.295
324.716
336.151
346.556
356.993
367.382
377.819
388.24
398.629
409.05
419.44
429.861
440.281
450.671
461.045
471.466
481.871
492.292
502.697
513.072
523.461
533.882
544.272
554.693
565.145
575.55
585.971
596.376
606.797
617.202
627.607
638.013
648.418
658.808
669.244
679.618
690.039
700.444
710.818
721.208
731.598
742.019
752.424
762.814
773.234
783.624
793.998
804.419
814.84
825.261
835.682
846.149
856.57
866.975
877.412
887.802
898.207
908.643
919.08
929.469
939.875
950.296
960.701
971.09
981.48
991.885
1002.31
1012.7
1023.07
1033.44
1043.85
1054.27
1064.67
1075.11
1085.49
1095.91
1106.31
1116.73
1127.14
1137.5
1147.93
1158.34
1168.74
1179.15
1189.54
1199.94
1210.33
1220.72
1231.14
1241.55
1251.97
1262.41
1272.83
1283.23
1293.65
1304.11
1314.49
1324.9
1335.32
1345.71
1356.13
1366.51
1376.9
1387.33
1397.74
1408.14
1418.56
1428.95
1439.36
1449.76
1460.15
1470.59
1481.04
Temperature Data
0
0
0
0
0
0
0
0
0
0
0
0
0
0
0
0
0
0
0
0
0
0
0
0
0
0
0
0
0
0
0
0
0
0
0
0
0
0
0
0
0
0
0
0
0
0
0
0
0
0
0
0
0
0
0
0
0
0
0
0
0
0
0
0
0
0
0
0
0
0
0
0
0
0
0
0
0
0
0
0
0
0
0
0
0
0
0
0
0
0
0
0
0
0
0
0
0
0
0
0
0
0
0
0
0
0
0
0
0
0
0
0
0
0
0
0
0
0
0
0
0
0
0
0
0
0
0
0
0
0
0
0
0
0
0
0
0
0
0
0
0
0
0
Angle Data
0
0
0
0
0
0
0
0
0
0
0
0
0
0
0
0
0
0
0
0
0
0
0
0
0
0
0
0
0
0
0
0
0
0
0
0
0
0
0
0
0
0
0
0
0
0
0
0
0
0
0
0
0
0
0
0
0
0
0
0
0
0
0
0
0
0
0
0
0
0
0
0
0
0
0
0
0
0
0
0
0
0
0
0
0
0
0
0
0
0
0
0
0
0
0
0
0
0
0
0
0
0
0
0
0
0
0
0
0
0
0
0
0
0
0
0
0
0
0
0
0
0
0
0
0
0
0
0
0
0
0
0
0
0
0
0
0
0
0
0
0
0
0
Bx Data
0
0
0
0
0
0
0
0
0
0
0
0
0
0
0
0
0
0
0
0
0
0
0
0
0
0
0
0
0
0
0
0
0
0
0
0
0
0
0
0
0
0
0
0
0
0
0
0
0
0
0
0
0
0
0
0
0
0
0
0
0
0
0
0
0
0
0
0
0
0
0
0
0
0
0
0
0
0
0
0
0
0
0
0
0
0
0
0
0
0
0
0
0
0
0
0
0
0
0
0
0
0
0
0
0
0
0
0
0
0
0
0
0
0
0
0
0
0
0
0
0
0
0
0
0
0
0
0
0
0
0
0
0
0
0
0
0
0
0
0
0
0
0
Hint Data
0
0
0
0
0
0
0
0
0
0
0
0
0
0
0
0
0
0
0
0
0
0
0
0
0
0
0
0
0
0
0
0
0
0
0
0
0
0
0
0
0
0
0
0
0
0
0
0
0
0
0
0
0
0
0
0
0
0
0
0
0
0
0
0
0
0
0
0
0
0
0
0
0
0
0
0
0
0
0
0
0
0
0
0
0
0
0
0
0
0
0
0
0
0
0
0
0
0
0
0
0
0
0
0
0
0
0
0
0
0
0
0
0
0
0
0
0
0
0
0
0
0
0
0
0
0
0
0
0
0
0
0
0
0
0
0
0
0
0
0
0
0
0
Torque Data
-0.060359258562
-0.058686416622
-0.05717186978
-0.054472276311
-0.051993920088
-0.051167861073
-0.048598106518
-0.04667119416
-0.044222973536
-0.04145002628
-0.0404767142
-0.038836377666
-0.036577978073
-0.034045302138
-0.032861887539
-0.030350021582
-0.028397792765
-0.026166102822
-0.024319329558
-0.022330821856
-0.019998306588
-0.018390669112
-0.015982601025
-0.014019841782
-0.0121207515156
-0.010084363092
-0.0081818855358
-0.0060706343106
-0.0053393293884
-0.0046456867938
-0.0040081498592
-0.0032764602332
-0.0025567751928
-0.0017863372528
-0.0010739021272
-0.00035161974752
0.00035678108148
0.00108160920836
0.0017801203126
0.0024919026925
0.0032118869284
0.0039360784123
0.004591797126
0.0052794534443
0.006103737459
0.0080978588482
0.0104212586802
0.012056569792
0.014036822856
0.016025148576
0.01805130169
0.02023011828
0.022353974253
0.02437020924
0.02606383575
0.027846339584
0.0292942187
0.031623654274
0.033722962479
0.036340990197
0.038480324436
0.040107774514
0.04212010507
0.04399540002
0.046546459326
0.048174524763
0.050771746488
0.052043820759
0.053895658128
0.055602340404
0.05797251924
0.061377982032
0.059562718002
0.05630003392
0.05406015131
0.051403580003
0.05016081795
0.048053120786
0.04569144462
0.044653199656
0.042341262922
0.040712025426
0.037890353564
0.035921756542
0.034464301248
0.0318407562
0.029247520792
0.02776951308
0.026060729772
0.0239178698
0.022490928486
0.01984289685
0.018065793031
0.016117026374
0.014250106584
0.01210898434
0.0100914553209
0.008136485802
0.006103414468
0.0052816115254
0.004667444106
0.0039507567324
0.0031880200422
0.0024811497295
0.001771172328
0.00106957711224
0.00035742379728
-0.0003548034165
-0.00105290674428
-0.0017780342168
-0.0024508072835
-0.0031843434222
-0.0039354634371
-0.0046560337096
-0.0053451098064
-0.0060824242005
-0.0080463999484
-0.0100514652608
-0.0121748590944
-0.01390811403
-0.016032226586
-0.018033088184
-0.020029152319
-0.0223231186
-0.02368659215
-0.02578091329
-0.027600970293
-0.029758380966
-0.031796566578
-0.033368910722
-0.035496764871
-0.037633497572
-0.039794388104
-0.041973869925
-0.043735620005
-0.045708891012
-0.047943321251
-0.04963123038
-0.052421905368
-0.053964930825
-0.05477584365
-0.057800961302
-0.061663369978
dMdH Data
8.23529411764707E-08
-1.28371089536137E-07
-9.06090609061025E-09
4.68159174119251E-09
-6.92367741548065E-08
-7.13343723774148E-09
-1.68057139427448E-09
-1.09224029286438E-08
-1.03173174974505E-08
-1.074598224994E-07
3.05558890623118E-08
-1.22967052751606E-07
5.11005817789239E-08
-1.23071381401198E-08
1.92503748125929E-08
-1.60854690594802E-07
1.41537169256615E-07
-1.36434573829532E-07
-9.1671659676451E-09
-2.98758173855665E-08
5.22365655959259E-09
6.58786824263512E-08
-1.38717225655487E-07
9.82492782849288E-08
-3.06161040707416E-08
-3.96147599441438E-08
-4.02874760586717E-08
-2.13792869039121E-07
8.63725240159781E-08
2.8310067502083E-07
-1.82233122147283E-07
7.68382664744294E-07
2.31037118831224E-08
7.36171297476423E-07
7.51719603307359E-07
1.04818988415191E-06
1.29934964595609E-06
6.56113327429448E-07
1.13214943077238E-06
9.23061300477271E-07
4.06290509654089E-07
1.62214387416096E-07
4.22745978301535E-07
-1.89466158245946E-07
6.30282366500191E-09
1.53235334688762E-07
-9.40839259801165E-08
7.52191139392482E-08
-1.57787377009836E-08
-4.35147950303105E-08
-9.6971514242879E-08
2.59319286871977E-08
1.26605064202561E-08
-9.13017396520697E-08
1.80574719539262E-08
-1.46878751500599E-07
9.42263833873484E-08
-6.11694152923546E-08
-1.96784257259412E-08
-1.01710171017103E-07
2.75460601332303E-08
3.75344765559414E-08
-1.76936936936937E-07
1.59805860147403E-07
-1.58672029777271E-07
1.39772045590888E-08
-3.40936374549819E-08
3.51592968140644E-08
-6.0602424096965E-08
-7.80350287907864E-08
1.50342095786821E-07
5.77823112924524E-08
1.98031685069476E-09
1.27069834413247E-07
-2.09515809683806E-07
-1.10418041144366E-07
1.01836293807009E-07
2.82011280451218E-08
-3.65685510460993E-08
5.40345821325531E-09
-2.37457993278924E-07
4.69621543813348E-08
4.96607217918699E-08
2.07371890919988E-08
-5.8901230861603E-08
2.57503001200467E-08
-1.56892110465463E-07
8.92921523855293E-08
-7.49369520835835E-08
-5.16631705124359E-08
-3.36694274396829E-08
2.44751049790042E-08
-3.40050377833759E-08
-9.48550159092238E-09
5.35628598848364E-08
-9.71624952768216E-08
-6.69550453266463E-08
7.62116389406044E-08
4.08968061056244E-07
-5.36729395394615E-07
2.97129056398398E-07
3.02289246654412E-08
5.20204681842125E-08
5.24773892456272E-07
4.60581490498066E-07
4.62298468892015E-07
6.88389713631235E-07
7.84764417666042E-07
1.27173476267989E-06
1.11825476259139E-06
8.12876647032787E-07
7.8801577051186E-07
8.18534394774444E-07
9.29193732630878E-08
3.20546505517606E-07
2.57405662924588E-08
-7.21581350636877E-08
5.65594593299148E-08
-2.03325176335108E-08
8.7079157414631E-08
-2.45512935950531E-08
-1.66656668066472E-07
-6.60105616898688E-09
9.27458033573152E-08
-1.32793279327934E-07
-4.01343811866332E-08
2.83313325330135E-08
-1.04448046101208E-08
-1.998799519808E-08
-5.38014498831699E-08
2.3898162603579E-08
-9.20926325893939E-08
7.36652669466114E-08
-2.39570846319827E-07
1.64774433831921E-07
-9.84452848310218E-08
-4.94633970861565E-08
7.38206697875414E-08
-1.13105601248725E-07
1.74059180121249E-08
6.71185220729366E-08
-1.99808164978119E-07
-1.99808164978119E-07
dMdT Data
0
0
0
0
0
0
0
0
0
0
0
0
0
0
0
0
0
0
0
0
0
0
0
0
0
0
0
0
0
0
0
0
0
0
0
0
0
0
0
0
0
0
0
0
0
0
0
0
0
0
0
0
0
0
0
0
0
0
0
0
0
0
0
0
0
0
0
0
0
0
0
0
0
0
0
0
0
0
0
0
0
0
0
0
0
0
0
0
0
0
0
0
0
0
0
0
0
0
0
0
0
0
0
0
0
0
0
0
0
0
0
0
0
0
0
0
0
0
0
0
0
0
0
0
0
0
0
0
0
0
0
0
0
0
0
0
0
0
0
0
0
0
0
 
*********************************************** Results ***************************************
 
TotalArea 0.00065004577012
AreaFirstQuad 1.9838456205827E-04
AreaSecondQuad 4.51661208061729E-04
AreaThirdQuad 0
AreaFourthQuad 0
Coercivity 0
PositiveCoercivity 0
NegativeCoercivity 0
Retentivity 1.05292202190922E-05
PositiveRetentivity 2.21337476926397E-04
NegativeRetentivity 2.00279036488213E-04
Magnetization 0.000238935
PositiveMagnetization 0.000238935
NegativeMagnetization 0.000186994
Flatness -20.0212601048133
Squareness 4.40672995546581E-02
SStar 0
SFD1 0
SFD2 0
Slope 0
Intercept 0
SlopeAtHc -1.99808164978119E-07
dH1 0
dH2 26.47211
InitialSlope 8.23529411764707E-08
FieldAtHalfMs 0
FieldAtMs 44.1132
MomentMean 2.1286641958042E-04
MomentRMS 2.03814591211527E-05
SFD3 0
dH3 0
UserField1 0
UserField2 0
CenterField 0
ExchangeField 0
ExchangeMoment 0
ExRegionOneIntercept 0
ExRegionOneSlope 0
ExRegionTwoIntercept 0
ExRegionTwoSlope 0
NegativeIntercept 0
NegativeSlope 0
AutoCenterOffset 0
PinningField 0
PinningMoment 0
PinRegionOneIntercept 0
PinRegionOneSlope 0
PinRegionTwoIntercept 0
PinRegionTwoSlope 0
PositiveIntercept 0
PositiveSlope 0
TotalOffset 0
BHMax 0
BCoercivity 0
BRetentivity 0
BNegativeCoercivity 0
BPositiveCoercivity 0
BNegativeRetentivity 0
BPositiveRetentivity 0
MomentYMean -1.20703384615385E-04
MomentYRMS 1.40598825412859E-06
YOffCorrection 0
Mrt 0
Ms1 0
Ms2 0
Ms3 0
Hc2 0
Hex2 0
HsatValue 0
HsatIntercept 0
HsatSlope 0
CenterH 0
Span .000051941
SpanAsPercentOfRange -3.46273333333333
RMSAsPercentOfRange -1.35876394141018
SpanAsPercentOfMean 24.4007486490263
RMSAsPercentOfMean 9.57476485080482
