Version 1.25
******************************************** Units *******************************************
System CGS
TemperatureUnit K
MomentUnit emu
AppliedFieldUnit G
 
******************************************** Setup ********************************************
 
Experiment CustomField
Minor False
Acquisition PointByPoint
EditedPoint No
MaxField 15000
FieldIncrement 750
Points 81
MinField 0
RampRate 10
AverageTime 6
TimeInterval 10
TimeConstant 1
TimeConstantIndex 2
Sensitivity -0.0015
SensitivityIndex 5
SensitivityY -4
SensitivityIndexY 0
SaturationField 8000
ExperimentTime 486
Use735Domains False
AutoRangeEnabled False
NumberOfVertices 11
VertexPts
0
10
15
25
30
40
50
55
65
70
80
VertexField
15000
2000
500
-500
-2000
-15000
-2000
-500
500
2000
15000
StartAngle 0
EndAngle 0
AngleIncrement 0
StartTemp 0
FinishTemp 0
TempIncrement 0
TempPoints 0
LengthofSetPointsArray 81
SetPointArray
15000
13700
12400
11100
9800
8500
7200
5900
4600
3300
2000
1700
1400
1100
800
500
400
300
200
100
0
-100
-200
-300
-400
-500
-800
-1100
-1400
-1700
-2000
-3300
-4600
-5900
-7200
-8500
-9800
-11100
-12400
-13700
-15000
-13700
-12400
-11100
-9800
-8500
-7200
-5900
-4600
-3300
-2000
-1700
-1400
-1100
-800
-500
-400
-300
-200
-100
0
100
200
300
400
500
800
1100
1400
1700
2000
3300
4600
5900
7200
8500
9800
11100
12400
13700
15000
FieldDomainFile c:\Ideasvsm\Default UserID\Experiments\Jason_1p5T_cus\fdomain.ini
TempDomainFile c:\Ideasvsm\Default UserID\Experiments\Jason_1p5T_cus\tdomain.ini
NumSelectedResults 0
ResultsSelected 
UserName1 
UserValue1 
UserName2 
UserValue2 
LinearBackgroundCorrection Off
MaxLinearFieldCorrection 
MinLinearFieldCorrection 
AutoLinearCorrection Off
FitOneRegion Off
BackgroundMode Off
BackgroundFilename 
AutoCenter Off
OffsetCorrection 
SmoothDeriv Off
DerivOrder 0
DerivPoints 0
MinExFieldOne 
MaxExFieldOne 
MinExFieldTwo 
MaxExFieldTwo 
MinPinFieldOne 
MaxPinFieldOne 
MinPinFieldTwo 
MaxPinFieldTwo 
HCenterStart 
Mass 
Volume 
Density 
MolarWeight 
NumberOfMoles 
Demagnetization 
SampleArea 
Thickness 
MomentScaling 0
XAxis 0
YAxis 0
SimpleSpinValve False
HsatMax 0
HsatMin 0
FieldAutoRange True
 
*************************************************** Experiment Data ********************************************
 
DataPoints 81
MomentX Data
-0.0000563747
-0.0000321886
-0.00000895314
0.0000174967
0.0000412578
0.0000640055
0.000089524
0.0001195
0.000143229
0.000167752
0.000194461
0.000204344
0.000210805
0.000216335
0.000223607
0.000231522
0.00023301
0.000234227
0.000237869
0.000237459
0.000223328
0.00018818
0.000191975
0.000192828
0.000194916
0.000196862
0.0002029
0.000210336
0.000216666
0.000222914
0.000229612
0.000254832
0.000282744
0.000312989
0.000330793
0.000358331
0.000391691
0.000411127
0.000433512
0.000457428
0.000480963
0.000457297
0.000437491
0.000414153
0.000389926
0.000363511
0.000343238
0.000305266
0.000282689
0.000262707
0.000230927
0.000224424
0.000216323
0.000207174
0.000201701
0.000196183
0.000194692
0.000194634
0.000191553
0.000188847
0.000202048
0.000240226
0.000236451
0.000236079
0.000233194
0.000229438
0.000225367
0.000218649
0.000210763
0.000203735
0.00019827
0.000169721
0.000149163
0.000107771
0.0000841385
0.0000664109
0.000037464
0.0000145552
-0.0000082372
-0.0000332887
-0.0000571262
MomentY Data
-0.000116165
-0.000115943
-0.00011576
-0.000115784
-0.000116531
-0.000119241
-0.000116571
-0.000116579
-0.000117461
-0.000119384
-0.000118764
-0.000117779
-0.000119027
-0.000118701
-0.000118311
-0.000118629
-0.00011855
-0.000118136
-0.000118454
-0.000118581
-0.000117628
-0.000116285
-0.000116849
-0.000117358
-0.000119956
-0.000120425
-0.000119845
-0.00012002
-0.000120298
-0.000122261
-0.000121172
-0.000120139
-0.00011843
-0.000119384
-0.000119146
-0.000119289
-0.000119925
-0.000116944
-0.000121419
-0.000119909
-0.000122444
-0.000117421
-0.000120282
-0.000118391
-0.000117056
-0.000118883
-0.000119138
-0.000120727
-0.000118732
-0.000117215
-0.000119877
-0.000119583
-0.000119718
-0.00012145
-0.000119996
-0.00012122
-0.000121204
-0.000123151
-0.000121888
-0.000122746
-0.000122293
-0.000122007
-0.00012269
-0.000122873
-0.000124168
-0.000123525
-0.000123707
-0.000122587
-0.000123
-0.000124717
-0.000124049
-0.000121951
-0.000121268
-0.000119479
-0.000117501
-0.000118653
-0.000119845
-0.000120227
-0.000120544
-0.000116555
-0.000118272
Field Data
15000
13700
12400
11100
9799.98
8499.97
7199.95
5899.96
4599.96
3299.94
1999.96
1699.97
1399.98
1099.98
799.978
499.98
399.983
299.988
199.987
99.9897
-0.00572833
-100.012
-200.009
-300.006
-400.008
-500.007
-800.011
-1100.02
-1400.02
-1700.02
-2000.02
-3300.05
-4600.07
-5900.07
-7200.06
-8500.04
-9800.03
-11100
-12400
-13700
-15000
-13700
-12400
-11100
-9799.99
-8499.96
-7199.96
-5899.96
-4599.97
-3299.99
-1999.96
-1699.98
-1399.98
-1099.98
-799.975
-499.979
-399.985
-299.987
-199.99
-99.9881
0.00694606
100.01
200.009
300.007
400.011
500.01
800.016
1100.01
1400.02
1700.02
2000.02
3300.04
4600.05
5900.06
7200.08
8500.04
9800.03
11100
12400
13700
15000
Time Data
0
14.508
29.048
43.571
58.126
72.665
87.251
101.806
116.33
131.899
146.438
159.995
173.567
187.092
200.633
214.127
227.684
242.207
255.733
269.227
282.736
296.277
309.849
323.39
337.992
351.533
366.103
379.66
393.185
406.742
420.282
434.822
450.406
464.93
479.469
494.024
508.563
523.118
537.626
552.166
566.689
581.229
595.846
610.416
625.034
639.573
654.128
668.62
683.222
698.775
713.283
726.856
740.381
753.969
767.494
781.019
794.576
809.131
822.687
836.259
849.8
863.341
876.929
890.485
905.056
918.55
932.137
945.663
959.172
972.698
986.223
1000.73
1016.36
1030.93
1045.49
1060.07
1074.61
1089.17
1103.74
1118.32
1132.88
Temperature Data
0
0
0
0
0
0
0
0
0
0
0
0
0
0
0
0
0
0
0
0
0
0
0
0
0
0
0
0
0
0
0
0
0
0
0
0
0
0
0
0
0
0
0
0
0
0
0
0
0
0
0
0
0
0
0
0
0
0
0
0
0
0
0
0
0
0
0
0
0
0
0
0
0
0
0
0
0
0
0
0
0
Angle Data
0
0
0
0
0
0
0
0
0
0
0
0
0
0
0
0
0
0
0
0
0
0
0
0
0
0
0
0
0
0
0
0
0
0
0
0
0
0
0
0
0
0
0
0
0
0
0
0
0
0
0
0
0
0
0
0
0
0
0
0
0
0
0
0
0
0
0
0
0
0
0
0
0
0
0
0
0
0
0
0
0
Bx Data
0
0
0
0
0
0
0
0
0
0
0
0
0
0
0
0
0
0
0
0
0
0
0
0
0
0
0
0
0
0
0
0
0
0
0
0
0
0
0
0
0
0
0
0
0
0
0
0
0
0
0
0
0
0
0
0
0
0
0
0
0
0
0
0
0
0
0
0
0
0
0
0
0
0
0
0
0
0
0
0
0
Hint Data
0
0
0
0
0
0
0
0
0
0
0
0
0
0
0
0
0
0
0
0
0
0
0
0
0
0
0
0
0
0
0
0
0
0
0
0
0
0
0
0
0
0
0
0
0
0
0
0
0
0
0
0
0
0
0
0
0
0
0
0
0
0
0
0
0
0
0
0
0
0
0
0
0
0
0
0
0
0
0
0
0
Torque Data
-1.742475
-1.5884191
-1.435424
-1.2852024
-1.14200146938
-1.01354492277
-0.83930537145
-0.68781143684
-0.54031590156
-0.39396003696
-0.23752324944
-0.20022076663
-0.16663541946
-0.13056872598
-0.094646197158
-0.05931212742
-0.04741798465
-0.035439382368
-0.023689260098
-0.0118568786157
6.7381200124E-07
0.01162989542
0.023370851641
0.035208104148
0.047983359648
0.060213342975
0.095877318295
0.1320244004
0.16841960596
0.20784614522
0.24234642344
0.39646470695
0.5447862901
0.70437395688
0.85785834876
1.01396127156
1.17526859775
1.2980784
1.5055956
1.6427533
1.83666
1.6086677
1.4914968
1.3141401
1.14714762944
1.01050074468
0.85778883448
0.71228447092
0.54616363804
0.38680832785
0.23974920492
0.20328870834
0.16760280564
0.133592571
0.0959938001
0.06060745438
0.04847978194
0.036943699037
0.02437638112
0.0122731393226
-8.4945451558E-07
-0.01220192007
-0.02453910421
-0.036862760111
-0.049668565848
-0.06176373525
-0.098967579312
-0.13484692587
-0.17220246
-0.21202139434
-0.24810048098
-0.40244317804
-0.5578388634
-0.70493326874
-0.84601660008
-1.00855524612
-1.17448459535
-1.3345197
-1.4947456
-1.5968035
-1.77408
dMdH Data
-1.86046923076923E-08
-1.78734307692308E-08
-2.03460307692308E-08
-1.82774880386456E-08
-1.7498096168491E-08
-1.96293133951785E-08
-2.3058638912607E-08
-1.82530769230769E-08
-1.88635559452931E-08
-2.05457007030877E-08
-3.29444314810494E-08
-2.1537384579486E-08
-1.84333333333334E-08
-2.42398384010773E-08
-2.63835092233949E-08
-1.48804464133922E-08
-1.21706085304265E-08
-3.64196358036421E-08
4.10011070298903E-09
1.41316460522231E-07
3.51457957716703E-07
-3.79511385341559E-08
-8.53025590767737E-09
-2.08795824083518E-08
-1.94601946019461E-08
-2.01263983146891E-08
-2.4785923088974E-08
-0.0000000211
-2.08266666666667E-08
-2.23266666666667E-08
-1.93995523180234E-08
-2.14704389163244E-08
-2.32653846153846E-08
-1.36954899653074E-08
-2.11834028215818E-08
-2.56617358595066E-08
-1.49511142564829E-08
-1.72192307692308E-08
-1.83969230769231E-08
-1.81038461538461E-08
-1.82046153846154E-08
-1.52353846153846E-08
-1.79523076923077E-08
-1.8636010492227E-08
-2.0318761874726E-08
-1.55946153846154E-08
-2.92092307692308E-08
-1.73670566696667E-08
-1.53710057077801E-08
-2.44455897171604E-08
-2.16781118741249E-08
-2.70033333333333E-08
-3.04966666666667E-08
-1.82430292828452E-08
-1.83935785810478E-08
-1.49108946536793E-08
-5.80011600231921E-10
-3.081092432773E-08
-2.70594858697684E-08
1.32016540020183E-07
3.81768341023926E-07
-3.7750377503775E-08
-3.72007440148805E-09
-2.88488460461581E-08
-3.7560375603756E-08
-1.35697286054279E-08
-2.23937812089575E-08
-2.6285790473651E-08
-2.34266666666666E-08
-1.82166666666666E-08
-2.19604313779788E-08
-1.58137245098115E-08
-3.18397550788071E-08
-1.81785664835926E-08
-1.36370349856918E-08
-2.22670174385957E-08
-1.76225605206274E-08
-1.75326153846154E-08
-1.92703846153846E-08
-1.83365384615385E-08
-1.83365384615385E-08
dMdT Data
0
0
0
0
0
0
0
0
0
0
0
0
0
0
0
0
0
0
0
0
0
0
0
0
0
0
0
0
0
0
0
0
0
0
0
0
0
0
0
0
0
0
0
0
0
0
0
0
0
0
0
0
0
0
0
0
0
0
0
0
0
0
0
0
0
0
0
0
0
0
0
0
0
0
0
0
0
0
0
0
0
 
*********************************************** Results ***************************************
 
TotalArea -1.32082080051897E-02
AreaFirstQuad 1.38809508290992E-02
AreaSecondQuad -2.81119207651157E-02
AreaThirdQuad 0
AreaFourthQuad 1.02276193082702E-03
Coercivity 14.8889750960934
PositiveCoercivity 11930.1784805461
NegativeCoercivity 11959.9564307383
Retentivity 1.06408632510641E-05
PositiveRetentivity 2.2332880950732E-04
NegativeRetentivity 2.02047083005192E-04
Magnetization 0.0002690446
PositiveMagnetization 0.000480963
NegativeMagnetization -0.0000571262
Flatness -19.6191331948933
Squareness 3.95505550048733E-02
SStar 36.1262963916491
SFD1 18.5631481958246
SFD2 513.801850068727
Slope 0
Intercept 0
SlopeAtHc -2.03460307692308E-08
dH1 -261.49727609663
dH2 7649.98295
InitialSlope -1.86046923076923E-08
FieldAtHalfMs 0
FieldAtMs -15000
MomentMean 2.10140025432099E-04
MomentRMS 1.2049891639394E-04
SFD3 36.1262963916492
dH3 -522.99455219326
UserField1 0
UserField2 0
CenterField 0
ExchangeField 0
ExchangeMoment 0
ExRegionOneIntercept 0
ExRegionOneSlope 0
ExRegionTwoIntercept 0
ExRegionTwoSlope 0
NegativeIntercept 0
NegativeSlope 0
AutoCenterOffset 0
PinningField 0
PinningMoment 0
PinRegionOneIntercept 0
PinRegionOneSlope 0
PinRegionTwoIntercept 0
PinRegionTwoSlope 0
PositiveIntercept 0
PositiveSlope 0
TotalOffset 0
BHMax 0
BCoercivity 0
BRetentivity 0
BNegativeCoercivity 0
BPositiveCoercivity 0
BNegativeRetentivity 0
BPositiveRetentivity 0
MomentYMean -1.19655135802469E-04
MomentYRMS 2.22593549296182E-06
YOffCorrection 0
Mrt 0
Ms1 0
Ms2 0
Ms3 0
Hc2 0
Hex2 0
HsatValue 0
HsatIntercept 0
HsatSlope 0
CenterH 0
Span .0005380892
SpanAsPercentOfRange -35.8726133333333
RMSAsPercentOfRange -8.03326109292936
SpanAsPercentOfMean 256.062213228326
RMSAsPercentOfMean 57.3422012994266
