Version 1.25
******************************************** Units *******************************************
System CGS
TemperatureUnit K
MomentUnit emu
AppliedFieldUnit G
 
******************************************** Setup ********************************************
 
Experiment CustomField
Minor False
Acquisition PointByPoint
EditedPoint No
MaxField 500
FieldIncrement 16.6666666666667
Points 143
MinField 0
RampRate 500
AverageTime 3
TimeInterval 0
TimeConstant 0.3
TimeConstantIndex 1
Sensitivity -0.0015
SensitivityIndex 5
SensitivityY -4
SensitivityIndexY 0
SaturationField 8000
ExperimentTime 429
Use735Domains False
AutoRangeEnabled False
NumberOfVertices 7
VertexPts
0
27
44
71
98
115
142
VertexField
500
50
-50
-500
-50
50
500
StartAngle 0
EndAngle 0
AngleIncrement 0
StartTemp 0
FinishTemp 0
TempIncrement 0
TempPoints 0
LengthofSetPointsArray 143
SetPointArray
500
483.333333333333
466.666666666667
450
433.333333333333
416.666666666667
400
383.333333333333
366.666666666667
350
333.333333333333
316.666666666666
300
283.333333333333
266.666666666666
250
233.333333333333
216.666666666666
200
183.333333333333
166.666666666666
150
133.333333333333
116.666666666666
99.9999999999998
83.3333333333331
66.6666666666665
50
44.1176470588235
38.2352941176471
32.3529411764706
26.4705882352941
20.5882352941176
14.7058823529412
8.8235294117647
2.94117647058823
-2.94117647058824
-8.82352941176471
-14.7058823529412
-20.5882352941177
-26.4705882352941
-32.3529411764706
-38.2352941176471
-44.1176470588235
-50
-66.6666666666667
-83.3333333333333
-100
-116.666666666667
-133.333333333333
-150
-166.666666666667
-183.333333333333
-200
-216.666666666667
-233.333333333333
-250
-266.666666666667
-283.333333333333
-300
-316.666666666667
-333.333333333333
-350
-366.666666666667
-383.333333333333
-400
-416.666666666667
-433.333333333333
-450
-466.666666666667
-483.333333333334
-500
-483.333333333333
-466.666666666667
-450
-433.333333333333
-416.666666666667
-400
-383.333333333333
-366.666666666667
-350
-333.333333333333
-316.666666666666
-300
-283.333333333333
-266.666666666666
-250
-233.333333333333
-216.666666666666
-200
-183.333333333333
-166.666666666666
-150
-133.333333333333
-116.666666666666
-99.9999999999998
-83.3333333333331
-66.6666666666665
-50
-44.1176470588235
-38.2352941176471
-32.3529411764706
-26.4705882352941
-20.5882352941176
-14.7058823529412
-8.8235294117647
-2.94117647058823
2.94117647058824
8.82352941176471
14.7058823529412
20.5882352941177
26.4705882352941
32.3529411764706
38.2352941176471
44.1176470588235
50
66.6666666666667
83.3333333333333
100
116.666666666667
133.333333333333
150
166.666666666667
183.333333333333
200
216.666666666667
233.333333333333
250
266.666666666667
283.333333333333
300
316.666666666667
333.333333333333
350
366.666666666667
383.333333333333
400
416.666666666667
433.333333333333
450
466.666666666667
483.333333333334
500
FieldDomainFile c:\Ideasvsm\Default UserID\Experiments\Jason_500G\fdomain.ini
TempDomainFile c:\Ideasvsm\Default UserID\Experiments\Jason_500G\tdomain.ini
NumSelectedResults 0
ResultsSelected 
UserName1 
UserValue1 
UserName2 
UserValue2 
LinearBackgroundCorrection Off
MaxLinearFieldCorrection 
MinLinearFieldCorrection 
AutoLinearCorrection Off
FitOneRegion Off
BackgroundMode Off
BackgroundFilename 
AutoCenter Off
OffsetCorrection 
SmoothDeriv Off
DerivOrder 0
DerivPoints 0
MinExFieldOne 
MaxExFieldOne 
MinExFieldTwo 
MaxExFieldTwo 
MinPinFieldOne 
MaxPinFieldOne 
MinPinFieldTwo 
MaxPinFieldTwo 
HCenterStart 
Mass 
Volume 
Density 
MolarWeight 
NumberOfMoles 
Demagnetization 
SampleArea 
Thickness 
MomentScaling 0
XAxis 0
YAxis 0
SimpleSpinValve False
HsatMax 0
HsatMin 0
FieldAutoRange False
 
*************************************************** Experiment Data ********************************************
 
DataPoints 143
MomentX Data
0.000220297
0.000221033
0.000221568
0.000222029
0.000223332
0.000220338
0.000223329
0.000223758
0.000224397
0.000225558
0.000225735
0.00022446
0.000226354
0.000227055
0.000227107
0.000227404
0.000227989
0.000227915
0.000229481
0.000229169
0.000230612
0.000230927
0.000229176
0.000231556
0.000230902
0.000231704
0.000232812
0.000232636
0.000231618
0.000232968
0.000229399
0.000228808
0.000227564
0.000224453
0.000220444
0.00021494
0.000208653
0.000202699
0.000199981
0.000198031
0.000196278
0.000195099
0.000193984
0.000193755
0.000194639
0.000194639
0.000194167
0.000196443
0.00019624
0.000196334
0.000195501
0.00019851
0.000198693
0.000199131
0.000198802
0.000199811
0.000199691
0.000199497
0.000202172
0.00020126
0.000201761
0.000201892
0.000201848
0.0002015
0.000202612
0.000201885
0.000205587
0.000204055
0.000204266
0.000205198
0.000204827
0.000205645
0.000205425
0.000206921
0.00020516
0.000205161
0.000205512
0.000203163
0.000204161
0.000202413
0.000203673
0.000202462
0.000201445
0.000199446
0.000201907
0.000200512
0.000199685
0.000199179
0.00019911
0.000199442
0.000196823
0.00019657
0.000197074
0.00019685
0.000195897
0.000197296
0.000194389
0.000195933
0.000194584
0.000194311
0.000196011
0.000195088
0.000194919
0.000196823
0.000198338
0.000202776
0.00020798
0.000211931
0.000220154
0.00022431
0.000227674
0.000230172
0.000230145
0.000230942
0.000233278
0.000232141
0.000232487
0.000233736
0.000232162
0.000232644
0.000230666
0.000230122
0.000230439
0.000229559
0.000229341
0.000227684
0.000230159
0.000227298
0.000227296
0.000227724
0.000227792
0.00022408
0.000224697
0.00022484
0.000224241
0.000223902
0.00022349
0.000224433
0.00022188
0.000221778
0.000223055
0.00022123
0.000223193
MomentY Data
-0.000121355
-0.000121069
-0.00011994
-0.000122547
-0.000122722
-0.000119829
-0.000122039
-0.000119893
-0.000121689
-0.000123358
-0.000122992
-0.000121752
-0.000122039
-0.000120974
-0.000120862
-0.000119845
-0.000118033
-0.000122531
-0.000119654
-0.000118574
-0.000121419
-0.000119511
-0.000121911
-0.000119066
-0.000120036
-0.000120656
-0.000120846
-0.00012064
-0.000121085
-0.000120004
-0.000120576
-0.000119988
-0.000118542
-0.000118717
-0.00011913
-0.000118939
-0.000119734
-0.000120576
-0.000119273
-0.000120767
-0.000118605
-0.00012002
-0.000119797
-0.000119193
-0.00011913
-0.000121705
-0.000118621
-0.000118717
-0.000119289
-0.000118144
-0.000118144
-0.000117906
-0.000119289
-0.000118144
-0.000119066
-0.00011913
-0.000120211
-0.000120052
-0.000117826
-0.000119797
-0.000117207
-0.000118494
-0.000119845
-0.000118526
-0.000119082
-0.000121037
-0.000120179
-0.000121466
-0.000121403
-0.000121514
-0.000120703
-0.00011975
-0.000120703
-0.000118589
-0.000119638
-0.000117636
-0.00011886
-0.000118399
-0.000119607
-0.000118478
-0.000119241
-0.000118065
-0.000118494
-0.000119193
-0.000119654
-0.000118621
-0.000120195
-0.00011975
-0.000121435
-0.000121419
-0.000118717
-0.000119066
-0.000120926
-0.000122388
-0.000120831
-0.000118272
-0.000120322
-0.000120544
-0.00011913
-0.000119384
-0.000120846
-0.000121768
-0.000122023
-0.000119209
-0.000119956
-0.000119607
-0.000119384
-0.000121021
-0.000120751
-0.000120322
-0.000120131
-0.000120163
-0.000121419
-0.00012242
-0.000119766
-0.000119638
-0.000119352
-0.000119861
-0.000118955
-0.000119527
-0.000118923
-0.000117413
-0.000117429
-0.000118001
-0.000118144
-0.000117731
-0.00011967
-0.000118224
-0.000116428
-0.000119082
-0.000119321
-0.000119925
-0.000118351
-0.000119178
-0.000120242
-0.000119321
-0.000118494
-0.000118494
-0.000117461
-0.00011994
-0.000118542
-0.000119352
-0.000120163
Field Data
500.001
483.32
466.661
450
433.333
416.671
399.995
383.331
366.654
350
333.318
316.664
299.985
283.33
266.661
249.993
233.324
216.665
199.999
183.331
166.668
150.006
133.337
116.657
99.9881
83.3133
66.6715
49.9892
44.1048
38.2317
32.3391
26.4665
20.5807
14.6963
8.81953
2.946
-2.94493
-8.82602
-14.7179
-20.5902
-26.4811
-32.3569
-38.2445
-44.1279
-49.9985
-66.6754
-83.3357
-99.9979
-116.67
-133.324
-150.003
-166.665
-183.348
-200.01
-216.662
-233.337
-250.003
-266.664
-283.345
-299.988
-316.68
-333.348
-350.01
-366.66
-383.334
-400.003
-416.677
-433.337
-450.011
-466.67
-483.344
-499.997
-483.343
-466.673
-449.992
-433.332
-416.679
-400.005
-383.34
-366.666
-349.996
-333.341
-316.666
-300.014
-283.339
-266.661
-250.005
-233.334
-216.672
-199.989
-183.341
-166.66
-150.001
-133.343
-116.666
-99.9984
-83.3329
-66.6719
-49.985
-44.1231
-38.2405
-32.3472
-26.4878
-20.5945
-14.6986
-8.82527
-2.94267
2.95472
8.81804
14.7016
20.5761
26.4693
32.3462
38.2345
44.1148
50.0105
66.6715
83.3163
100.001
116.667
133.333
149.987
166.668
183.339
200.001
216.661
233.333
249.993
266.672
283.336
300.003
316.666
333.333
349.997
366.666
383.324
399.998
416.675
433.328
450.002
466.673
483.321
499.999
Time Data
0
10.421
20.811
31.185
41.59
51.995
62.369
72.775
83.211
93.601
104.022
114.443
124.832
135.206
146.626
157.062
167.467
177.873
188.262
198.667
209.104
219.525
229.899
240.32
250.725
261.13
271.536
281.925
292.346
302.751
313.157
323.593
333.998
344.404
354.84
365.23
375.651
386.071
396.461
406.835
417.225
427.646
438.035
448.456
458.846
469.251
479.656
490.062
501.512
511.902
523.337
533.758
544.163
554.599
565.005
575.394
585.784
596.205
606.626
617.031
627.499
637.888
648.294
658.699
669.12
679.525
689.915
700.304
710.678
721.099
731.504
741.925
752.331
762.751
773.141
783.546
793.952
804.341
814.715
825.121
835.542
846.961
857.35
867.74
878.145
888.535
898.925
909.346
919.751
930.172
940.593
951.013
961.419
971.855
982.26
992.666
1003.05
1013.46
1023.85
1034.27
1044.68
1055.07
1065.47
1075.88
1086.28
1096.69
1107.06
1117.47
1127.89
1138.28
1148.67
1159.07
1169.48
1180.91
1191.33
1201.75
1212.16
1222.61
1233.02
1243.44
1253.84
1264.23
1274.64
1285.01
1295.43
1305.82
1316.23
1326.62
1337.02
1347.41
1357.77
1368.16
1378.56
1388.94
1399.34
1409.77
1420.19
1430.56
1440.97
1451.34
1461.74
1472.15
1482.57
Temperature Data
0
0
0
0
0
0
0
0
0
0
0
0
0
0
0
0
0
0
0
0
0
0
0
0
0
0
0
0
0
0
0
0
0
0
0
0
0
0
0
0
0
0
0
0
0
0
0
0
0
0
0
0
0
0
0
0
0
0
0
0
0
0
0
0
0
0
0
0
0
0
0
0
0
0
0
0
0
0
0
0
0
0
0
0
0
0
0
0
0
0
0
0
0
0
0
0
0
0
0
0
0
0
0
0
0
0
0
0
0
0
0
0
0
0
0
0
0
0
0
0
0
0
0
0
0
0
0
0
0
0
0
0
0
0
0
0
0
0
0
0
0
0
0
Angle Data
0
0
0
0
0
0
0
0
0
0
0
0
0
0
0
0
0
0
0
0
0
0
0
0
0
0
0
0
0
0
0
0
0
0
0
0
0
0
0
0
0
0
0
0
0
0
0
0
0
0
0
0
0
0
0
0
0
0
0
0
0
0
0
0
0
0
0
0
0
0
0
0
0
0
0
0
0
0
0
0
0
0
0
0
0
0
0
0
0
0
0
0
0
0
0
0
0
0
0
0
0
0
0
0
0
0
0
0
0
0
0
0
0
0
0
0
0
0
0
0
0
0
0
0
0
0
0
0
0
0
0
0
0
0
0
0
0
0
0
0
0
0
0
Bx Data
0
0
0
0
0
0
0
0
0
0
0
0
0
0
0
0
0
0
0
0
0
0
0
0
0
0
0
0
0
0
0
0
0
0
0
0
0
0
0
0
0
0
0
0
0
0
0
0
0
0
0
0
0
0
0
0
0
0
0
0
0
0
0
0
0
0
0
0
0
0
0
0
0
0
0
0
0
0
0
0
0
0
0
0
0
0
0
0
0
0
0
0
0
0
0
0
0
0
0
0
0
0
0
0
0
0
0
0
0
0
0
0
0
0
0
0
0
0
0
0
0
0
0
0
0
0
0
0
0
0
0
0
0
0
0
0
0
0
0
0
0
0
0
Hint Data
0
0
0
0
0
0
0
0
0
0
0
0
0
0
0
0
0
0
0
0
0
0
0
0
0
0
0
0
0
0
0
0
0
0
0
0
0
0
0
0
0
0
0
0
0
0
0
0
0
0
0
0
0
0
0
0
0
0
0
0
0
0
0
0
0
0
0
0
0
0
0
0
0
0
0
0
0
0
0
0
0
0
0
0
0
0
0
0
0
0
0
0
0
0
0
0
0
0
0
0
0
0
0
0
0
0
0
0
0
0
0
0
0
0
0
0
0
0
0
0
0
0
0
0
0
0
0
0
0
0
0
0
0
0
0
0
0
0
0
0
0
0
0
Torque Data
-0.060677621355
-0.05851506908
-0.05597132034
-0.05514615
-0.053179492426
-0.049929269259
-0.048814989805
-0.045958703583
-0.044617758606
-0.0431753
-0.040995447456
-0.038554475328
-0.036609869415
-0.03427556342
-0.032229181782
-0.029960411085
-0.027539931692
-0.026548179115
-0.023930680346
-0.021738289994
-0.020236661892
-0.017927367066
-0.016255247007
-0.013889882362
-0.0120021715716
-0.0100522495248
-0.008056984089
-0.006030697088
-0.005340429708
-0.0045879569268
-0.0038993193216
-0.003175662402
-0.0024396773394
-0.0017447006471
-0.0010506706089
-0.000350394294
0.00035260824862
0.00106420618752
0.0017554480867
0.0024866166834
0.0031407908655
0.003883475138
0.0045815763665
0.0052597367847
0.005956321305
0.008114729557
0.0098853640697
0.0118714506943
0.01391744763
0.015751430656
0.017721954432
0.01965080349
0.021871399572
0.02362998144
0.025797077692
0.02779743681
0.030053110633
0.032013546528
0.03338540797
0.035937662436
0.03711711276
0.039499737912
0.04194694845
0.04345874316
0.045648179388
0.048415163111
0.050075825183
0.052635712042
0.054632685433
0.05670693838
0.058341070832
0.05987464075
0.058340950129
0.055342284397
0.053836142896
0.050975443152
0.04952646594
0.047360191995
0.04585014738
0.043441854348
0.041733873036
0.039355905165
0.037523021004
0.035759568702
0.033902644706
0.031631594481
0.030049350975
0.0279417465
0.02631156432
0.024282464391
0.021765693497
0.01984353956
0.018139020926
0.016319583084
0.014096869446
0.0118270107648
0.0100267811938
0.0080368975136
0.00595471305
0.0052675921704
0.004621211463
0.0039388538496
0.0032321208194
0.0024550497505
0.0017631852616
0.00105556406889
0.00035130771528
-0.00035758316912
-0.00106478714804
-0.0017689259152
-0.0024718274691
-0.0031806304959
-0.0039274432578
-0.00468066749
-0.0052834531368
-0.005983156199
-0.007957376868
-0.0099863750343
-0.011895618955
-0.013944856509
-0.015856360359
-0.017610423631
-0.019571656572
-0.021634185339
-0.023628918144
-0.025507716191
-0.02792296011
-0.029555172432
-0.031048087616
-0.033740217552
-0.035796657963
-0.03797617005
-0.039450293883
-0.041711942466
-0.044088653172
-0.045738603004
-0.047397363012
-0.04937348745
-0.050899140208
-0.05397323988
-0.055320350766
-0.057685327992
-0.060081379837
dMdH Data
-4.41220550326728E-08
-3.21147727954856E-08
-2.76694075985832E-08
-7.81784364312713E-08
1.79690313287721E-07
-1.79359558647158E-07
-2.57441190590498E-08
-3.83162439287644E-08
-6.97129818662174E-08
-1.06102385805056E-08
7.65581842200066E-08
-1.13555968583249E-07
-4.20894626238353E-08
-3.11956326114378E-09
-1.78185745140397E-08
-3.50950866878635E-08
4.44204333993634E-09
-9.39637585503415E-08
1.87185025197988E-08
-8.65990517913946E-08
-1.8905293482175E-08
1.05045293658888E-07
-1.42685851318946E-07
3.92347425444989E-08
-4.80965288938996E-08
-6.65793363698632E-08
1.05501040024461E-08
1.72999796070964E-07
-2.29861572253155E-07
6.05674914299292E-07
1.00636855907095E-07
2.11356145298853E-07
5.28686017265992E-07
6.82177454622181E-07
9.37085534593338E-07
1.06723386629955E-06
1.01239736171356E-06
4.61312857695676E-07
3.32067503363251E-07
2.97577619718546E-07
2.00653528030225E-07
1.89381072083705E-07
3.89230716932388E-08
-1.505808605594E-07
0
2.83308223741472E-08
-1.36596607890915E-07
1.21760306140197E-08
-5.64428966014106E-09
4.99430421488098E-08
-1.805905653583E-07
-1.09692501348683E-08
-2.62873604609282E-08
1.97573865001186E-08
-6.05097451274349E-08
7.20028801151999E-09
1.16439589460412E-08
-1.603620886038E-07
5.47978128943097E-08
-3.00143781452193E-08
-7.85937125030013E-09
2.64073940703488E-09
2.09009009009011E-08
-6.6690656111311E-08
4.36138940548313E-08
-2.22022310183518E-07
9.19567827130853E-08
-1.26544320498989E-08
-5.59457350381166E-08
2.22502099076399E-08
-4.91202786284739E-08
-1.32100396301186E-08
8.9742051589682E-08
-1.05569210478988E-07
6.00240096047865E-11
2.10772833723651E-08
-1.40878013673984E-07
5.9885988598861E-08
-1.04833873095839E-07
7.55848830233951E-08
-7.27108976283407E-08
-6.09895052473759E-08
-1.20045640163344E-07
1.47586206896553E-07
-8.36431226765805E-08
-4.96517771373669E-08
-3.03521084518024E-08
-4.14115952466704E-09
1.99004975124376E-08
-1.57316194137435E-07
-1.51669564174809E-08
3.02539168017284E-08
-1.34469924360669E-08
-5.71445703663722E-08
8.39352996232206E-08
-1.74432210254717E-07
9.26715083128262E-08
-8.08418579844064E-08
-4.65719306027083E-08
2.88987862509777E-07
-1.56618532910255E-07
-2.88425436051481E-08
3.23078750445421E-07
2.56958225207348E-07
7.55619044051671E-07
8.8464284500051E-07
6.69957387929237E-07
1.40244775997216E-06
7.06375051839364E-07
5.7264448038131E-07
4.23878368288876E-07
-4.59425887797843E-09
1.35353157957305E-07
3.972586432665E-07
-1.92852417863869E-07
2.07670608006722E-08
7.50384504469873E-08
-9.4337926363675E-08
2.89211568462738E-08
-1.18684747389896E-07
-3.26648252672031E-08
1.90036568551048E-08
-5.27862755683526E-08
-1.30836634257586E-08
-9.94597839135663E-08
1.48452495201535E-07
-1.71728691476591E-07
-1.19911265663672E-10
2.56841094575142E-08
4.07991840163116E-09
-2.22769009182019E-07
3.70192596148067E-08
8.58137301968327E-09
-3.59349691043254E-08
-2.03505823027973E-08
-2.47091279836877E-08
5.6544942135877E-08
-1.5330571068276E-07
-6.1173083843113E-09
7.66000839781654E-08
-1.09622777510812E-07
1.17699964024464E-07
1.17699964024464E-07
dMdT Data
0
0
0
0
0
0
0
0
0
0
0
0
0
0
0
0
0
0
0
0
0
0
0
0
0
0
0
0
0
0
0
0
0
0
0
0
0
0
0
0
0
0
0
0
0
0
0
0
0
0
0
0
0
0
0
0
0
0
0
0
0
0
0
0
0
0
0
0
0
0
0
0
0
0
0
0
0
0
0
0
0
0
0
0
0
0
0
0
0
0
0
0
0
0
0
0
0
0
0
0
0
0
0
0
0
0
0
0
0
0
0
0
0
0
0
0
0
0
0
0
0
0
0
0
0
0
0
0
0
0
0
0
0
0
0
0
0
0
0
0
0
0
0
 
*********************************************** Results ***************************************
 
TotalArea -3.34158502414998E-04
AreaFirstQuad -1.94861510719701E-04
AreaSecondQuad -1.39296991695297E-04
AreaThirdQuad 0
AreaFourthQuad 0
Coercivity 0
PositiveCoercivity 0
NegativeCoercivity 0
Retentivity 9.22232761571901E-07
PositiveRetentivity 2.11795929029882E-04
NegativeRetentivity 2.09951463506738E-04
Magnetization 0.000233736
PositiveMagnetization 0.000233736
NegativeMagnetization 0.000193755
Flatness -228.65561174479
Squareness 3.94561711320422E-03
SStar 0
SFD1 0
SFD2 0
Slope 0
Intercept 0
SlopeAtHc 1.17699964024464E-07
dH1 0
dH2 17.646665
InitialSlope -4.41220550326728E-08
FieldAtHalfMs 0
FieldAtMs 83.3163
MomentMean 2.13433755244755E-04
MomentRMS 1.41399738770088E-05
SFD3 0
dH3 0
UserField1 0
UserField2 0
CenterField 0
ExchangeField 0
ExchangeMoment 0
ExRegionOneIntercept 0
ExRegionOneSlope 0
ExRegionTwoIntercept 0
ExRegionTwoSlope 0
NegativeIntercept 0
NegativeSlope 0
AutoCenterOffset 0
PinningField 0
PinningMoment 0
PinRegionOneIntercept 0
PinRegionOneSlope 0
PinRegionTwoIntercept 0
PinRegionTwoSlope 0
PositiveIntercept 0
PositiveSlope 0
TotalOffset 0
BHMax 0
BCoercivity 0
BRetentivity 0
BNegativeCoercivity 0
BPositiveCoercivity 0
BNegativeRetentivity 0
BPositiveRetentivity 0
MomentYMean -1.1978048951049E-04
MomentYRMS 1.33649302421017E-06
YOffCorrection 0
Mrt 0
Ms1 0
Ms2 0
Ms3 0
Hc2 0
Hex2 0
HsatValue 0
HsatIntercept 0
HsatSlope 0
CenterH 0
Span .000039981
SpanAsPercentOfRange -2.6654
RMSAsPercentOfRange -.942664925133917
SpanAsPercentOfMean 18.7322759486436
RMSAsPercentOfMean 6.62499418650707
