Version 1.25
******************************************** Units *******************************************
System CGS
TemperatureUnit K
MomentUnit emu
AppliedFieldUnit G
 
******************************************** Setup ********************************************
 
Experiment Hysteresis
Minor False
Acquisition PointByPoint
EditedPoint No
MaxField 500
FieldIncrement 16.6666666666667
Points 121
MinField 0
RampRate 500
AverageTime 3
TimeInterval 0
TimeConstant 0.3
TimeConstantIndex 1
Sensitivity -0.0013
SensitivityIndex 5
SensitivityY -4
SensitivityIndexY 0
SaturationField 8000
ExperimentTime 363
Use735Domains False
AutoRangeEnabled False
NumberOfVertices 3
VertexPts
0
60
120
VertexField
500
-500
500
StartAngle 0
EndAngle 0
AngleIncrement 0
StartTemp 0
FinishTemp 0
TempIncrement 0
TempPoints 0
LengthofSetPointsArray 121
SetPointArray
500
483.333333333333
466.666666666667
450
433.333333333333
416.666666666667
400
383.333333333333
366.666666666667
350
333.333333333333
316.666666666666
300
283.333333333333
266.666666666666
250
233.333333333333
216.666666666666
200
183.333333333333
166.666666666666
150
133.333333333333
116.666666666666
99.9999999999998
83.3333333333331
66.6666666666665
49.9999999999998
33.3333333333331
16.6666666666664
-2.20268248085631E-13
-16.6666666666669
-33.3333333333336
-50.0000000000002
-66.6666666666669
-83.3333333333336
-100
-116.666666666667
-133.333333333334
-150
-166.666666666667
-183.333333333334
-200
-216.666666666667
-233.333333333334
-250
-266.666666666667
-283.333333333334
-300
-316.666666666667
-333.333333333334
-350
-366.666666666667
-383.333333333334
-400
-416.666666666667
-433.333333333334
-450
-466.666666666667
-483.333333333334
-500
-483.333333333333
-466.666666666667
-450
-433.333333333333
-416.666666666667
-400
-383.333333333333
-366.666666666667
-350
-333.333333333333
-316.666666666666
-300
-283.333333333333
-266.666666666666
-250
-233.333333333333
-216.666666666666
-200
-183.333333333333
-166.666666666666
-150
-133.333333333333
-116.666666666666
-99.9999999999998
-83.3333333333331
-66.6666666666665
-49.9999999999998
-33.3333333333331
-16.6666666666664
2.20268248085631E-13
16.6666666666669
33.3333333333336
50.0000000000002
66.6666666666669
83.3333333333336
100
116.666666666667
133.333333333334
150
166.666666666667
183.333333333334
200
216.666666666667
233.333333333334
250
266.666666666667
283.333333333334
300
316.666666666667
333.333333333334
350
366.666666666667
383.333333333334
400
416.666666666667
433.333333333334
450
466.666666666667
483.333333333334
500
FieldDomainFile c:\Ideasvsm\Default UserID\Experiments\Jason_500G\fdomain.ini
TempDomainFile c:\Ideasvsm\Default UserID\Experiments\Jason_500G\tdomain.ini
NumSelectedResults 0
ResultsSelected 
UserName1 
UserValue1 
UserName2 
UserValue2 
LinearBackgroundCorrection Off
MaxLinearFieldCorrection 
MinLinearFieldCorrection 
AutoLinearCorrection Off
FitOneRegion Off
BackgroundMode Off
BackgroundFilename 
AutoCenter Off
OffsetCorrection 
SmoothDeriv Off
DerivOrder 0
DerivPoints 0
MinExFieldOne 
MaxExFieldOne 
MinExFieldTwo 
MaxExFieldTwo 
MinPinFieldOne 
MaxPinFieldOne 
MinPinFieldTwo 
MaxPinFieldTwo 
HCenterStart 
Mass 
Volume 
Density 
MolarWeight 
NumberOfMoles 
Demagnetization 
SampleArea 
Thickness 
MomentScaling 0
XAxis 0
YAxis 0
SimpleSpinValve False
HsatMax 0
HsatMin 0
FieldAutoRange False
 
*************************************************** Experiment Data ********************************************
 
DataPoints 121
MomentX Data
0.000176482
0.000175472
0.000176782
0.000178133
0.00017855
0.000176341
0.000176964
0.000179335
0.000179819
0.000178289
0.000179143
0.000180083
0.000179677
0.000180638
0.000182191
0.000181493
0.000181679
0.000182501
0.000182157
0.000183813
0.000181867
0.000185325
0.000184173
0.000185768
0.000184806
0.000186895
0.000186197
0.000186751
0.000185024
0.000186961
0.000188009
0.000188041
0.000188218
0.000188236
0.000190235
0.000188941
0.000190184
0.000189664
0.000189622
0.000190095
0.00018906
0.000191698
0.000191743
0.000191197
0.000192115
0.000191251
0.000193394
0.000192827
0.000193977
0.000194461
0.000194896
0.000193538
0.000196807
0.000197888
0.000195307
0.000196332
0.000197875
0.00019738
0.000196922
0.000198182
0.000199457
0.000198923
0.000197398
0.000198609
0.000196713
0.000197063
0.000195618
0.000194967
0.000193738
0.000195483
0.000194262
0.000193078
0.000193991
0.00019318
0.000192495
0.000193157
0.00019166
0.00018977
0.000190638
0.000190771
0.000188228
0.000189129
0.000190029
0.00018961
0.000187129
0.000187173
0.000188695
0.000186923
0.000188175
0.000185778
0.000186001
0.0001844
0.000185191
0.000185199
0.000184898
0.000183921
0.000185648
0.000184248
0.000183433
0.000182804
0.000182703
0.000181325
0.000181314
0.000181008
0.000181469
0.000180361
0.000180062
0.000178675
0.000177924
0.000178381
0.000177853
0.000178215
0.000177636
0.000176447
0.000177073
0.000175874
0.000174127
0.000175131
0.000176202
0.000175877
0.000175193
MomentY Data
-0.000117477
-0.000118033
-0.000116889
-0.000116952
-0.000116444
-0.000114822
-0.000118732
-0.000117175
-0.000118033
-0.000117064
-0.000118017
-0.000116348
-0.000116444
-0.000117842
-0.000118891
-0.000117811
-0.000116062
-0.000116523
-0.000116762
-0.000116905
-0.000116078
-0.00011673
-0.000118653
-0.000117111
-0.000118415
-0.000117731
-0.000117445
-0.000115919
-0.000116475
-0.000117381
-0.000117493
-0.000117652
-0.000118367
-0.000116618
-0.000119591
-0.000117699
-0.000118081
-0.000119527
-0.000116666
-0.000118748
-0.000115442
-0.000116491
-0.000116491
-0.000119273
-0.000117604
-0.000116158
-0.000116841
-0.000117779
-0.000118049
-0.000118272
-0.000119178
-0.000120083
-0.000120083
-0.000118637
-0.000120163
-0.000120036
-0.000117604
-0.000119416
-0.000119448
-0.000120894
-0.000119925
-0.000120497
-0.000118574
-0.000119241
-0.0001194
-0.000118907
-0.000118367
-0.000117064
-0.000119464
-0.000119273
-0.000118748
-0.000116078
-0.000117429
-0.000117668
-0.000120004
-0.000120242
-0.000118144
-0.000119241
-0.000118939
-0.000117668
-0.000120576
-0.000119416
-0.000119066
-0.000117731
-0.00011967
-0.000120385
-0.000119305
-0.000119178
-0.000118939
-0.000118097
-0.000118748
-0.000119734
-0.000118844
-0.000117604
-0.000120068
-0.000120529
-0.000120131
-0.000118192
-0.000119273
-0.000119464
-0.00011824
-0.000117604
-0.000119257
-0.000119193
-0.000116793
-0.000117207
-0.000114743
-0.000119209
-0.000118748
-0.000118049
-0.000119305
-0.000120672
-0.000120417
-0.000119479
-0.000119479
-0.000119972
-0.000119479
-0.000121053
-0.000119368
-0.000119241
-0.000118113
Field Data
500.003
483.321
466.65
449.998
433.332
416.663
399.995
383.332
366.657
349.996
333.34
316.652
300.003
283.334
266.667
249.994
233.34
216.668
200.005
183.329
166.668
149.996
133.329
116.673
99.9973
83.3168
66.666
49.9947
33.3187
16.663
-0.00531165
-16.6837
-33.3398
-50
-66.66
-83.3369
-99.9946
-116.659
-133.338
-149.999
-166.67
-183.338
-200
-216.672
-233.329
-250.004
-266.684
-283.338
-300
-316.677
-333.333
-349.998
-366.665
-383.325
-400.007
-416.67
-433.336
-450.005
-466.672
-483.335
-500.001
-483.328
-466.668
-450.007
-433.335
-416.684
-400.007
-383.342
-366.674
-350.008
-333.346
-316.669
-300.003
-283.341
-266.675
-250.008
-233.336
-216.675
-200.006
-183.341
-166.66
-150.003
-133.329
-116.659
-100.001
-83.3529
-66.6679
-50.0055
-33.3376
-16.6591
-0.00381313
16.6747
33.3351
49.9842
66.6628
83.3171
100.008
116.667
133.335
150.007
166.658
183.341
200.005
216.656
233.328
249.997
266.663
283.331
300.008
316.653
333.329
349.998
366.664
383.327
399.99
416.67
433.334
449.999
466.665
483.331
499.996
Time Data
0
10.405
20.795
31.184
41.558
51.917
62.353
72.759
83.133
93.522
103.943
114.348
124.754
135.19
145.58
155.969
166.359
176.733
187.138
197.513
207.933
218.339
228.744
239.149
249.539
259.944
270.349
280.739
291.16
301.55
311.939
322.329
332.765
343.186
353.592
363.997
374.386
384.792
395.213
405.633
416.054
426.444
436.849
447.27
457.644
468.049
478.455
488.86
499.25
509.639
520.045
530.419
540.824
551.229
561.634
572.04
582.461
592.866
603.271
613.676
624.082
634.487
644.877
655.297
665.687
676.092
686.498
697.933
708.322
718.696
730.131
740.536
750.957
761.331
771.752
782.189
792.578
802.984
813.342
823.747
834.168
844.589
855.01
865.431
875.867
886.288
896.678
907.099
917.52
928.986
939.406
949.827
960.217
970.622
981.012
991.417
1001.82
1013.26
1023.68
1034.1
1044.54
1054.94
1065.31
1075.74
1086.14
1096.58
1106.97
1117.37
1127.76
1138.17
1148.6
1159.01
1169.45
1179.87
1190.29
1200.66
1211.07
1221.47
1231.88
1242.25
1252.64
Temperature Data
0
0
0
0
0
0
0
0
0
0
0
0
0
0
0
0
0
0
0
0
0
0
0
0
0
0
0
0
0
0
0
0
0
0
0
0
0
0
0
0
0
0
0
0
0
0
0
0
0
0
0
0
0
0
0
0
0
0
0
0
0
0
0
0
0
0
0
0
0
0
0
0
0
0
0
0
0
0
0
0
0
0
0
0
0
0
0
0
0
0
0
0
0
0
0
0
0
0
0
0
0
0
0
0
0
0
0
0
0
0
0
0
0
0
0
0
0
0
0
0
0
Angle Data
0
0
0
0
0
0
0
0
0
0
0
0
0
0
0
0
0
0
0
0
0
0
0
0
0
0
0
0
0
0
0
0
0
0
0
0
0
0
0
0
0
0
0
0
0
0
0
0
0
0
0
0
0
0
0
0
0
0
0
0
0
0
0
0
0
0
0
0
0
0
0
0
0
0
0
0
0
0
0
0
0
0
0
0
0
0
0
0
0
0
0
0
0
0
0
0
0
0
0
0
0
0
0
0
0
0
0
0
0
0
0
0
0
0
0
0
0
0
0
0
0
Bx Data
0
0
0
0
0
0
0
0
0
0
0
0
0
0
0
0
0
0
0
0
0
0
0
0
0
0
0
0
0
0
0
0
0
0
0
0
0
0
0
0
0
0
0
0
0
0
0
0
0
0
0
0
0
0
0
0
0
0
0
0
0
0
0
0
0
0
0
0
0
0
0
0
0
0
0
0
0
0
0
0
0
0
0
0
0
0
0
0
0
0
0
0
0
0
0
0
0
0
0
0
0
0
0
0
0
0
0
0
0
0
0
0
0
0
0
0
0
0
0
0
0
Hint Data
0
0
0
0
0
0
0
0
0
0
0
0
0
0
0
0
0
0
0
0
0
0
0
0
0
0
0
0
0
0
0
0
0
0
0
0
0
0
0
0
0
0
0
0
0
0
0
0
0
0
0
0
0
0
0
0
0
0
0
0
0
0
0
0
0
0
0
0
0
0
0
0
0
0
0
0
0
0
0
0
0
0
0
0
0
0
0
0
0
0
0
0
0
0
0
0
0
0
0
0
0
0
0
0
0
0
0
0
0
0
0
0
0
0
0
0
0
0
0
0
0
Torque Data
-0.058738852431
-0.057047827593
-0.05454625185
-0.052628166096
-0.050458911408
-0.047842078986
-0.04749220634
-0.0449169271
-0.043277625681
-0.040971931744
-0.03933978678
-0.036841826896
-0.034933549332
-0.033388645228
-0.031704306297
-0.029452043134
-0.02708190708
-0.025246805364
-0.02335298381
-0.021432076745
-0.019346488104
-0.01750903308
-0.015819885837
-0.013663691703
-0.0118411802795
-0.0098089701808
-0.00782958837
-0.0057953356293
-0.0038807955825
-0.001955919603
6.2408169345E-07
0.0019628706724
0.0039463321066
0.0058309
0.00797193606
0.0098086697931
0.0118074623626
0.013943900293
0.015556011108
0.017812081252
0.01924071814
0.021357226958
0.0232982
0.025843119456
0.027440423716
0.029039964632
0.031159625244
0.033371266302
0.0354147
0.037454022144
0.039725960274
0.042028809834
0.044030233195
0.045476528025
0.048066041141
0.05001540012
0.050962046944
0.05373779708
0.055743037056
0.05843230149
0.059962619925
0.058239574016
0.055334691432
0.053659284687
0.051740199
0.049546644388
0.047347628569
0.044875547888
0.043804342736
0.041746504184
0.039584170808
0.036758304182
0.035229052287
0.033340168788
0.0320020667
0.030061461936
0.027567248384
0.025836543675
0.023788513634
0.021573368788
0.02009519616
0.017912758248
0.015874950714
0.013734380729
0.01196711967
0.0100344388665
0.0079538138095
0.005959555479
0.0039651408064
0.0019673897327
4.5280156124E-07
-0.0019965285298
-0.0039616766244
-0.0058783418568
-0.0080040690704
-0.0100421267459
-0.012014061048
-0.013789106064
-0.015903265455
-0.017920436248
-0.01970564192
-0.021561634964
-0.023851996285
-0.025823878608
-0.027251077104
-0.029301398379
-0.030597712609
-0.033775605179
-0.035625349984
-0.037380569997
-0.039767816345
-0.042234958656
-0.044152578888
-0.045799526633
-0.04779040521
-0.04998873324
-0.051774312986
-0.054473728947
-0.05570486772
-0.057632871771
-0.059056027548
dMdH Data
6.05442992446945E-08
-7.85795693119786E-08
-8.11313956281525E-08
-2.5021000840034E-08
1.32521446997421E-07
-3.73770098392127E-08
-1.422913040869E-07
-2.9025487256372E-08
9.18312226156906E-08
-5.1272814601345E-08
-5.63279002876319E-08
2.43858489999397E-08
-5.76519287299783E-08
-9.31781364372713E-08
4.18640916451757E-08
-1.11684880509188E-08
-4.93042226487532E-08
2.06445417991955E-08
-9.93043895418566E-08
1.16799711902047E-07
-2.07413627639155E-07
6.91186176276478E-08
-9.57612872238241E-08
5.76887327068726E-08
-1.25236054075117E-07
4.19199077521792E-08
-3.32307618482059E-08
1.03562005277045E-07
-1.16296523112208E-07
-6.28737944193642E-08
-1.91865061110751E-09
-1.06267373514805E-08
-1.08041920264974E-09
-1.1998799519808E-07
7.75923582920082E-08
-7.46201456383535E-08
3.12042437771538E-08
2.51813657893224E-09
-2.83896524818434E-08
6.20838581968676E-08
-1.5826733861291E-07
-2.70075621173951E-09
3.27495201535511E-08
-5.51119649396654E-08
5.18140929535231E-08
-1.28477218225419E-07
3.40458748648979E-08
-6.90193254111153E-08
-2.90220063560595E-08
-2.61167146974075E-08
8.14881488148831E-08
-1.96136077278454E-07
-6.48859543817544E-08
1.54717659753028E-07
-6.1513532977254E-08
-9.25837033481345E-08
2.96958425820378E-08
2.74794504109918E-08
-7.56166356598453E-08
-7.65030601224043E-08
-3.20278294248189E-08
-9.15366146458583E-08
7.26847128023536E-08
-1.13723608445298E-07
2.10197585730592E-08
-8.66462793068303E-08
-3.90639063906393E-08
-7.37341012718981E-08
1.04704188167528E-07
-7.32805185451932E-08
-7.09959824908552E-08
5.47821912876505E-08
-4.86736286160127E-08
-4.11016440657625E-08
3.97192056158886E-08
-8.97912667946267E-08
-1.13438569113498E-07
5.20727098206254E-08
7.98079807980841E-09
-1.52448893951202E-07
5.40913729963385E-08
5.39762504498018E-08
-2.51349730053996E-08
-1.48937447472686E-07
2.64294423988414E-09
9.12196583757868E-08
-1.06347224889572E-07
7.51144415313272E-08
-1.43717960248224E-07
1.33891419427719E-08
-9.59917702208267E-08
4.74778516722279E-08
4.80506453801733E-10
-1.80470782919427E-08
-5.86635283380261E-08
1.03469555266643E-07
-8.40386577825804E-08
-4.88960883129356E-08
-3.77279270633387E-08
-6.06570175965517E-09
-8.25990529281295E-08
-6.60105616899338E-10
-1.83772746381595E-08
2.76511516314776E-08
-6.6470694102825E-08
-1.79407176287046E-08
-8.32133429325665E-08
-4.50320801103305E-08
2.74556924001192E-08
-3.16622691292872E-08
2.17169596256513E-08
-3.47413896555852E-08
-7.13556982536152E-08
3.75682650183034E-08
-7.18824940047969E-08
-1.04836773883821E-07
6.02460246024605E-08
6.42625705028204E-08
-1.95007800312009E-08
-4.10441044104417E-08
-4.10441044104417E-08
dMdT Data
0
0
0
0
0
0
0
0
0
0
0
0
0
0
0
0
0
0
0
0
0
0
0
0
0
0
0
0
0
0
0
0
0
0
0
0
0
0
0
0
0
0
0
0
0
0
0
0
0
0
0
0
0
0
0
0
0
0
0
0
0
0
0
0
0
0
0
0
0
0
0
0
0
0
0
0
0
0
0
0
0
0
0
0
0
0
0
0
0
0
0
0
0
0
0
0
0
0
0
0
0
0
0
0
0
0
0
0
0
0
0
0
0
0
0
0
0
0
0
0
0
 
*********************************************** Results ***************************************
 
TotalArea 1.0009649009496E-03
AreaFirstQuad 6.89196322904942E-04
AreaSecondQuad 3.1176857804466E-04
AreaThirdQuad 0
AreaFourthQuad 0
Coercivity 0
PositiveCoercivity 0
NegativeCoercivity 0
Retentivity 1.00401603275433E-06
PositiveRetentivity 1.8800866603641E-04
NegativeRetentivity 1.86000633970901E-04
Magnetization 0.000199457
PositiveMagnetization 0.000199457
NegativeMagnetization 0.000174127
Flatness -186.256637247758
Squareness 5.03374678629643E-03
SStar 0
SFD1 0
SFD2 0
Slope 0
Intercept 0
SlopeAtHc -4.10441044104417E-08
dH1 0
dH2 83.326
InitialSlope 6.05442992446945E-08
FieldAtHalfMs 0
FieldAtMs -500.001
MomentMean 1.86626752066116E-04
MomentRMS 6.86894273072767E-06
SFD3 0
dH3 0
UserField1 0
UserField2 0
CenterField 0
ExchangeField 0
ExchangeMoment 0
ExRegionOneIntercept 0
ExRegionOneSlope 0
ExRegionTwoIntercept 0
ExRegionTwoSlope 0
NegativeIntercept 0
NegativeSlope 0
AutoCenterOffset 0
PinningField 0
PinningMoment 0
PinRegionOneIntercept 0
PinRegionOneSlope 0
PinRegionTwoIntercept 0
PinRegionTwoSlope 0
PositiveIntercept 0
PositiveSlope 0
TotalOffset 0
BHMax 0
BCoercivity 0
BRetentivity 0
BNegativeCoercivity 0
BPositiveCoercivity 0
BNegativeRetentivity 0
BPositiveRetentivity 0
MomentYMean -1.18338776859504E-04
MomentYRMS 1.38063461547944E-06
YOffCorrection 0
Mrt 0
Ms1 0
Ms2 0
Ms3 0
Hc2 0
Hex2 0
HsatValue 0
HsatIntercept 0
HsatSlope 0
CenterH 0
Span .00002533
SpanAsPercentOfRange -1.94846153846154
RMSAsPercentOfRange -.528380210055975
SpanAsPercentOfMean 13.5725450502543
RMSAsPercentOfMean 3.68057775998493
