Version 1.25
******************************************** Units *******************************************
System CGS
TemperatureUnit K
MomentUnit emu
AppliedFieldUnit G
 
******************************************** Setup ********************************************
 
Experiment Hysteresis
Minor False
Acquisition PointByPoint
EditedPoint No
MaxField 500
FieldIncrement 16.6666666666667
Points 121
MinField 0
RampRate 500
AverageTime 3
TimeInterval 0
TimeConstant 0.3
TimeConstantIndex 1
Sensitivity -0.0013
SensitivityIndex 5
SensitivityY -4
SensitivityIndexY 0
SaturationField 8000
ExperimentTime 363
Use735Domains False
AutoRangeEnabled False
NumberOfVertices 3
VertexPts
0
60
120
VertexField
500
-500
500
StartAngle 0
EndAngle 0
AngleIncrement 0
StartTemp 0
FinishTemp 0
TempIncrement 0
TempPoints 0
LengthofSetPointsArray 121
SetPointArray
500
483.333333333333
466.666666666667
450
433.333333333333
416.666666666667
400
383.333333333333
366.666666666667
350
333.333333333333
316.666666666666
300
283.333333333333
266.666666666666
250
233.333333333333
216.666666666666
200
183.333333333333
166.666666666666
150
133.333333333333
116.666666666666
99.9999999999998
83.3333333333331
66.6666666666665
49.9999999999998
33.3333333333331
16.6666666666664
-2.20268248085631E-13
-16.6666666666669
-33.3333333333336
-50.0000000000002
-66.6666666666669
-83.3333333333336
-100
-116.666666666667
-133.333333333334
-150
-166.666666666667
-183.333333333334
-200
-216.666666666667
-233.333333333334
-250
-266.666666666667
-283.333333333334
-300
-316.666666666667
-333.333333333334
-350
-366.666666666667
-383.333333333334
-400
-416.666666666667
-433.333333333334
-450
-466.666666666667
-483.333333333334
-500
-483.333333333333
-466.666666666667
-450
-433.333333333333
-416.666666666667
-400
-383.333333333333
-366.666666666667
-350
-333.333333333333
-316.666666666666
-300
-283.333333333333
-266.666666666666
-250
-233.333333333333
-216.666666666666
-200
-183.333333333333
-166.666666666666
-150
-133.333333333333
-116.666666666666
-99.9999999999998
-83.3333333333331
-66.6666666666665
-49.9999999999998
-33.3333333333331
-16.6666666666664
2.20268248085631E-13
16.6666666666669
33.3333333333336
50.0000000000002
66.6666666666669
83.3333333333336
100
116.666666666667
133.333333333334
150
166.666666666667
183.333333333334
200
216.666666666667
233.333333333334
250
266.666666666667
283.333333333334
300
316.666666666667
333.333333333334
350
366.666666666667
383.333333333334
400
416.666666666667
433.333333333334
450
466.666666666667
483.333333333334
500
FieldDomainFile c:\Ideasvsm\Default UserID\Experiments\Jason_500G\fdomain.ini
TempDomainFile c:\Ideasvsm\Default UserID\Experiments\Jason_500G\tdomain.ini
NumSelectedResults 0
ResultsSelected 
UserName1 
UserValue1 
UserName2 
UserValue2 
LinearBackgroundCorrection Off
MaxLinearFieldCorrection 
MinLinearFieldCorrection 
AutoLinearCorrection Off
FitOneRegion Off
BackgroundMode Off
BackgroundFilename 
AutoCenter Off
OffsetCorrection 
SmoothDeriv Off
DerivOrder 0
DerivPoints 0
MinExFieldOne 
MaxExFieldOne 
MinExFieldTwo 
MaxExFieldTwo 
MinPinFieldOne 
MaxPinFieldOne 
MinPinFieldTwo 
MaxPinFieldTwo 
HCenterStart 
Mass 
Volume 
Density 
MolarWeight 
NumberOfMoles 
Demagnetization 
SampleArea 
Thickness 
MomentScaling 0
XAxis 0
YAxis 0
SimpleSpinValve False
HsatMax 0
HsatMin 0
FieldAutoRange False
 
*************************************************** Experiment Data ********************************************
 
DataPoints 121
MomentX Data
0.000175276
0.000174617
0.00017635
0.000175888
0.000175689
0.000175985
0.000177705
0.000177743
0.000177927
0.000179235
0.000177488
0.000178448
0.000181229
0.000179644
0.000180861
0.000182124
0.000180449
0.000181221
0.000182379
0.000182078
0.000184245
0.000183285
0.000184125
0.000184281
0.000184456
0.000185878
0.000186151
0.000185472
0.000186021
0.000187747
0.000188
0.000186954
0.00018856
0.000188876
0.000187978
0.000187722
0.000192419
0.000190253
0.000191862
0.000192336
0.000192903
0.000192972
0.000192739
0.00019309
0.000193568
0.000195306
0.000194695
0.000194635
0.000195337
0.000197182
0.000197227
0.000195956
0.000197437
0.000197116
0.000198163
0.000199093
0.000199859
0.000200923
0.00020007
0.00019981
0.000201625
0.000199445
0.000200047
0.000198944
0.000197144
0.000197817
0.000197708
0.00019769
0.00019754
0.000195945
0.000195711
0.000195571
0.000193957
0.000193577
0.000192098
0.000192964
0.000192985
0.000193585
0.00019088
0.000192809
0.00019185
0.000192786
0.000190117
0.000190549
0.000189839
0.000190366
0.000189963
0.000189126
0.000187744
0.000188246
0.000185922
0.000187212
0.000187513
0.000186022
0.000185663
0.000185399
0.000184183
0.000182278
0.000182919
0.000183182
0.000183559
0.000180412
0.000183677
0.000182158
0.000180259
0.000179008
0.00017833
0.000181887
0.000178753
0.000178419
0.000177531
0.000176899
0.000177704
0.00017526
0.000178114
0.000176926
0.000174154
0.000173953
0.000172057
0.000173745
0.000173307
MomentY Data
-0.000119925
-0.000118351
-0.000119543
-0.000117938
-0.000117429
-0.000119623
-0.000118478
-0.000117779
-0.000121133
-0.000118923
-0.000118113
-0.000119241
-0.000119273
-0.000118621
-0.000116428
-0.000118033
-0.000118272
-0.000119162
-0.000120306
-0.000120497
-0.000117795
-0.000118478
-0.000118732
-0.000117588
-0.000118923
-0.00011692
-0.000118637
-0.000116618
-0.00011975
-0.000118001
-0.000116618
-0.000117222
-0.000117556
-0.000118065
-0.00011843
-0.000117064
-0.000117636
-0.000118319
-0.000117652
-0.000118589
-0.000116126
-0.000117286
-0.000118589
-0.000117652
-0.000118462
-0.000118717
-0.000117048
-0.000117397
-0.000118876
-0.000118526
-0.000117429
-0.000118224
-0.000120719
-0.000121705
-0.000119114
-0.000120687
-0.000119019
-0.000119416
-0.000120449
-0.000119686
-0.000119019
-0.000120211
-0.000120735
-0.000120799
-0.000119384
-0.000119829
-0.00011727
-0.000118923
-0.000119988
-0.000117222
-0.000119336
-0.000117683
-0.000117588
-0.000121466
-0.000121355
-0.000118319
-0.000121101
-0.000119098
-0.000120449
-0.000119575
-0.000119066
-0.000118923
-0.000118287
-0.00011994
-0.000117826
-0.00011878
-0.000119479
-0.00011975
-0.000118955
-0.000117811
-0.000118462
-0.000118987
-0.000120036
-0.000119098
-0.000116237
-0.000119225
-0.000117779
-0.000118319
-0.000118876
-0.000118955
-0.000119448
-0.000117318
-0.000117683
-0.000117048
-0.000116523
-0.000119718
-0.000118383
-0.000119893
-0.000118065
-0.000118796
-0.000115967
-0.000115124
-0.000117111
-0.00011584
-0.000116173
-0.000117524
-0.000116316
-0.000116332
-0.000116777
-0.000117954
-0.000119352
Field Data
500.004
483.33
466.661
449.998
433.334
416.67
399.986
383.331
366.657
349.993
333.329
316.665
299.993
283.33
266.666
250
233.329
216.654
199.999
183.337
166.673
149.989
133.328
116.658
100
83.3186
66.6703
50.0054
33.3354
16.6641
-0.0143085
-16.6809
-33.3371
-50.0165
-66.6637
-83.3387
-100.007
-116.672
-133.337
-150.006
-166.666
-183.336
-200.007
-216.678
-233.345
-249.989
-266.667
-283.334
-300.006
-316.666
-333.331
-350.006
-366.67
-383.343
-400.018
-416.67
-433.334
-449.986
-466.678
-483.328
-500.006
-483.331
-466.666
-450.012
-433.344
-416.67
-399.999
-383.349
-366.676
-350.006
-333.333
-316.664
-300
-283.332
-266.679
-250.008
-233.326
-216.669
-200.005
-183.335
-166.663
-150.005
-133.333
-116.66
-100.017
-83.3451
-66.6697
-49.9995
-33.3248
-16.6671
-0.00255657
16.6634
33.3245
49.9928
66.6657
83.3188
99.9958
116.663
133.33
149.99
166.665
183.329
200.005
216.663
233.32
250.005
266.656
283.334
299.985
316.652
333.336
349.992
366.658
383.331
399.991
416.664
433.33
450.001
466.66
483.339
500.012
Time Data
0
10.39
20.795
31.2
41.559
51.964
62.338
72.728
83.117
93.507
103.975
114.396
124.848
135.237
145.627
156.032
166.422
176.827
187.232
197.653
208.059
218.464
228.916
239.306
249.695
260.085
270.475
280.88
291.269
301.659
312.018
323.468
333.858
344.263
354.653
365.074
375.463
385.915
396.321
406.741
417.147
427.536
437.926
448.347
458.768
469.157
479.547
489.952
500.342
510.763
521.121
531.527
541.979
552.384
562.789
573.21
583.631
594.005
604.426
614.862
626.297
636.734
647.139
657.544
667.949
678.355
688.776
699.196
709.602
720.038
730.428
740.849
751.207
761.612
772.049
783.468
793.858
804.232
814.653
825.058
835.463
845.869
856.258
866.648
877.038
887.427
897.833
908.238
918.612
929.048
939.438
949.843
960.264
970.654
981.043
991.449
1001.87
1012.26
1022.67
1033.09
1043.49
1053.9
1064.29
1074.69
1085.1
1095.5
1105.89
1116.3
1126.69
1137.06
1147.45
1157.86
1168.26
1178.65
1189.06
1199.45
1209.82
1220.22
1230.63
1241.04
1251.44
Temperature Data
0
0
0
0
0
0
0
0
0
0
0
0
0
0
0
0
0
0
0
0
0
0
0
0
0
0
0
0
0
0
0
0
0
0
0
0
0
0
0
0
0
0
0
0
0
0
0
0
0
0
0
0
0
0
0
0
0
0
0
0
0
0
0
0
0
0
0
0
0
0
0
0
0
0
0
0
0
0
0
0
0
0
0
0
0
0
0
0
0
0
0
0
0
0
0
0
0
0
0
0
0
0
0
0
0
0
0
0
0
0
0
0
0
0
0
0
0
0
0
0
0
Angle Data
0
0
0
0
0
0
0
0
0
0
0
0
0
0
0
0
0
0
0
0
0
0
0
0
0
0
0
0
0
0
0
0
0
0
0
0
0
0
0
0
0
0
0
0
0
0
0
0
0
0
0
0
0
0
0
0
0
0
0
0
0
0
0
0
0
0
0
0
0
0
0
0
0
0
0
0
0
0
0
0
0
0
0
0
0
0
0
0
0
0
0
0
0
0
0
0
0
0
0
0
0
0
0
0
0
0
0
0
0
0
0
0
0
0
0
0
0
0
0
0
0
Bx Data
0
0
0
0
0
0
0
0
0
0
0
0
0
0
0
0
0
0
0
0
0
0
0
0
0
0
0
0
0
0
0
0
0
0
0
0
0
0
0
0
0
0
0
0
0
0
0
0
0
0
0
0
0
0
0
0
0
0
0
0
0
0
0
0
0
0
0
0
0
0
0
0
0
0
0
0
0
0
0
0
0
0
0
0
0
0
0
0
0
0
0
0
0
0
0
0
0
0
0
0
0
0
0
0
0
0
0
0
0
0
0
0
0
0
0
0
0
0
0
0
0
Hint Data
0
0
0
0
0
0
0
0
0
0
0
0
0
0
0
0
0
0
0
0
0
0
0
0
0
0
0
0
0
0
0
0
0
0
0
0
0
0
0
0
0
0
0
0
0
0
0
0
0
0
0
0
0
0
0
0
0
0
0
0
0
0
0
0
0
0
0
0
0
0
0
0
0
0
0
0
0
0
0
0
0
0
0
0
0
0
0
0
0
0
0
0
0
0
0
0
0
0
0
0
0
0
0
0
0
0
0
0
0
0
0
0
0
0
0
0
0
0
0
0
0
Torque Data
-0.0599629797
-0.05720258883
-0.055786055923
-0.053071864124
-0.050885978286
-0.04984331541
-0.047389541308
-0.045148341849
-0.044414262381
-0.041622217539
-0.039370488177
-0.037759451265
-0.035781065089
-0.03360888793
-0.031047389048
-0.02950825
-0.027596287488
-0.025816923948
-0.024061079694
-0.022091558489
-0.019633246035
-0.017770396742
-0.015830300096
-0.013717580904
-0.0118923
-0.009741610712
-0.0079095643811
-0.0058315297372
-0.00399191415
-0.0019663804641
0.000001668628653
0.0019553684598
0.0039189761276
0.0059051980725
0.007894981991
0.0097559615768
0.011764423452
0.013804514368
0.015687364724
0.017789061534
0.019354255916
0.021502746096
0.023718630123
0.025492600056
0.02764251539
0.029677944113
0.031212839016
0.033262561598
0.035663513256
0.037533154316
0.039142725999
0.041379109344
0.04426403573
0.046654759815
0.047647744052
0.05028665229
0.051574979346
0.053735528176
0.056210898422
0.057847595008
0.059510214114
0.058101702841
0.05634291951
0.054360999588
0.051734340096
0.04992914943
0.04690788273
0.045589013127
0.043996719888
0.041028403332
0.039778626888
0.037265969512
0.0352764
0.034415204712
0.032362830045
0.029580696552
0.028256011926
0.025804844562
0.024090402245
0.021922282625
0.019843896758
0.017839044615
0.015771560571
0.0139922004
0.011784603042
0.009899730978
0.0079656290863
0.005987440125
0.003964151584
0.0019635677181
3.0285639534E-07
-0.0019827279758
-0.004000139682
-0.0059540424944
-0.0077490209709
-0.00993368393
-0.0117774053282
-0.013803449497
-0.01584973708
-0.01784206045
-0.01990780092
-0.021507791622
-0.023537188415
-0.025359970824
-0.02718714636
-0.02993009859
-0.031567537248
-0.033969763262
-0.035417729025
-0.037616990992
-0.038655975912
-0.040292479008
-0.042939685038
-0.04440506304
-0.046468154443
-0.048968019936
-0.05040321228
-0.052349516332
-0.05449515482
-0.057011768406
-0.059677432224
dMdH Data
3.95226100515769E-08
-1.03965444837722E-07
2.77260997419438E-08
1.19419107057123E-08
-1.77628420547287E-08
-1.03092783505155E-07
-2.28159711798271E-09
-1.10351445364038E-08
-7.84925588094093E-08
1.04836773883821E-07
-5.76092174747955E-08
-1.66806621880999E-07
9.5120926603854E-08
-7.30316850696111E-08
-7.5783031321254E-08
1.00473876792034E-07
-4.6296851574212E-08
-6.95286700690494E-08
1.80650582163019E-08
-1.30040806529046E-07
5.75401582354362E-08
-5.04171418282215E-08
-9.35812837432614E-09
-1.05054628406766E-08
-8.52446437349384E-08
-1.63980706738819E-08
4.07443188978022E-08
-3.29334133173364E-08
-1.03531218321306E-07
-1.51693130672509E-08
6.27602830488759E-08
-9.64205521067229E-08
-1.89455256184284E-08
5.39430054303437E-08
1.53523238380805E-08
-2.81792384346333E-07
1.29972997299729E-07
-9.65496549654961E-08
-2.84360189573465E-08
-3.40336134453771E-08
-4.13917216556702E-09
1.39763661448013E-08
-2.10545258232858E-08
-2.86794264114712E-08
-1.04422013938956E-07
3.66350881400647E-08
3.59992800143973E-09
-4.2106525911708E-08
-1.10744297719089E-07
-2.7002700270013E-09
7.62218890554714E-08
-8.88742198751787E-08
1.92526839800867E-08
-6.27886056971519E-08
-5.58491472495799E-08
-4.59673547767643E-08
-6.3896228681238E-08
5.11023244668096E-08
1.56156156156157E-08
-1.08825998321142E-07
-1.30734632683659E-07
3.61236123612356E-08
-6.62303350546411E-08
-1.07991360691144E-07
4.03622406141297E-08
-6.5383000419896E-09
-1.08108108108019E-09
-8.99658129910656E-09
-9.56808638272353E-08
-1.40346668266058E-08
-8.39882416461746E-09
-9.68554968795001E-08
-2.27981761459079E-08
-8.88128265177447E-08
5.19464939115832E-08
1.25884186548408E-09
3.60208921174274E-08
-1.62325972155545E-07
1.15716856628675E-07
-5.75215930902113E-08
5.61892183935641E-08
-1.60088771593089E-07
2.59101541414262E-08
-4.26605780207902E-08
3.16100744366271E-08
-2.41673363157707E-08
-5.02093556166096E-08
-8.28800518150249E-08
3.01362132827471E-08
-1.39457766110547E-07
7.74032978294256E-08
1.80660340553742E-08
-8.94512337790898E-08
-2.15319470518019E-08
-1.58529042640715E-08
-7.29147928284453E-08
-1.1429634251704E-07
3.84592308153842E-08
1.578631452581E-08
2.26086956521739E-08
-1.88850216034565E-07
1.95790357399857E-07
-9.11874174570782E-08
-1.1400612355166E-07
-7.49775247228044E-08
-4.07182751786677E-08
2.13274973018346E-07
-1.88216923908473E-07
-2.00395992080159E-08
-5.32246463677772E-08
-3.79442843419791E-08
4.83019320772825E-08
-1.46584297966772E-07
1.71308523409364E-07
-7.12529238889224E-08
-1.66326653066121E-07
-1.20568652150453E-08
-1.13812353682693E-07
1.01205108219917E-07
-2.62700173933896E-08
-2.62700173933896E-08
dMdT Data
0
0
0
0
0
0
0
0
0
0
0
0
0
0
0
0
0
0
0
0
0
0
0
0
0
0
0
0
0
0
0
0
0
0
0
0
0
0
0
0
0
0
0
0
0
0
0
0
0
0
0
0
0
0
0
0
0
0
0
0
0
0
0
0
0
0
0
0
0
0
0
0
0
0
0
0
0
0
0
0
0
0
0
0
0
0
0
0
0
0
0
0
0
0
0
0
0
0
0
0
0
0
0
0
0
0
0
0
0
0
0
0
0
0
0
0
0
0
0
0
0
 
*********************************************** Results ***************************************
 
TotalArea 6.9793627032984E-04
AreaFirstQuad 3.80004645857114E-04
AreaSecondQuad 3.17931624472726E-04
AreaThirdQuad 0
AreaFourthQuad 0
Coercivity 0
PositiveCoercivity 0
NegativeCoercivity 0
Retentivity 1.03879253146741E-06
PositiveRetentivity 1.87999782949884E-04
NegativeRetentivity 1.85922197886949E-04
Magnetization 0.000201625
PositiveMagnetization 0.000201625
NegativeMagnetization 0.000172057
Flatness -179.979143818365
Squareness 5.15210182996857E-03
SStar 0
SFD1 0
SFD2 0
Slope 0
Intercept 0
SlopeAtHc -2.62700173933896E-08
dH1 0
dH2 216.663
InitialSlope 3.95226100515769E-08
FieldAtHalfMs 0
FieldAtMs -500.006
MomentMean 1.87207198347108E-04
MomentRMS 7.88970518420453E-06
SFD3 0
dH3 0
UserField1 0
UserField2 0
CenterField 0
ExchangeField 0
ExchangeMoment 0
ExRegionOneIntercept 0
ExRegionOneSlope 0
ExRegionTwoIntercept 0
ExRegionTwoSlope 0
NegativeIntercept 0
NegativeSlope 0
AutoCenterOffset 0
PinningField 0
PinningMoment 0
PinRegionOneIntercept 0
PinRegionOneSlope 0
PinRegionTwoIntercept 0
PinRegionTwoSlope 0
PositiveIntercept 0
PositiveSlope 0
TotalOffset 0
BHMax 0
BCoercivity 0
BRetentivity 0
BNegativeCoercivity 0
BPositiveCoercivity 0
BNegativeRetentivity 0
BPositiveRetentivity 0
MomentYMean -1.18531190082645E-04
MomentYRMS 1.3337490225804E-06
YOffCorrection 0
Mrt 0
Ms1 0
Ms2 0
Ms3 0
Hc2 0
Hex2 0
HsatValue 0
HsatIntercept 0
HsatSlope 0
CenterH 0
Span .000029568
SpanAsPercentOfRange -2.27446153846154
RMSAsPercentOfRange -.606900398784964
SpanAsPercentOfMean 15.794264462618
RMSAsPercentOfMean 4.21442404665228
