Version 1.25
******************************************** Units *******************************************
System CGS
TemperatureUnit K
MomentUnit emu
AppliedFieldUnit G
 
******************************************** Setup ********************************************
 
Experiment Hysteresis
Minor False
Acquisition PointByPoint
EditedPoint No
MaxField 500
FieldIncrement 16.6666666666667
Points 121
MinField 0
RampRate 500
AverageTime 3
TimeInterval 0
TimeConstant 0.3
TimeConstantIndex 1
Sensitivity -0.0015
SensitivityIndex 5
SensitivityY -4
SensitivityIndexY 0
SaturationField 8000
ExperimentTime 363
Use735Domains False
AutoRangeEnabled False
NumberOfVertices 3
VertexPts
0
60
120
VertexField
500
-500
500
StartAngle 0
EndAngle 0
AngleIncrement 0
StartTemp 0
FinishTemp 0
TempIncrement 0
TempPoints 0
LengthofSetPointsArray 121
SetPointArray
500
483.333333333333
466.666666666667
450
433.333333333333
416.666666666667
400
383.333333333333
366.666666666667
350
333.333333333333
316.666666666666
300
283.333333333333
266.666666666666
250
233.333333333333
216.666666666666
200
183.333333333333
166.666666666666
150
133.333333333333
116.666666666666
99.9999999999998
83.3333333333331
66.6666666666665
49.9999999999998
33.3333333333331
16.6666666666664
-2.20268248085631E-13
-16.6666666666669
-33.3333333333336
-50.0000000000002
-66.6666666666669
-83.3333333333336
-100
-116.666666666667
-133.333333333334
-150
-166.666666666667
-183.333333333334
-200
-216.666666666667
-233.333333333334
-250
-266.666666666667
-283.333333333334
-300
-316.666666666667
-333.333333333334
-350
-366.666666666667
-383.333333333334
-400
-416.666666666667
-433.333333333334
-450
-466.666666666667
-483.333333333334
-500
-483.333333333333
-466.666666666667
-450
-433.333333333333
-416.666666666667
-400
-383.333333333333
-366.666666666667
-350
-333.333333333333
-316.666666666666
-300
-283.333333333333
-266.666666666666
-250
-233.333333333333
-216.666666666666
-200
-183.333333333333
-166.666666666666
-150
-133.333333333333
-116.666666666666
-99.9999999999998
-83.3333333333331
-66.6666666666665
-49.9999999999998
-33.3333333333331
-16.6666666666664
2.20268248085631E-13
16.6666666666669
33.3333333333336
50.0000000000002
66.6666666666669
83.3333333333336
100
116.666666666667
133.333333333334
150
166.666666666667
183.333333333334
200
216.666666666667
233.333333333334
250
266.666666666667
283.333333333334
300
316.666666666667
333.333333333334
350
366.666666666667
383.333333333334
400
416.666666666667
433.333333333334
450
466.666666666667
483.333333333334
500
FieldDomainFile c:\Ideasvsm\Default UserID\Experiments\Jason_500G\fdomain.ini
TempDomainFile c:\Ideasvsm\Default UserID\Experiments\Jason_500G\tdomain.ini
NumSelectedResults 0
ResultsSelected 
UserName1 
UserValue1 
UserName2 
UserValue2 
LinearBackgroundCorrection Off
MaxLinearFieldCorrection 
MinLinearFieldCorrection 
AutoLinearCorrection Off
FitOneRegion Off
BackgroundMode Off
BackgroundFilename 
AutoCenter Off
OffsetCorrection 
SmoothDeriv Off
DerivOrder 0
DerivPoints 0
MinExFieldOne 
MaxExFieldOne 
MinExFieldTwo 
MaxExFieldTwo 
MinPinFieldOne 
MaxPinFieldOne 
MinPinFieldTwo 
MaxPinFieldTwo 
HCenterStart 
Mass 
Volume 
Density 
MolarWeight 
NumberOfMoles 
Demagnetization 
SampleArea 
Thickness 
MomentScaling 0
XAxis 0
YAxis 0
SimpleSpinValve False
HsatMax 0
HsatMin 0
FieldAutoRange False
 
*************************************************** Experiment Data ********************************************
 
DataPoints 121
MomentX Data
0.000202888
0.000205151
0.00020612
0.00020434
0.000205372
0.000205879
0.000206712
0.00020524
0.000208613
0.000208998
0.000210846
0.000211406
0.000210927
0.000212294
0.000212104
0.000213644
0.000214285
0.000213491
0.000214722
0.0002144
0.000215479
0.000217639
0.000218254
0.000218464
0.000220693
0.00021943
0.000218963
0.000218994
0.000220578
0.000213666
0.000200557
0.000189732
0.000186473
0.000185453
0.000183476
0.000184822
0.00018633
0.000185546
0.000185623
0.000186602
0.00018879
0.000188712
0.000188646
0.000189654
0.000192743
0.000190836
0.000191334
0.000191986
0.000193949
0.00019458
0.000193344
0.000193624
0.000195716
0.000194685
0.000196713
0.000195389
0.000198257
0.000199231
0.000198464
0.000198219
0.000201147
0.00019868
0.000199475
0.000198333
0.000198414
0.000196548
0.000197134
0.000198222
0.000196969
0.000197922
0.00019664
0.000195767
0.000196423
0.000195917
0.000196103
0.000193774
0.000192815
0.000193791
0.000192335
0.000193825
0.000192054
0.000193146
0.000191775
0.000191758
0.000191937
0.000190993
0.000190756
0.000191668
0.000191901
0.000193727
0.000206877
0.000221948
0.000227314
0.000228774
0.000228842
0.000227669
0.000228749
0.000228508
0.00022915
0.000226945
0.000226596
0.000227841
0.000225294
0.000226794
0.000224643
0.000223508
0.000224772
0.000224034
0.000223107
0.000221848
0.000225297
0.000223003
0.000221572
0.000222508
0.000219858
0.000220211
0.000219163
0.000220938
0.000218859
0.000218502
0.000219724
MomentY Data
-0.000119368
-0.000119559
-0.000121419
-0.000119003
-0.000119146
-0.000120417
-0.000119162
-0.000117763
-0.000115697
-0.000119082
-0.000119146
-0.000119178
-0.000118542
-0.000119273
-0.000119972
-0.000119098
-0.000120163
-0.000120306
-0.000117715
-0.000117302
-0.000117048
-0.000121276
-0.000118923
-0.000118605
-0.000118256
-0.000119289
-0.000118272
-0.000119066
-0.000119766
-0.000119289
-0.000118939
-0.000118796
-0.000118049
-0.000117556
-0.000119336
-0.000119781
-0.0001194
-0.000118256
-0.000118462
-0.000118876
-0.000118717
-0.000120211
-0.00011843
-0.00011878
-0.000119797
-0.000118335
-0.000120481
-0.00011797
-0.000120465
-0.000120147
-0.000118891
-0.000118987
-0.000119305
-0.000120624
-0.000120767
-0.000121037
-0.000119988
-0.000121387
-0.000119336
-0.000121593
-0.000121323
-0.000120449
-0.000120131
-0.000120592
-0.000119305
-0.000118081
-0.000118574
-0.000120576
-0.000118256
-0.000119416
-0.000120783
-0.000119003
-0.000119734
-0.000117572
-0.000119432
-0.000118701
-0.00011913
-0.000120195
-0.000118685
-0.00012145
-0.000117286
-0.000118224
-0.000121101
-0.000119193
-0.000117763
-0.000119448
-0.000118828
-0.000120958
-0.000119416
-0.000120083
-0.000120735
-0.000120608
-0.000120656
-0.000120513
-0.000121593
-0.000119527
-0.00012029
-0.000121307
-0.000121244
-0.000120004
-0.000122166
-0.000121435
-0.000121276
-0.00012215
-0.000119575
-0.000122356
-0.000121991
-0.000121069
-0.000123088
-0.000122674
-0.000121689
-0.000120942
-0.000120354
-0.000122658
-0.000121832
-0.00012056
-0.000120831
-0.000120179
-0.000120608
-0.000122086
-0.000122754
Field Data
499.995
483.335
466.651
449.991
433.333
416.651
399.996
383.323
366.65
349.986
333.327
316.668
300.002
283.316
266.662
249.997
233.336
216.663
199.994
183.315
167.223
149.999
133.333
116.665
100.002
83.3472
66.6628
50.0038
33.3289
16.6549
-0.00083494
-16.6656
-33.3448
-50.0162
-66.6759
-83.3392
-100.004
-116.683
-133.332
-150.009
-166.673
-183.348
-200.004
-216.677
-233.344
-250.003
-266.668
-283.338
-300.022
-316.681
-333.342
-350.007
-366.677
-383.335
-400.005
-416.68
-433.334
-449.995
-466.675
-483.336
-500.015
-483.343
-466.672
-450.018
-433.34
-416.665
-400
-383.347
-366.682
-350.001
-333.338
-316.672
-300.007
-283.34
-266.671
-250.009
-233.343
-216.668
-200.009
-183.334
-166.67
-149.996
-133.329
-116.672
-100.001
-83.3417
-66.6607
-50.0022
-33.333
-16.6666
-0.00831771
16.6645
33.3426
50.0065
66.6807
83.3091
100.008
116.663
133.328
150.004
166.646
183.326
200.002
216.662
233.331
249.996
266.661
283.326
299.991
316.667
333.312
350.001
366.65
383.331
400.011
416.678
433.329
449.995
466.677
483.337
499.992
Time Data
0
10.405
20.795
31.169
41.543
51.948
62.353
72.774
83.148
93.538
103.959
114.333
124.754
135.143
145.533
155.923
166.343
176.749
187.123
197.497
207.887
218.307
228.713
239.134
249.539
259.944
270.349
280.755
291.175
301.55
311.955
322.376
333.795
344.169
354.559
364.948
375.338
385.728
396.133
406.538
416.975
427.396
437.801
448.237
458.627
469.063
480.467
491.886
502.276
512.697
524.163
534.568
544.973
555.379
565.768
576.174
586.548
596.922
607.343
617.748
628.153
638.558
648.964
659.369
669.79
680.226
690.6
701.006
711.395
721.769
732.175
742.564
752.97
763.406
773.78
784.154
794.559
804.965
815.401
825.791
836.196
846.586
856.991
867.428
877.817
888.269
898.643
909.064
919.454
929.89
940.264
950.67
961.122
971.574
981.917
992.338
1002.74
1013.15
1023.54
1033.93
1044.35
1054.8
1065.21
1075.61
1086
1096.39
1106.76
1117.17
1127.57
1137.98
1148.35
1158.77
1169.18
1179.59
1189.97
1200.4
1210.82
1221.24
1231.61
1242
1252.45
Temperature Data
0
0
0
0
0
0
0
0
0
0
0
0
0
0
0
0
0
0
0
0
0
0
0
0
0
0
0
0
0
0
0
0
0
0
0
0
0
0
0
0
0
0
0
0
0
0
0
0
0
0
0
0
0
0
0
0
0
0
0
0
0
0
0
0
0
0
0
0
0
0
0
0
0
0
0
0
0
0
0
0
0
0
0
0
0
0
0
0
0
0
0
0
0
0
0
0
0
0
0
0
0
0
0
0
0
0
0
0
0
0
0
0
0
0
0
0
0
0
0
0
0
Angle Data
0
0
0
0
0
0
0
0
0
0
0
0
0
0
0
0
0
0
0
0
0
0
0
0
0
0
0
0
0
0
0
0
0
0
0
0
0
0
0
0
0
0
0
0
0
0
0
0
0
0
0
0
0
0
0
0
0
0
0
0
0
0
0
0
0
0
0
0
0
0
0
0
0
0
0
0
0
0
0
0
0
0
0
0
0
0
0
0
0
0
0
0
0
0
0
0
0
0
0
0
0
0
0
0
0
0
0
0
0
0
0
0
0
0
0
0
0
0
0
0
0
Bx Data
0
0
0
0
0
0
0
0
0
0
0
0
0
0
0
0
0
0
0
0
0
0
0
0
0
0
0
0
0
0
0
0
0
0
0
0
0
0
0
0
0
0
0
0
0
0
0
0
0
0
0
0
0
0
0
0
0
0
0
0
0
0
0
0
0
0
0
0
0
0
0
0
0
0
0
0
0
0
0
0
0
0
0
0
0
0
0
0
0
0
0
0
0
0
0
0
0
0
0
0
0
0
0
0
0
0
0
0
0
0
0
0
0
0
0
0
0
0
0
0
0
Hint Data
0
0
0
0
0
0
0
0
0
0
0
0
0
0
0
0
0
0
0
0
0
0
0
0
0
0
0
0
0
0
0
0
0
0
0
0
0
0
0
0
0
0
0
0
0
0
0
0
0
0
0
0
0
0
0
0
0
0
0
0
0
0
0
0
0
0
0
0
0
0
0
0
0
0
0
0
0
0
0
0
0
0
0
0
0
0
0
0
0
0
0
0
0
0
0
0
0
0
0
0
0
0
0
0
0
0
0
0
0
0
0
0
0
0
0
0
0
0
0
0
0
Torque Data
-0.05968340316
-0.057787049265
-0.056660297769
-0.053550278973
-0.051629893618
-0.050171863467
-0.047664323352
-0.045141266449
-0.04242030505
-0.041677032852
-0.039714578742
-0.037739858904
-0.035562837084
-0.033791949268
-0.031991973464
-0.029774142706
-0.028038353768
-0.026065858878
-0.02354229371
-0.02150321613
-0.019573117704
-0.018191278724
-0.015856360359
-0.013837052325
-0.011825836512
-0.0099424041408
-0.0078843426816
-0.0059537524508
-0.0039916690374
-0.0019867463661
9.930692866E-08
0.0019798066176
0.0039363202952
0.0058797044072
0.0079568352024
0.0099824527152
0.0119404776
0.013798464848
0.015794775384
0.017832469884
0.019786918541
0.022040446428
0.02368647372
0.02573689406
0.027953911168
0.029584105005
0.032128427308
0.03342538386
0.03614215023
0.038048272107
0.039631363722
0.041646282909
0.043746399485
0.04623940104
0.048307403835
0.05043369716
0.051994879992
0.054623543065
0.0556911278
0.058770274248
0.060663319845
0.058218181007
0.056061774032
0.054268570656
0.0516996287
0.049200219865
0.0474296
0.046222447872
0.043362346592
0.041795719416
0.040261563654
0.037684918016
0.035921038138
0.03331285048
0.031849050872
0.029676318309
0.02779815159
0.02604241026
0.023738068165
0.0222659143
0.01954805762
0.017733127104
0.016146275229
0.013906485696
0.011776417763
0.0099549993816
0.0079211576596
0.0060481661076
0.003980493528
0.0020013753278
1.00423871685E-06
-0.002009872016
-0.0040229847456
-0.0060264333345
-0.0081079063551
-0.0099576867957
-0.01202996232
-0.014152038541
-0.016165220032
-0.018001080016
-0.020358475236
-0.02226219281
-0.024255442552
-0.0264652633
-0.027900554325
-0.030588510576
-0.032530242051
-0.034301995494
-0.036925292208
-0.038846807558
-0.040560403968
-0.042329820942
-0.0441277941
-0.047018613798
-0.048734140152
-0.05023469968
-0.052359576399
-0.054079949105
-0.056284979616
-0.059008680982
-0.061376017968
dMdH Data
-1.35834333733492E-07
-5.80795972188939E-08
1.06842737094838E-07
-6.19522151518783E-08
-3.03920393238229E-08
-5.00150105073549E-08
8.82864511485637E-08
-2.0230312481257E-07
-2.31036965914557E-08
-1.10931028273005E-07
-3.36154631130325E-08
2.87411496459863E-08
-8.19249670382356E-08
1.14086705896487E-08
-9.24092409240936E-08
-3.84730808474887E-08
4.76219036766033E-08
-7.38496610474535E-08
1.93057137718089E-08
-6.70519512801389E-08
-1.25406409660938E-07
-3.69014760590428E-08
-1.25989920806335E-08
-1.3376942927444E-07
7.58339938035877E-08
2.79902184076148E-08
-1.86085599375714E-09
-9.49930734217299E-08
4.1453760345448E-07
7.87056233016638E-07
6.49574114067949E-07
1.9539306441556E-07
6.1182624134745E-08
1.18669603894429E-07
-8.07763168159966E-08
-9.04901348951099E-08
4.7005216140057E-08
-4.6249023965399E-09
-5.87036037656664E-08
-1.31301008161304E-07
4.67766116941417E-09
3.96253602305531E-09
-6.04570263299955E-08
-1.85336293274133E-07
1.14472657422414E-07
-2.98829882988303E-08
-3.91121775644867E-08
-1.176576360585E-07
-3.78774236148621E-08
7.41852229758118E-08
-1.68016801680162E-08
-1.25494901019796E-07
6.18921839356465E-08
-1.21655668866227E-07
7.94002998500751E-08
-1.72210880269005E-07
-5.84598763579614E-08
4.59832134292558E-08
1.47049996998985E-08
-1.75550092931231E-07
-1.479726487524E-07
4.76876012236832E-08
-6.85721148072539E-08
4.85669744573699E-09
-1.11904047976012E-07
3.51635163516342E-08
6.53335735302948E-08
-7.51875187518751E-08
5.71308674539904E-08
-7.69369261237486E-08
-5.23820952838099E-08
3.93639363936394E-08
-3.03593928121452E-08
1.11584378187055E-08
-1.39779138158684E-07
-5.75423016920678E-08
5.85307346326836E-08
-8.74002040938827E-08
8.93553223388315E-08
-1.06277004320692E-07
6.54911838790938E-08
-8.22583548329024E-08
-1.02059194332855E-09
1.07372083258353E-08
-5.6665045950309E-08
-1.42077813080762E-08
5.47468259447142E-08
1.39778753629438E-08
1.09561752988049E-07
7.8939711616569E-07
9.03926394574609E-07
3.21739286849222E-07
8.76145440143065E-08
4.07815667318291E-09
-7.0541964350147E-08
6.46749187072192E-08
-1.44701290903632E-08
3.852385238524E-08
-1.32225953466061E-07
-2.09710371349593E-08
7.46402877697845E-08
-1.5273446869753E-07
9.00360144057629E-08
-1.29041934129221E-07
-6.81068106810685E-08
7.58475847584763E-08
-4.42844284428454E-08
-5.56255625562549E-08
-7.5497721276086E-08
2.07209372183839E-07
-1.37455809215652E-07
-8.59511081746639E-08
5.61117439002452E-08
-1.58872901678658E-07
2.1179576408472E-08
-6.29391628130439E-08
1.06504260170407E-07
-1.24625344682891E-07
-2.14285714285721E-08
7.3371359951966E-08
7.3371359951966E-08
dMdT Data
0
0
0
0
0
0
0
0
0
0
0
0
0
0
0
0
0
0
0
0
0
0
0
0
0
0
0
0
0
0
0
0
0
0
0
0
0
0
0
0
0
0
0
0
0
0
0
0
0
0
0
0
0
0
0
0
0
0
0
0
0
0
0
0
0
0
0
0
0
0
0
0
0
0
0
0
0
0
0
0
0
0
0
0
0
0
0
0
0
0
0
0
0
0
0
0
0
0
0
0
0
0
0
0
0
0
0
0
0
0
0
0
0
0
0
0
0
0
0
0
0
 
*********************************************** Results ***************************************
 
TotalArea -7.5846824449805E-03
AreaFirstQuad -5.86735186100495E-03
AreaSecondQuad -1.71733058397555E-03
AreaThirdQuad 0
AreaFourthQuad 0
Coercivity 0
PositiveCoercivity 0
NegativeCoercivity 0
Retentivity 3.16343072644012E-06
PositiveRetentivity 2.00557657144731E-04
NegativeRetentivity 2.06884518597611E-04
Magnetization 0.00022915
PositiveMagnetization 0.00022915
NegativeMagnetization 0.000183476
Flatness -62.3987826787101
Squareness 1.38050653564919E-02
SStar 0
SFD1 0
SFD2 0
Slope 0
Intercept 0
SlopeAtHc 7.3371359951966E-08
dH1 0
dH2 41.664658615
InitialSlope -1.35834333733492E-07
FieldAtHalfMs 0
FieldAtMs 133.328
MomentMean 2.05800619834711E-04
MomentRMS 1.38666345401809E-05
SFD3 0
dH3 0
UserField1 0
UserField2 0
CenterField 0
ExchangeField 0
ExchangeMoment 0
ExRegionOneIntercept 0
ExRegionOneSlope 0
ExRegionTwoIntercept 0
ExRegionTwoSlope 0
NegativeIntercept 0
NegativeSlope 0
AutoCenterOffset 0
PinningField 0
PinningMoment 0
PinRegionOneIntercept 0
PinRegionOneSlope 0
PinRegionTwoIntercept 0
PinRegionTwoSlope 0
PositiveIntercept 0
PositiveSlope 0
TotalOffset 0
BHMax 0
BCoercivity 0
BRetentivity 0
BNegativeCoercivity 0
BPositiveCoercivity 0
BNegativeRetentivity 0
BPositiveRetentivity 0
MomentYMean -1.19803619834711E-04
MomentYRMS 1.38160764604258E-06
YOffCorrection 0
Mrt 0
Ms1 0
Ms2 0
Ms3 0
Hc2 0
Hex2 0
HsatValue 0
HsatIntercept 0
HsatSlope 0
CenterH 0
Span .000045674
SpanAsPercentOfRange -3.04493333333334
RMSAsPercentOfRange -.924442302678723
SpanAsPercentOfMean 22.1933247998394
RMSAsPercentOfMean 6.7378973646036
