Version 1.25
******************************************** Units *******************************************
System CGS
TemperatureUnit K
MomentUnit emu
AppliedFieldUnit G
 
******************************************** Setup ********************************************
 
Experiment CustomField
Minor False
Acquisition PointByPoint
EditedPoint No
MaxField 500
FieldIncrement 16.6666666666667
Points 143
MinField 0
RampRate 500
AverageTime 3
TimeInterval 0
TimeConstant 0.3
TimeConstantIndex 1
Sensitivity -0.0013
SensitivityIndex 5
SensitivityY -4
SensitivityIndexY 0
SaturationField 8000
ExperimentTime 429
Use735Domains False
AutoRangeEnabled False
NumberOfVertices 7
VertexPts
0
27
44
71
98
115
142
VertexField
500
50
-50
-500
-50
50
500
StartAngle 0
EndAngle 0
AngleIncrement 0
StartTemp 0
FinishTemp 0
TempIncrement 0
TempPoints 0
LengthofSetPointsArray 143
SetPointArray
500
483.333333333333
466.666666666667
450
433.333333333333
416.666666666667
400
383.333333333333
366.666666666667
350
333.333333333333
316.666666666666
300
283.333333333333
266.666666666666
250
233.333333333333
216.666666666666
200
183.333333333333
166.666666666666
150
133.333333333333
116.666666666666
99.9999999999998
83.3333333333331
66.6666666666665
50
44.1176470588235
38.2352941176471
32.3529411764706
26.4705882352941
20.5882352941176
14.7058823529412
8.8235294117647
2.94117647058823
-2.94117647058824
-8.82352941176471
-14.7058823529412
-20.5882352941177
-26.4705882352941
-32.3529411764706
-38.2352941176471
-44.1176470588235
-50
-66.6666666666667
-83.3333333333333
-100
-116.666666666667
-133.333333333333
-150
-166.666666666667
-183.333333333333
-200
-216.666666666667
-233.333333333333
-250
-266.666666666667
-283.333333333333
-300
-316.666666666667
-333.333333333333
-350
-366.666666666667
-383.333333333333
-400
-416.666666666667
-433.333333333333
-450
-466.666666666667
-483.333333333334
-500
-483.333333333333
-466.666666666667
-450
-433.333333333333
-416.666666666667
-400
-383.333333333333
-366.666666666667
-350
-333.333333333333
-316.666666666666
-300
-283.333333333333
-266.666666666666
-250
-233.333333333333
-216.666666666666
-200
-183.333333333333
-166.666666666666
-150
-133.333333333333
-116.666666666666
-99.9999999999998
-83.3333333333331
-66.6666666666665
-50
-44.1176470588235
-38.2352941176471
-32.3529411764706
-26.4705882352941
-20.5882352941176
-14.7058823529412
-8.8235294117647
-2.94117647058823
2.94117647058824
8.82352941176471
14.7058823529412
20.5882352941177
26.4705882352941
32.3529411764706
38.2352941176471
44.1176470588235
50
66.6666666666667
83.3333333333333
100
116.666666666667
133.333333333333
150
166.666666666667
183.333333333333
200
216.666666666667
233.333333333333
250
266.666666666667
283.333333333333
300
316.666666666667
333.333333333333
350
366.666666666667
383.333333333333
400
416.666666666667
433.333333333333
450
466.666666666667
483.333333333334
500
FieldDomainFile c:\Ideasvsm\Default UserID\Experiments\Jason_500G\fdomain.ini
TempDomainFile c:\Ideasvsm\Default UserID\Experiments\Jason_500G\tdomain.ini
NumSelectedResults 0
ResultsSelected 
UserName1 
UserValue1 
UserName2 
UserValue2 
LinearBackgroundCorrection Off
MaxLinearFieldCorrection 
MinLinearFieldCorrection 
AutoLinearCorrection Off
FitOneRegion Off
BackgroundMode Off
BackgroundFilename 
AutoCenter Off
OffsetCorrection 
SmoothDeriv Off
DerivOrder 0
DerivPoints 0
MinExFieldOne 
MaxExFieldOne 
MinExFieldTwo 
MaxExFieldTwo 
MinPinFieldOne 
MaxPinFieldOne 
MinPinFieldTwo 
MaxPinFieldTwo 
HCenterStart 
Mass 
Volume 
Density 
MolarWeight 
NumberOfMoles 
Demagnetization 
SampleArea 
Thickness 
MomentScaling 0
XAxis 0
YAxis 0
SimpleSpinValve False
HsatMax 0
HsatMin 0
FieldAutoRange False
 
*************************************************** Experiment Data ********************************************
 
DataPoints 143
MomentX Data
0.000318851
0.000320142
0.000318954
0.000319788
0.00031888
0.000320386
0.000320139
0.000318963
0.000321168
0.000319315
0.000321759
0.000322243
0.000322128
0.000322364
0.000322401
0.000322089
0.000319738
0.000321989
0.000321773
0.000320501
0.000320601
0.000321404
0.000322894
0.000320478
0.000318684
0.000318946
0.000319003
0.000316245
0.000315657
0.000315682
0.000311296
0.000310774
0.000308603
0.000305191
0.000302694
0.000295225
0.000291001
0.000282089
0.000266235
0.00024226
0.000179053
0.0000901822
0.0000705256
0.0000643143
0.0000629437
0.0000585433
0.0000588576
0.0000571522
0.0000573407
0.0000566193
0.0000554648
0.0000552565
0.0000561056
0.0000544829
0.0000554068
0.0000540854
0.0000558127
0.0000544291
0.0000556098
0.0000562191
0.0000550692
0.0000561887
0.0000546788
0.0000549907
0.0000561516
0.0000541135
0.0000570096
0.0000555062
0.0000566351
0.0000579797
0.0000571184
0.0000581291
0.0000582212
0.0000581733
0.0000561719
0.0000562259
0.0000577575
0.0000563165
0.0000553154
0.0000549718
0.0000546545
0.0000537195
0.0000547733
0.0000561178
0.000054566
0.0000541914
0.0000541159
0.0000548284
0.0000515287
0.0000529231
0.0000533302
0.0000531408
0.0000524707
0.0000555245
0.0000549313
0.0000545953
0.0000543731
0.0000562436
0.0000580255
0.0000592006
0.0000588712
0.0000603617
0.0000631361
0.0000632798
0.0000649755
0.0000700557
0.0000750502
0.0000789565
0.0000868591
0.0000933872
0.000108626
0.000136917
0.00020579
0.00029047
0.000306949
0.000309283
0.000313055
0.000314378
0.000315764
0.000316841
0.000316738
0.00031946
0.000319467
0.000318858
0.00032029
0.000319749
0.000319616
0.000320261
0.000319966
0.000319163
0.000319096
0.000319459
0.000317328
0.00031905
0.000320269
0.000318983
0.000319294
0.00031854
0.000318707
0.000316994
0.000317155
0.000316329
0.000315225
MomentY Data
-0.000121609
-0.000119575
-0.000117493
-0.000119162
-0.000117413
-0.000118955
-0.000118144
-0.000119575
-0.000120894
-0.000121164
-0.000119654
-0.000120052
-0.000120004
-0.000118605
-0.000120433
-0.000122849
-0.000119591
-0.000119781
-0.000117842
-0.000121387
-0.000121276
-0.000118621
-0.00011994
-0.000118971
-0.000118446
-0.000118971
-0.000121784
-0.000118891
-0.000118128
-0.000121307
-0.000122356
-0.000119273
-0.000120131
-0.000120258
-0.000119289
-0.000119654
-0.000118494
-0.000119956
-0.000119813
-0.000120656
-0.000120354
-0.000120608
-0.000118844
-0.000118446
-0.000120815
-0.000117731
-0.000118128
-0.000116475
-0.000117207
-0.000119082
-0.000115649
-0.000118256
-0.000116396
-0.000118748
-0.000116396
-0.000118844
-0.000118494
-0.000116189
-0.000120481
-0.000117954
-0.000116666
-0.000116936
-0.000116285
-0.000118001
-0.000116078
-0.000116301
-0.00011905
-0.000117111
-0.000115124
-0.000118192
-0.000116094
-0.000115983
-0.00011611
-0.000117668
-0.000118113
-0.00011735
-0.000118589
-0.000118748
-0.000119972
-0.000118589
-0.000119336
-0.00011692
-0.000116777
-0.000117699
-0.000117095
-0.000118081
-0.000117795
-0.000117175
-0.000117413
-0.000117826
-0.000118128
-0.00011646
-0.000119098
-0.000117572
-0.000117747
-0.000117683
-0.000115506
-0.000118351
-0.000116046
-0.000117302
-0.000115395
-0.00011541
-0.000116698
-0.00011673
-0.000118287
-0.000117016
-0.000118367
-0.000117985
-0.000120242
-0.000120544
-0.000118081
-0.000117334
-0.000118796
-0.000121498
-0.000120767
-0.000117826
-0.000120529
-0.000120227
-0.000118796
-0.000118732
-0.000118796
-0.00011967
-0.000118971
-0.000119082
-0.00011735
-0.00011762
-0.000115299
-0.000117842
-0.000116905
-0.000118065
-0.000117445
-0.000121705
-0.00012091
-0.000120783
-0.000121784
-0.000121514
-0.000122833
-0.000119336
-0.000121403
-0.000120338
-0.000118923
-0.000118415
-0.000119336
Field Data
499.985
483.335
466.658
449.986
433.334
416.669
399.992
383.327
366.665
349.998
333.321
316.658
300.001
283.335
266.666
249.989
233.334
216.663
199.992
183.316
166.664
149.99
133.335
116.663
99.9754
83.3085
66.6647
50.0037
44.1028
38.2221
32.3298
26.4527
20.5813
14.6856
8.82627
2.94699
-2.93567
-8.82802
-14.7011
-20.5942
-26.4673
-32.3619
-38.2313
-44.1234
-50.0155
-66.6724
-83.3461
-100.021
-116.681
-133.345
-149.458
-166.666
-183.339
-200.007
-216.672
-233.347
-249.994
-266.678
-283.341
-300.011
-316.677
-333.339
-349.998
-366.682
-383.332
-400.012
-416.686
-433.34
-450.004
-466.668
-483.341
-500.009
-483.336
-466.669
-450.009
-433.339
-416.658
-400.008
-383.338
-366.658
-350
-333.344
-316.675
-300.009
-283.33
-266.669
-250.008
-233.339
-216.669
-199.993
-183.338
-166.669
-150.017
-133.346
-116.674
-100.002
-83.3297
-66.6739
-50.0032
-44.1281
-38.2443
-32.3647
-26.4646
-20.5927
-14.7039
-8.82227
-2.94618
2.93577
8.81704
14.7038
20.5923
26.4715
32.3632
38.2337
44.0982
50.0008
66.6557
83.3369
100.002
116.66
133.329
149.992
166.652
183.326
199.997
216.672
233.328
250
266.653
283.34
299.994
316.67
333.342
349.988
366.681
383.321
399.993
416.668
433.338
450.002
466.667
483.332
499.994
Time Data
0
10.39
20.811
31.2
41.621
52.011
62.432
72.806
83.211
93.601
103.975
114.396
124.77
135.175
145.596
156.032
166.437
176.858
187.279
197.684
208.09
218.542
228.994
239.399
249.82
260.241
270.615
281.005
291.425
301.846
312.298
322.704
333.109
343.483
353.935
364.325
374.699
385.12
395.494
405.852
416.289
426.678
437.099
447.458
457.847
468.268
478.658
489.079
499.5
509.874
520.279
530.684
541.105
551.479
561.869
572.305
582.664
593.085
603.505
613.942
624.363
634.799
645.189
655.579
666.015
676.436
686.826
697.246
707.683
718.088
728.478
738.883
749.304
759.709
770.146
780.551
790.956
801.377
811.798
822.188
833.607
844.012
854.433
864.807
875.197
885.586
896.007
906.444
916.865
927.27
937.66
948.049
958.439
968.813
979.218
989.592
999.982
1010.39
1020.79
1031.2
1041.62
1052.04
1062.46
1072.83
1083.27
1093.66
1104.07
1114.49
1124.92
1135.34
1145.75
1156.17
1166.57
1177.01
1187.42
1197.82
1208.21
1218.62
1229.02
1239.41
1249.85
1260.27
1270.69
1281.08
1291.48
1301.89
1312.31
1322.7
1333.09
1343.53
1353.93
1364.32
1374.73
1385.12
1395.54
1405.94
1416.35
1427.78
1438.17
1448.58
1459
1469.39
1479.81
Temperature Data
0
0
0
0
0
0
0
0
0
0
0
0
0
0
0
0
0
0
0
0
0
0
0
0
0
0
0
0
0
0
0
0
0
0
0
0
0
0
0
0
0
0
0
0
0
0
0
0
0
0
0
0
0
0
0
0
0
0
0
0
0
0
0
0
0
0
0
0
0
0
0
0
0
0
0
0
0
0
0
0
0
0
0
0
0
0
0
0
0
0
0
0
0
0
0
0
0
0
0
0
0
0
0
0
0
0
0
0
0
0
0
0
0
0
0
0
0
0
0
0
0
0
0
0
0
0
0
0
0
0
0
0
0
0
0
0
0
0
0
0
0
0
0
Angle Data
0
0
0
0
0
0
0
0
0
0
0
0
0
0
0
0
0
0
0
0
0
0
0
0
0
0
0
0
0
0
0
0
0
0
0
0
0
0
0
0
0
0
0
0
0
0
0
0
0
0
0
0
0
0
0
0
0
0
0
0
0
0
0
0
0
0
0
0
0
0
0
0
0
0
0
0
0
0
0
0
0
0
0
0
0
0
0
0
0
0
0
0
0
0
0
0
0
0
0
0
0
0
0
0
0
0
0
0
0
0
0
0
0
0
0
0
0
0
0
0
0
0
0
0
0
0
0
0
0
0
0
0
0
0
0
0
0
0
0
0
0
0
0
Bx Data
0
0
0
0
0
0
0
0
0
0
0
0
0
0
0
0
0
0
0
0
0
0
0
0
0
0
0
0
0
0
0
0
0
0
0
0
0
0
0
0
0
0
0
0
0
0
0
0
0
0
0
0
0
0
0
0
0
0
0
0
0
0
0
0
0
0
0
0
0
0
0
0
0
0
0
0
0
0
0
0
0
0
0
0
0
0
0
0
0
0
0
0
0
0
0
0
0
0
0
0
0
0
0
0
0
0
0
0
0
0
0
0
0
0
0
0
0
0
0
0
0
0
0
0
0
0
0
0
0
0
0
0
0
0
0
0
0
0
0
0
0
0
0
Hint Data
0
0
0
0
0
0
0
0
0
0
0
0
0
0
0
0
0
0
0
0
0
0
0
0
0
0
0
0
0
0
0
0
0
0
0
0
0
0
0
0
0
0
0
0
0
0
0
0
0
0
0
0
0
0
0
0
0
0
0
0
0
0
0
0
0
0
0
0
0
0
0
0
0
0
0
0
0
0
0
0
0
0
0
0
0
0
0
0
0
0
0
0
0
0
0
0
0
0
0
0
0
0
0
0
0
0
0
0
0
0
0
0
0
0
0
0
0
0
0
0
0
0
0
0
0
0
0
0
0
0
0
0
0
0
0
0
0
0
0
0
0
0
0
Torque Data
-0.060802675865
-0.057794782625
-0.054829048394
-0.053621231732
-0.050879044942
-0.049564860895
-0.047256654848
-0.045836326025
-0.04432759851
-0.042407157672
-0.039883190934
-0.038015426216
-0.036001320004
-0.033604947675
-0.032115386378
-0.030710898661
-0.027904646394
-0.025952110803
-0.023567457264
-0.022252179292
-0.020212343264
-0.01779196379
-0.0159921999
-0.013879513773
-0.0118416862284
-0.0099112955535
-0.0081186938248
-0.0059449898967
-0.0052097755584
-0.0046366082847
-0.0039557450088
-0.0031550928871
-0.0024724521503
-0.0017660608848
-0.00105287692203
-0.00035261914146
0.00034785928098
0.00105897396712
0.0017613828943
0.0024848137952
0.0031854454242
0.0039031040352
0.0045435606172
0.0052262402364
0.0060426226325
0.0078494083244
0.0098455081008
0.011649945975
0.013675829967
0.01587898929
0.017284668242
0.019709254496
0.021339926244
0.023750431236
0.025219754112
0.027731890868
0.029622789036
0.030985050142
0.034137207021
0.035387497494
0.036945438882
0.038979329304
0.04069951743
0.043268842682
0.044496411896
0.046521795612
0.0496064683
0.05074888074
0.051806260496
0.055156424256
0.056112990054
0.057992543847
0.05612014296
0.054912007892
0.053151913017
0.05085233165
0.049411055562
0.047500149984
0.045989826536
0.043481605562
0.0417676
0.03897458048
0.036980356475
0.035310759291
0.03317652635
0.031488542189
0.02944969236
0.027341497325
0.025439757297
0.023564375218
0.021657351264
0.01941027174
0.017866724666
0.015677755912
0.013738013478
0.011768535366
0.0096250803282
0.0078909227389
0.0058026713472
0.0051763143862
0.0044132009985
0.003735210027
0.0030883658908
0.002403785871
0.0017392802193
0.00103234674632
0.00034873048806
-0.00034637682345
-0.00106017852368
-0.0017724548672
-0.0024315593763
-0.003106006981
-0.0038446187072
-0.0046453180826
-0.0053256073194
-0.0058913942608
-0.0080339448653
-0.0100193454763
-0.011879837592
-0.01385127512
-0.015838951884
-0.01794954264
-0.019826755092
-0.021830826732
-0.02346964795
-0.02548496064
-0.026902485072
-0.0294605
-0.031173068965
-0.0334525371
-0.03523279533
-0.03854032235
-0.04030438122
-0.042272600604
-0.044655878904
-0.046578867994
-0.049132340169
-0.049723492448
-0.052608533214
-0.054152340676
-0.055497439641
-0.05723375878
-0.059667283984
dMdH Data
-7.75375375375373E-08
7.12358337830548E-08
-5.00239923224575E-08
5.45279846264705E-08
-9.03690369036884E-08
1.48108172932774E-08
7.05670567056691E-08
-1.32337054375223E-07
1.11177776444472E-07
-1.46549139533492E-07
-2.90463902058439E-08
6.90400432250834E-09
-1.41605664226587E-08
-2.21968924350509E-09
1.8708400791508E-08
1.41158811167817E-07
-1.35024893527682E-07
1.29566312758674E-08
7.6277284720558E-08
-6.00528465049257E-09
-4.81588101235465E-08
-8.94626238366849E-08
1.44913627639154E-07
1.07504973752966E-07
-1.57197799230814E-08
-3.42469868659657E-09
1.65536282335994E-07
9.96458167398174E-08
-4.25119458568098E-09
7.44361285066951E-07
8.88193156488801E-08
3.69758490308951E-07
5.78726868734841E-07
4.26157939559645E-07
1.27039365364467E-06
7.1804251818055E-07
1.5124695579862E-06
2.69943538994872E-06
4.06831718450391E-06
1.07621188128927E-05
1.50766464221491E-05
3.34899649027158E-06
1.05417423329543E-06
2.32616554369409E-07
2.64178808781947E-07
-1.88500452808913E-08
1.0227347690241E-07
-1.13145258103241E-08
4.32909265482475E-08
7.16502203189973E-08
1.21048349604833E-08
-5.09266478738079E-08
9.7354211663067E-08
-5.54395439543954E-08
7.92443778110942E-08
-1.03760437316033E-07
8.29297530568212E-08
-7.08575886695073E-08
-3.65506898620276E-08
6.89967598703949E-08
-6.71888128676031E-08
9.06356924185124E-08
-1.86945576600335E-08
-6.97237237237237E-08
1.22188249400479E-07
-1.73689576586302E-07
9.02726071814577E-08
-6.77448391742678E-08
-8.06889102256362E-08
5.16583698194689E-08
-6.06371490280778E-08
5.52390091765121E-09
-2.87394252114937E-09
-1.20132052821129E-07
3.23935212957427E-09
9.18170373478808E-08
-8.65465465465461E-08
-6.00539892021597E-08
-2.05995203836931E-08
-1.90479049105533E-08
-5.61359269932759E-08
6.32191493190954E-08
8.06732269290772E-08
-9.3039151028239E-08
-2.24836444391094E-08
-4.53154072384588E-09
4.27440158377825E-08
-1.97942411517697E-07
8.36171743823459E-08
2.44431101771239E-08
-1.13624092627034E-08
-4.02414124429497E-08
1.83180373102993E-07
-3.55806142034549E-08
-2.01535508637235E-08
-1.33274953065863E-08
1.12303221700548E-07
1.06888133071797E-07
2.00013616789501E-07
-5.59842278799411E-08
2.53503639703381E-07
4.70229318147149E-07
2.44724876104856E-08
2.87953403070235E-07
8.63740153664885E-07
8.49969963019626E-07
6.64116491979702E-07
1.34368937321361E-06
1.1089461775238E-06
2.58789165322238E-06
4.8120492584025E-06
1.16898348524195E-05
1.44246657013883E-05
2.80995822320744E-06
3.95418967912445E-07
2.26479894805735E-07
7.93108409466921E-08
8.31678177748727E-08
6.46536198823382E-08
-6.17913492111077E-09
1.63355938306426E-07
4.20168067226999E-10
-3.65239294710324E-08
8.58976666066819E-08
-3.2443778110945E-08
-7.98511047070004E-09
3.86876199616134E-08
-1.77145259112494E-08
-4.81212920237287E-08
-4.02305752371951E-09
2.17678100263866E-08
-1.27819097888676E-07
1.03448275862066E-07
7.30246210986644E-08
-7.72836538461521E-08
1.86540307101739E-08
-4.52173913043478E-08
1.00179964007182E-08
-1.02796447431588E-07
9.66096609660891E-09
-4.95649564956492E-08
-6.62585523946725E-08
-6.62585523946725E-08
dMdT Data
0
0
0
0
0
0
0
0
0
0
0
0
0
0
0
0
0
0
0
0
0
0
0
0
0
0
0
0
0
0
0
0
0
0
0
0
0
0
0
0
0
0
0
0
0
0
0
0
0
0
0
0
0
0
0
0
0
0
0
0
0
0
0
0
0
0
0
0
0
0
0
0
0
0
0
0
0
0
0
0
0
0
0
0
0
0
0
0
0
0
0
0
0
0
0
0
0
0
0
0
0
0
0
0
0
0
0
0
0
0
0
0
0
0
0
0
0
0
0
0
0
0
0
0
0
0
0
0
0
0
0
0
0
0
0
0
0
0
0
0
0
0
0
 
*********************************************** Results ***************************************
 
TotalArea 1.41746332502855E-02
AreaFirstQuad 7.94798263226596E-03
AreaSecondQuad 6.22665061801954E-03
AreaThirdQuad 0
AreaFourthQuad 0
Coercivity 0
PositiveCoercivity 0
NegativeCoercivity 0
Retentivity 1.08051064576503E-04
PositiveRetentivity 2.93108935879347E-04
NegativeRetentivity 7.70068067263407E-05
Magnetization 0.000322894
PositiveMagnetization 0.000322894
NegativeMagnetization 0.0000515287
Flatness -1.71268901447813
Squareness 0.334633237460291
SStar 0
SFD1 0
SFD2 0
Slope 0
Intercept 0
SlopeAtHc -6.62585523946725E-08
dH1 -535.086240743618
dH2 11.76855
InitialSlope -7.75375375375373E-08
FieldAtHalfMs 0
FieldAtMs 133.335
MomentMean 1.8678264965035E-04
MomentRMS 1.27157077687169E-04
SFD3 0
dH3 -838.78962972526
UserField1 0
UserField2 0
CenterField 0
ExchangeField 0
ExchangeMoment 0
ExRegionOneIntercept 0
ExRegionOneSlope 0
ExRegionTwoIntercept 0
ExRegionTwoSlope 0
NegativeIntercept 0
NegativeSlope 0
AutoCenterOffset 0
PinningField 0
PinningMoment 0
PinRegionOneIntercept 0
PinRegionOneSlope 0
PinRegionTwoIntercept 0
PinRegionTwoSlope 0
PositiveIntercept 0
PositiveSlope 0
TotalOffset 0
BHMax 0
BCoercivity 0
BRetentivity 0
BNegativeCoercivity 0
BPositiveCoercivity 0
BNegativeRetentivity 0
BPositiveRetentivity 0
MomentYMean -1.18643699300699E-04
MomentYRMS 1.71433029684762E-06
YOffCorrection 0
Mrt 0
Ms1 0
Ms2 0
Ms3 0
Hc2 0
Hex2 0
HsatValue 0
HsatIntercept 0
HsatSlope 0
CenterH 0
Span .0002713653
SpanAsPercentOfRange -20.8742538461538
RMSAsPercentOfRange -9.7813136682438
SpanAsPercentOfMean 145.283997474062
RMSAsPercentOfMean 68.0775639092832
