Version 1.25
******************************************** Units *******************************************
System CGS
TemperatureUnit K
MomentUnit emu
AppliedFieldUnit G
 
******************************************** Setup ********************************************
 
Experiment CustomField
Minor False
Acquisition PointByPoint
EditedPoint No
MaxField 15000
FieldIncrement 750
Points 101
MinField 0
RampRate 10
AverageTime 6
TimeInterval 10
TimeConstant 1
TimeConstantIndex 2
Sensitivity -0.0013
SensitivityIndex 5
SensitivityY -4
SensitivityIndexY 0
SaturationField 8000
ExperimentTime 606
Use735Domains False
AutoRangeEnabled False
NumberOfVertices 11
VertexPts
0
10
15
35
40
50
60
65
85
90
100
VertexField
15000
2000
500
-500
-2000
-15000
-2000
-500
500
2000
15000
StartAngle 0
EndAngle 0
AngleIncrement 0
StartTemp 0
FinishTemp 0
TempIncrement 0
TempPoints 0
LengthofSetPointsArray 101
SetPointArray
15000
13700
12400
11100
9800
8500
7200
5900
4600
3300
2000
1700
1400
1100
800
500
450
400
350
300
250
200
150
100
50
0
-50
-100
-150
-200
-250
-300
-350
-400
-450
-500
-800
-1100
-1400
-1700
-2000
-3300
-4600
-5900
-7200
-8500
-9800
-11100
-12400
-13700
-15000
-13700
-12400
-11100
-9800
-8500
-7200
-5900
-4600
-3300
-2000
-1700
-1400
-1100
-800
-500
-450
-400
-350
-300
-250
-200
-150
-100
-50
0
50
100
150
200
250
300
350
400
450
500
800
1100
1400
1700
2000
3300
4600
5900
7200
8500
9800
11100
12400
13700
15000
FieldDomainFile c:\Ideasvsm\Default UserID\Experiments\Jason_1p5T_cus\fdomain.ini
TempDomainFile c:\Ideasvsm\Default UserID\Experiments\Jason_1p5T_cus\tdomain.ini
NumSelectedResults 0
ResultsSelected 
UserName1 
UserValue1 
UserName2 
UserValue2 
LinearBackgroundCorrection Off
MaxLinearFieldCorrection 
MinLinearFieldCorrection 
AutoLinearCorrection Off
FitOneRegion Off
BackgroundMode Off
BackgroundFilename 
AutoCenter Off
OffsetCorrection 
SmoothDeriv Off
DerivOrder 0
DerivPoints 0
MinExFieldOne 
MaxExFieldOne 
MinExFieldTwo 
MaxExFieldTwo 
MinPinFieldOne 
MaxPinFieldOne 
MinPinFieldTwo 
MaxPinFieldTwo 
HCenterStart 
Mass 
Volume 
Density 
MolarWeight 
NumberOfMoles 
Demagnetization 
SampleArea 
Thickness 
MomentScaling 0
XAxis 0
YAxis 0
SimpleSpinValve False
HsatMax 0
HsatMin 0
FieldAutoRange True
 
*************************************************** Experiment Data ********************************************
 
DataPoints 101
MomentX Data
0.000572348
0.000602253
0.0006299
0.000663641
0.000687686
0.000710666
0.000739727
0.000768943
0.000803966
0.000833306
0.000862039
0.000871472
0.000877331
0.000883997
0.000886692
0.000893033
0.000893488
0.00089532
0.000895203
0.000895418
0.000894433
0.000895721
0.000894858
0.000892839
0.000883238
0.000824822
-0.000500197
-0.000514265
-0.000518889
-0.000520441
-0.000521351
-0.000522371
-0.000521902
-0.000521408
-0.000522371
-0.000521078
-0.000516034
-0.000510008
-0.00050544
-0.00049976
-0.000489788
-0.000457452
-0.0004322
-0.000397845
-0.000375371
-0.000342106
-0.000319113
-0.000286951
-0.000255796
-0.000228663
-0.000203027
-0.000230344
-0.000258201
-0.00028489
-0.000314332
-0.000338908
-0.000367495
-0.000395375
-0.000430609
-0.000462024
-0.000493919
-0.000497582
-0.000504367
-0.000512179
-0.000517645
-0.000522394
-0.000521042
-0.000523683
-0.000524341
-0.000522986
-0.000523894
-0.000524349
-0.000523151
-0.000520778
-0.00051078
-0.000457769
0.000871034
0.000886385
0.000891686
0.000893201
0.000893394
0.000893774
0.000895482
0.000893153
0.00089336
0.000894354
0.00088876
0.000882498
0.000876331
0.000867661
0.000861217
0.000829213
0.000803757
0.000774769
0.000734221
0.000717405
0.000686997
0.00065437
0.000627053
0.000600861
0.000574161
MomentY Data
-0.000113638
-0.000113384
-0.000112009
-0.000110078
-0.0001122
-0.000112438
-0.000113066
-0.000111818
-0.000112621
-0.000114433
-0.000114433
-0.000115403
-0.000117524
-0.000118637
-0.000116269
-0.000116436
-0.00011572
-0.000117103
-0.000114814
-0.000116412
-0.000114274
-0.000116197
-0.000114926
-0.000116889
-0.000116022
-0.000115442
-0.000110181
-0.000108616
-0.000108822
-0.000108584
-0.00010848
-0.000112104
-0.000112104
-0.000111739
-0.000110157
-0.000111707
-0.000110737
-0.000113138
-0.00011189
-0.000110173
-0.000109466
-0.000108536
-0.000108123
-0.000112112
-0.000111985
-0.00011185
-0.000112375
-0.000113344
-0.000112748
-0.000111437
-0.000111723
-0.00011212
-0.00011313
-0.000113392
-0.000114703
-0.000111453
-0.000112343
-0.000113034
-0.000112033
-0.000110634
-0.000113781
-0.000113098
-0.000115363
-0.000116356
-0.000115244
-0.000113988
-0.000114973
-0.000114218
-0.000114353
-0.000115728
-0.000114314
-0.000110682
-0.00010945
-0.000112685
-0.000113193
-0.000114934
-0.000118033
-0.000114306
-0.000117652
-0.000118383
-0.000117747
-0.0001182
-0.00011723
-0.000118478
-0.000119845
-0.000119384
-0.000117834
-0.000118883
-0.000117493
-0.000115824
-0.000117056
-0.000114393
-0.000114973
-0.000115164
-0.000116571
-0.000113527
-0.000116269
-0.00011336
-0.000114147
-0.000115108
-0.000111842
Field Data
15000
13700
12400
11100
9799.98
8499.96
7199.95
5899.97
4599.97
3299.95
1999.96
1699.97
1399.98
1099.98
799.976
499.976
449.989
399.991
349.995
299.992
249.995
199.997
149.993
99.9918
49.9918
-0.00712011
-50.01
-100.003
-150.005
-200.006
-250.006
-300.004
-350.004
-400.007
-450.007
-500.007
-800.009
-1100.02
-1400.02
-1700.02
-2000.02
-3300.05
-4600.05
-5900.07
-7200.06
-8500.05
-9800.03
-11100
-12400
-13700
-15000
-13700
-12400
-11100
-9799.99
-8499.97
-7199.96
-5899.96
-4599.98
-3299.99
-1999.96
-1699.97
-1399.98
-1099.98
-799.98
-499.979
-449.997
-399.991
-349.993
-299.99
-249.99
-199.989
-149.994
-99.992
-49.9923
0.00186151
50.0086
100.002
150.006
200.005
250.006
300.006
350.009
400.01
450.001
500.007
800.014
1100.01
1400.02
1700.02
2000.02
3300.04
4600.04
5900.07
7200.07
8500.06
9800.02
11100
12400
13700
15000
Time Data
0
14.524
29.063
43.65
58.236
72.853
87.392
101.9
116.455
131.993
146.548
160.073
173.614
187.108
200.633
214.143
227.653
241.178
255.748
269.274
282.83
296.356
309.834
323.375
336.947
350.472
364.013
378.568
392.093
405.619
419.113
432.638
446.179
460.718
474.243
487.769
502.339
515.833
529.39
542.9
557.47
572.025
587.594
602.133
616.672
631.212
645.813
660.353
674.908
690.508
705.063
719.664
734.235
748.79
763.407
777.993
792.532
807.118
821.72
837.289
851.813
865.354
878.894
892.435
905.945
919.486
933.058
946.599
961.169
974.679
988.282
1001.81
1015.38
1028.92
1042.48
1056.03
1069.61
1083.13
1096.64
1110.18
1123.72
1137.25
1150.77
1165.33
1178.87
1192.41
1205.92
1219.46
1232.95
1246.49
1260.05
1274.59
1290.21
1304.76
1319.38
1333.95
1348.55
1363.12
1377.64
1392.23
1406.83
Temperature Data
0
0
0
0
0
0
0
0
0
0
0
0
0
0
0
0
0
0
0
0
0
0
0
0
0
0
0
0
0
0
0
0
0
0
0
0
0
0
0
0
0
0
0
0
0
0
0
0
0
0
0
0
0
0
0
0
0
0
0
0
0
0
0
0
0
0
0
0
0
0
0
0
0
0
0
0
0
0
0
0
0
0
0
0
0
0
0
0
0
0
0
0
0
0
0
0
0
0
0
0
0
Angle Data
0
0
0
0
0
0
0
0
0
0
0
0
0
0
0
0
0
0
0
0
0
0
0
0
0
0
0
0
0
0
0
0
0
0
0
0
0
0
0
0
0
0
0
0
0
0
0
0
0
0
0
0
0
0
0
0
0
0
0
0
0
0
0
0
0
0
0
0
0
0
0
0
0
0
0
0
0
0
0
0
0
0
0
0
0
0
0
0
0
0
0
0
0
0
0
0
0
0
0
0
0
Bx Data
0
0
0
0
0
0
0
0
0
0
0
0
0
0
0
0
0
0
0
0
0
0
0
0
0
0
0
0
0
0
0
0
0
0
0
0
0
0
0
0
0
0
0
0
0
0
0
0
0
0
0
0
0
0
0
0
0
0
0
0
0
0
0
0
0
0
0
0
0
0
0
0
0
0
0
0
0
0
0
0
0
0
0
0
0
0
0
0
0
0
0
0
0
0
0
0
0
0
0
0
0
Hint Data
0
0
0
0
0
0
0
0
0
0
0
0
0
0
0
0
0
0
0
0
0
0
0
0
0
0
0
0
0
0
0
0
0
0
0
0
0
0
0
0
0
0
0
0
0
0
0
0
0
0
0
0
0
0
0
0
0
0
0
0
0
0
0
0
0
0
0
0
0
0
0
0
0
0
0
0
0
0
0
0
0
0
0
0
0
0
0
0
0
0
0
0
0
0
0
0
0
0
0
0
0
Torque Data
-1.70457
-1.5533608
-1.3889116
-1.2218658
-1.099557756
-0.95571850248
-0.8140695467
-0.65972284546
-0.51805322137
-0.37762317835
-0.22886142268
-0.19618163791
-0.16453124952
-0.13049832726
-0.093012409544
-0.058215205536
-0.05207272708
-0.046840146073
-0.04018432593
-0.034922668704
-0.02856792863
-0.023239051409
-0.017238095518
-0.0116879415102
-0.0058001486196
8.2195973862E-07
0.00551015181
0.010861925848
0.01632384411
0.021717451504
0.02712065088
0.033631648416
0.039236848416
0.044696382173
0.049571421099
0.055854281949
0.088590596633
0.12445406276
0.1566482378
0.18729630346
0.21893418932
0.3581742268
0.49737120615
0.66146864784
0.8062987191
0.9507305925
1.10127837125
1.2581184
1.3980752
1.5266869
1.675845
1.536044
1.402812
1.2586512
1.12408825297
0.94734715641
0.80886510628
0.66689607864
0.51534955934
0.36509109366
0.22755744876
0.19226320706
0.16150589274
0.12798927288
0.09219289512
0.056991606252
0.051737505081
0.045686172038
0.040022749529
0.03471724272
0.02857735686
0.022135182498
0.0164168433
0.01126759852
0.0056587784139
-2.1395079034E-07
-0.0059026650838
-0.011430828612
-0.017648505912
-0.023677191915
-0.029437456482
-0.0354607092
-0.04103155507
-0.04739238478
-0.053930369845
-0.059692835688
-0.094268849676
-0.13077248883
-0.16449254986
-0.19690311648
-0.23411434112
-0.37750147572
-0.52888039892
-0.67947566148
-0.83931935997
-0.96498631162
-1.13943852538
-1.258296
-1.4154228
-1.5769796
-1.67763
dMdH Data
-2.30038461538461E-08
-2.12669230769231E-08
-2.59546153846154E-08
-1.84958692943185E-08
-1.76766511284442E-08
-2.23544434273583E-08
-2.24741919106448E-08
-2.69407692307692E-08
-2.25688835556376E-08
-2.2102477711367E-08
-3.14443814793826E-08
-1.95306510217007E-08
-0.00000002222
-8.98321355715271E-09
-2.11366666666666E-08
-9.10236661532015E-09
-3.66414656586265E-08
2.34018721497718E-09
-4.29974201547956E-09
1.97011820709243E-08
-2.57610304412178E-08
1.72586193104559E-08
4.03790309032588E-08
1.92020000000001E-07
1.16834523368669E-06
2.6498853724323E-05
2.81399395915428E-07
9.24763009479632E-08
3.10393792124144E-08
1.82000000000003E-08
2.04008160326416E-08
-9.38000000000024E-09
-9.87940723556531E-09
1.92599999999997E-08
-2.58599999999995E-08
-1.68132212451919E-08
-2.008593018256E-08
-1.52266666666664E-08
-1.89333333333333E-08
-3.32400000000001E-08
-2.4873272155258E-08
-1.94246153846154E-08
-2.64265165151305E-08
-1.72878252909638E-08
-2.55886583742952E-08
-1.76871951876183E-08
-2.47405709362524E-08
-2.39653846153847E-08
-2.08715384615385E-08
-0.00000001972
-2.10130769230769E-08
-2.14284615384615E-08
-0.00000002053
-2.26475180960147E-08
-1.89043245488531E-08
-2.1989830847455E-08
-2.14461538461538E-08
-2.71034938999061E-08
-2.41655705043885E-08
-2.45340492142489E-08
-1.22104070135671E-08
-2.26174205806861E-08
-2.60399999999998E-08
-1.82199999999999E-08
-1.58299472335095E-08
2.70497379056468E-08
-5.28136623605179E-08
-1.31605264210559E-08
2.70983740975537E-08
-1.81599999999997E-08
-9.09981800364009E-09
2.39623962396239E-08
4.74581016759343E-08
1.99961199767198E-07
1.06034381613534E-06
2.65724788323423E-05
3.07060531990221E-07
1.06011519078476E-07
3.03006060121203E-08
3.85992280154403E-09
7.59999999999824E-09
3.41579505229687E-08
-4.657906841863E-08
4.14074533416028E-09
1.98776146862362E-08
-1.86462315879294E-08
-2.08736116481555E-08
-2.05559814672843E-08
-0.0000000289
-2.14800000000003E-08
-2.46180827987262E-08
-1.95815384615384E-08
-2.22979469704545E-08
-3.11907692307693E-08
-1.29354841191086E-08
-2.33914889688913E-08
-2.50980784319758E-08
-2.10130769230769E-08
-2.01476923076924E-08
-2.05384615384615E-08
-2.05384615384615E-08
dMdT Data
0
0
0
0
0
0
0
0
0
0
0
0
0
0
0
0
0
0
0
0
0
0
0
0
0
0
0
0
0
0
0
0
0
0
0
0
0
0
0
0
0
0
0
0
0
0
0
0
0
0
0
0
0
0
0
0
0
0
0
0
0
0
0
0
0
0
0
0
0
0
0
0
0
0
0
0
0
0
0
0
0
0
0
0
0
0
0
0
0
0
0
0
0
0
0
0
0
0
0
0
0
 
*********************************************** Results ***************************************
 
TotalArea 7.39358793715422E-02
AreaFirstQuad 5.31918386960631E-02
AreaSecondQuad 7.79082296274476E-03
AreaThirdQuad 5.44958444656743E-03
AreaFourthQuad 7.50363326616698E-03
Coercivity 24.1814355940615
PositiveCoercivity 17.2290461805861
NegativeCoercivity -31.133825007537
Retentivity 6.413006462936E-04
PositiveRetentivity 8.24830318746582E-04
NegativeRetentivity -4.57770973840617E-04
Magnetization 0.000710035
PositiveMagnetization 0.000895721
NegativeMagnetization -0.000524349
Flatness 0.462926736070485
Squareness 0.903195823154633
SStar -8.12012514131392E-04
SFD1 0.499593993742934
SFD2 313.256347851418
Slope 0
Intercept 0
SlopeAtHc 2.6498853724323E-05
dH1 12.1005356111868
dH2 7574.9882
InitialSlope -2.30038461538461E-08
FieldAtHalfMs 0
FieldAtMs 199.997
MomentMean 1.89609633663366E-04
MomentRMS 6.40448000571127E-04
SFD3 -8.12012514131594E-04
dH3 24.2010712223736
UserField1 0
UserField2 0
CenterField 0
ExchangeField 0
ExchangeMoment 0
ExRegionOneIntercept 0
ExRegionOneSlope 0
ExRegionTwoIntercept 0
ExRegionTwoSlope 0
NegativeIntercept 0
NegativeSlope 0
AutoCenterOffset 0
PinningField 0
PinningMoment 0
PinRegionOneIntercept 0
PinRegionOneSlope 0
PinRegionTwoIntercept 0
PinRegionTwoSlope 0
PositiveIntercept 0
PositiveSlope 0
TotalOffset 0
BHMax 0
BCoercivity 0
BRetentivity 0
BNegativeCoercivity 0
BPositiveCoercivity 0
BNegativeRetentivity 0
BPositiveRetentivity 0
MomentYMean -1.13873475247525E-04
MomentYRMS 2.76157639616962E-06
YOffCorrection 0
Mrt 0
Ms1 0
Ms2 0
Ms3 0
Hc2 0
Hex2 0
HsatValue 0
HsatIntercept 0
HsatSlope 0
CenterH 0
Span .00142007
SpanAsPercentOfRange -109.236153846154
RMSAsPercentOfRange -49.2652308131636
SpanAsPercentOfMean 748.944013320124
RMSAsPercentOfMean 337.771867492862
