Version 1.25
******************************************** Units *******************************************
System CGS
TemperatureUnit K
MomentUnit emu
AppliedFieldUnit G
 
******************************************** Setup ********************************************
 
Experiment CustomField
Minor False
Acquisition PointByPoint
EditedPoint No
MaxField 15000
FieldIncrement 750
Points 101
MinField 0
RampRate 10
AverageTime 6
TimeInterval 10
TimeConstant 1
TimeConstantIndex 2
Sensitivity -0.0013
SensitivityIndex 5
SensitivityY -4
SensitivityIndexY 0
SaturationField 8000
ExperimentTime 606
Use735Domains False
AutoRangeEnabled False
NumberOfVertices 11
VertexPts
0
10
15
35
40
50
60
65
85
90
100
VertexField
15000
2000
500
-500
-2000
-15000
-2000
-500
500
2000
15000
StartAngle 0
EndAngle 0
AngleIncrement 0
StartTemp 0
FinishTemp 0
TempIncrement 0
TempPoints 0
LengthofSetPointsArray 101
SetPointArray
15000
13700
12400
11100
9800
8500
7200
5900
4600
3300
2000
1700
1400
1100
800
500
450
400
350
300
250
200
150
100
50
0
-50
-100
-150
-200
-250
-300
-350
-400
-450
-500
-800
-1100
-1400
-1700
-2000
-3300
-4600
-5900
-7200
-8500
-9800
-11100
-12400
-13700
-15000
-13700
-12400
-11100
-9800
-8500
-7200
-5900
-4600
-3300
-2000
-1700
-1400
-1100
-800
-500
-450
-400
-350
-300
-250
-200
-150
-100
-50
0
50
100
150
200
250
300
350
400
450
500
800
1100
1400
1700
2000
3300
4600
5900
7200
8500
9800
11100
12400
13700
15000
FieldDomainFile c:\Ideasvsm\Default UserID\Experiments\Jason_1p5T_cus\fdomain.ini
TempDomainFile c:\Ideasvsm\Default UserID\Experiments\Jason_1p5T_cus\tdomain.ini
NumSelectedResults 0
ResultsSelected 
UserName1 
UserValue1 
UserName2 
UserValue2 
LinearBackgroundCorrection Off
MaxLinearFieldCorrection 
MinLinearFieldCorrection 
AutoLinearCorrection Off
FitOneRegion Off
BackgroundMode Off
BackgroundFilename 
AutoCenter Off
OffsetCorrection 
SmoothDeriv Off
DerivOrder 0
DerivPoints 0
MinExFieldOne 
MaxExFieldOne 
MinExFieldTwo 
MaxExFieldTwo 
MinPinFieldOne 
MaxPinFieldOne 
MinPinFieldTwo 
MaxPinFieldTwo 
HCenterStart 
Mass 
Volume 
Density 
MolarWeight 
NumberOfMoles 
Demagnetization 
SampleArea 
Thickness 
MomentScaling 0
XAxis 0
YAxis 0
SimpleSpinValve False
HsatMax 0
HsatMin 0
FieldAutoRange True
 
*************************************************** Experiment Data ********************************************
 
DataPoints 101
MomentX Data
-0.000131264
-0.000102736
-0.0000762964
-0.000053123
-0.00001996
0.00000429096
0.000032436
0.0000638277
0.0000968867
0.000123666
0.000152081
0.000156676
0.000162481
0.000168528
0.000176573
0.000180462
0.000182554
0.000182846
0.000183233
0.000184123
0.000183963
0.000185314
0.000185108
0.000187343
0.000186819
0.000188322
0.000187032
0.000188262
0.000190118
0.000188734
0.000188848
0.000190642
0.00019134
0.000191923
0.000192401
0.000191936
0.000197554
0.000203654
0.000209038
0.000217234
0.00022134
0.000248555
0.0002793
0.000311097
0.000343463
0.000368301
0.000394525
0.000423125
0.000447468
0.00047794
0.000506071
0.000477989
0.000451668
0.000422028
0.000395653
0.000365294
0.000338771
0.000308693
0.000277132
0.000249561
0.000220574
0.000215094
0.000207191
0.00020479
0.000197642
0.00019312
0.000190982
0.000190054
0.000190136
0.000189594
0.000189553
0.000188556
0.00018694
0.000186113
0.000185669
0.000185763
0.000184715
0.000185097
0.000184911
0.000184274
0.00018434
0.00018335
0.000182684
0.000180882
0.00018086
0.000180186
0.000175084
0.000170517
0.000164152
0.000156879
0.00015017
0.000120121
0.0000885214
0.0000652377
0.0000179455
-0.00000319916
-0.0000212524
-0.000051469
-0.0000773462
-0.000104901
-0.000131024
MomentY Data
-0.000110992
-0.000109959
-0.000112462
-0.000109426
-0.00011305
-0.000113106
-0.000113599
-0.000113543
-0.000114298
-0.000115633
-0.000116491
-0.000115259
-0.000117222
-0.000116316
-0.000115577
-0.000117222
-0.000116261
-0.000116777
-0.000116173
-0.000116301
-0.000114687
-0.000113209
-0.000116475
-0.000116452
-0.000118264
-0.000117636
-0.000118542
-0.000118454
-0.000117842
-0.000117763
-0.000117
-0.000117739
-0.000118033
-0.000116936
-0.000116928
-0.000119027
-0.00011824
-0.000117445
-0.000117032
-0.000119106
-0.000118486
-0.000117334
-0.000117366
-0.000117954
-0.000116777
-0.000115999
-0.000115196
-0.000114298
-0.000117691
-0.000113956
-0.000118359
-0.000114806
-0.000118677
-0.000113694
-0.000114417
-0.000113964
-0.000115665
-0.000114242
-0.000115244
-0.000116046
-0.000116038
-0.000117207
-0.000117429
-0.000117048
-0.000117532
-0.000116022
-0.000115482
-0.000117469
-0.000117064
-0.000117675
-0.000117159
-0.000116587
-0.000117167
-0.000116706
-0.000118486
-0.000115903
-0.000116467
-0.000117366
-0.000115395
-0.000116634
-0.000117453
-0.000118216
-0.000118017
-0.000119575
-0.000120473
-0.000121625
-0.000120759
-0.000117596
-0.000118017
-0.000121053
-0.000117985
-0.000114822
-0.00011731
-0.000115649
-0.000113932
-0.000116531
-0.000112812
-0.000114544
-0.000116706
-0.000115625
-0.000115482
Field Data
15000
13700
12400
11100
9799.98
8499.96
7199.96
5899.96
4599.97
3299.95
1999.96
1699.98
1399.98
1099.98
799.981
499.981
449.995
399.994
349.991
299.992
249.991
199.988
149.995
99.994
49.9946
-0.00708417
-50.0058
-100.009
-150.004
-200.004
-250.008
-300.006
-350.003
-400.005
-450.006
-500.003
-800.013
-1100.02
-1400.02
-1700.02
-2000.02
-3300.04
-4600.07
-5900.08
-7200.07
-8500.05
-9800.03
-11100
-12400
-13700
-15000
-13700
-12400
-11100
-9799.98
-8499.97
-7199.97
-5899.96
-4599.97
-3300
-1999.96
-1699.97
-1399.98
-1099.98
-799.975
-499.981
-449.992
-399.989
-349.992
-299.993
-249.995
-199.993
-149.991
-99.9956
-49.9917
0.003247
50.0063
100.003
150.002
200.004
250.008
300.003
350.004
400.004
450.008
500.003
800.008
1100.02
1400.01
1700.02
2000.02
3300.04
4600.06
5900.07
7200.06
8500.04
9800.04
11100
12400
13700
15000
Time Data
0
14.586
29.188
43.774
58.344
72.962
87.501
102.056
116.658
132.195
146.813
160.338
173.863
187.42
200.929
214.517
228.073
241.63
257.183
270.724
284.249
297.759
311.316
324.794
339.349
352.859
366.4
379.878
393.403
406.929
420.47
434.026
447.551
462.075
475.585
489.11
502.666
516.239
529.748
543.289
556.83
571.369
586.985
601.54
616.079
630.65
645.173
659.713
674.299
688.807
704.454
718.977
733.517
748.025
762.611
777.166
792.688
807.227
821.751
837.289
851.797
865.384
878.925
892.466
905.976
919.501
933.011
946.52
961.075
974.569
988.142
1001.67
1015.19
1028.72
1042.21
1055.72
1069.28
1082.79
1097.33
1110.84
1124.38
1137.92
1151.46
1166
1179.54
1193.1
1207.65
1221.18
1234.75
1248.34
1261.84
1276.42
1292.05
1307.62
1322.22
1336.82
1351.4
1365.98
1381.56
1396.1
1410.61
Temperature Data
0
0
0
0
0
0
0
0
0
0
0
0
0
0
0
0
0
0
0
0
0
0
0
0
0
0
0
0
0
0
0
0
0
0
0
0
0
0
0
0
0
0
0
0
0
0
0
0
0
0
0
0
0
0
0
0
0
0
0
0
0
0
0
0
0
0
0
0
0
0
0
0
0
0
0
0
0
0
0
0
0
0
0
0
0
0
0
0
0
0
0
0
0
0
0
0
0
0
0
0
0
Angle Data
0
0
0
0
0
0
0
0
0
0
0
0
0
0
0
0
0
0
0
0
0
0
0
0
0
0
0
0
0
0
0
0
0
0
0
0
0
0
0
0
0
0
0
0
0
0
0
0
0
0
0
0
0
0
0
0
0
0
0
0
0
0
0
0
0
0
0
0
0
0
0
0
0
0
0
0
0
0
0
0
0
0
0
0
0
0
0
0
0
0
0
0
0
0
0
0
0
0
0
0
0
Bx Data
0
0
0
0
0
0
0
0
0
0
0
0
0
0
0
0
0
0
0
0
0
0
0
0
0
0
0
0
0
0
0
0
0
0
0
0
0
0
0
0
0
0
0
0
0
0
0
0
0
0
0
0
0
0
0
0
0
0
0
0
0
0
0
0
0
0
0
0
0
0
0
0
0
0
0
0
0
0
0
0
0
0
0
0
0
0
0
0
0
0
0
0
0
0
0
0
0
0
0
0
0
Hint Data
0
0
0
0
0
0
0
0
0
0
0
0
0
0
0
0
0
0
0
0
0
0
0
0
0
0
0
0
0
0
0
0
0
0
0
0
0
0
0
0
0
0
0
0
0
0
0
0
0
0
0
0
0
0
0
0
0
0
0
0
0
0
0
0
0
0
0
0
0
0
0
0
0
0
0
0
0
0
0
0
0
0
0
0
0
0
0
0
0
0
0
0
0
0
0
0
0
0
0
0
0
Torque Data
-1.66488
-1.5064383
-1.3945288
-1.2146286
-1.107887739
-0.96139647576
-0.81790825604
-0.66989915828
-0.52576737106
-0.38158311835
-0.23297734036
-0.19593799482
-0.16410845556
-0.12794527368
-0.092459404037
-0.058608772782
-0.052316868695
-0.046710099338
-0.040659504443
-0.034889369592
-0.028670717817
-0.022640441492
-0.017470667625
-0.011644501288
-0.0059125613744
8.3335342212E-07
0.0059277875436
0.011846466086
0.017676771368
0.023553071052
0.029250936
0.035322406434
0.041311904099
0.04677498468
0.052618301568
0.059513857081
0.09459353712
0.1291918489
0.16384714064
0.20248258212
0.23697436972
0.38720689336
0.53989181562
0.69593803632
0.84080257439
0.98599729995
1.12892425588
1.2687078
1.4593684
1.5611972
1.775385
1.5728422
1.4715948
1.2620034
1.12128431166
0.96869058108
0.83278453005
0.67402323032
0.53011894268
0.3829518
0.23207135848
0.19924838379
0.16439825142
0.12875045904
0.0940226617
0.058008795582
0.051965976144
0.046986307841
0.040971463488
0.035301676275
0.029289164205
0.023316583891
0.017573995497
0.0116700864936
0.0059233165662
-0.000000376337041
-0.0058240837421
-0.011736952098
-0.01730948079
-0.023327266536
-0.029364189624
-0.035465154648
-0.041306422068
-0.0478304783
-0.054213813784
-0.060812864875
-0.096608166072
-0.12935795192
-0.16522498017
-0.20579252106
-0.2359723597
-0.37891719288
-0.5396330386
-0.68233719543
-0.82031723592
-0.99051816124
-1.10556211248
-1.2714384
-1.4471544
-1.5840625
-1.73223
dMdH Data
-2.19446153846154E-08
-2.03381538461538E-08
-1.78256923076923E-08
-2.55096075444993E-08
-1.86542976261904E-08
-2.16500307692308E-08
-2.41474615384615E-08
-2.54301956168894E-08
-2.05991446285442E-08
-2.18578604450804E-08
-1.53176878458563E-08
-0.00000001935
-2.01566666666667E-08
-2.68167560558535E-08
-1.29633333333333E-08
-4.18517184811749E-08
-5.83988320233575E-09
-7.73953562786276E-09
-1.78003560071202E-08
3.19993600128049E-09
-2.70183788972666E-08
4.12057688076367E-09
-4.46991060178798E-08
1.04801257615093E-08
-3.00589875111001E-08
2.58006626487387E-08
-2.45984257007549E-08
-3.71237123712372E-08
0.00000002768
-2.27981761459095E-09
-3.58814352574104E-08
-1.39608376502587E-08
-1.16595336186556E-08
-9.55980880382375E-09
9.30055803348207E-09
-1.87260424652512E-08
-2.0332858899959E-08
-1.79466666666667E-08
-2.73199999999999E-08
-1.36866666666667E-08
-2.09342933185644E-08
-2.36494542433636E-08
-2.4459042622749E-08
-2.48971145931892E-08
-1.91064477915045E-08
-2.01726180402775E-08
-2.20005077040239E-08
-1.87253846153846E-08
-0.00000002344
-2.16392307692308E-08
-2.16015384615384E-08
-2.02469230769231E-08
-0.0000000228
-2.0288149413086E-08
-2.33528972854055E-08
-2.04023076923077E-08
-2.31367451019608E-08
-2.42778790606082E-08
-2.12089509757917E-08
-2.22970062459617E-08
-1.82672755758525E-08
-2.63442114737159E-08
-8.00333333333331E-09
-2.3826269562174E-08
-1.50736348060294E-08
-4.27694092700394E-08
-1.8558886466812E-08
1.6400984059047E-09
-1.08402168043365E-08
-8.20032801311953E-10
-1.99392024319028E-08
-3.23187072517098E-08
-1.65415218200071E-08
-8.87930741402221E-09
1.88019001200294E-09
-2.09587202605408E-08
7.64050427328198E-09
-3.72007440148805E-09
-1.27394904203832E-08
1.31989440844697E-09
-1.98019801980193E-08
-1.33197336053284E-08
-3.60399999999999E-08
-4.39964802815656E-10
-1.34813481348132E-08
-1.70063832269463E-08
-1.52227244243564E-08
-2.12173739124637E-08
-2.42425252491584E-08
-2.23633333333333E-08
-2.31142597806188E-08
-2.43070106613744E-08
-1.79104006892255E-08
-3.63788952222709E-08
-1.62653733134356E-08
-1.38871076923077E-08
-2.32442536693437E-08
-1.99055384615385E-08
-0.000000021196
-2.00946153846154E-08
-2.00946153846154E-08
dMdT Data
0
0
0
0
0
0
0
0
0
0
0
0
0
0
0
0
0
0
0
0
0
0
0
0
0
0
0
0
0
0
0
0
0
0
0
0
0
0
0
0
0
0
0
0
0
0
0
0
0
0
0
0
0
0
0
0
0
0
0
0
0
0
0
0
0
0
0
0
0
0
0
0
0
0
0
0
0
0
0
0
0
0
0
0
0
0
0
0
0
0
0
0
0
0
0
0
0
0
0
0
0
 
*********************************************** Results ***************************************
 
TotalArea 7.78815700634611E-02
AreaFirstQuad 4.88580650039386E-02
AreaSecondQuad 1.09499204738909E-02
AreaThirdQuad 0
AreaFourthQuad 1.80735845856318E-02
Coercivity 213.315294303829
PositiveCoercivity 8303.35468953391
NegativeCoercivity 8729.98527814156
Retentivity 1.27939658099969E-06
PositiveRetentivity 1.88321787057022E-04
NegativeRetentivity 1.85762993895023E-04
Magnetization 0.0003186675
PositiveMagnetization 0.000506071
NegativeMagnetization -0.000131264
Flatness -147.383767808661
Squareness 4.01483232836636E-03
SStar 1.32151725811587
SFD1 1.16075862905794
SFD2 35.5108160491801
Slope 0
Intercept 0
SlopeAtHc -1.86542976261904E-08
dH1 -34.2922742693736
dH2 7575.0001765
InitialSlope -2.19446153846154E-08
FieldAtHalfMs 0
FieldAtMs -15000
MomentMean 1.83102473267327E-04
MomentRMS 1.29394218124437E-04
SFD3 1.32151725811587
dH3 -68.5845485387472
UserField1 0
UserField2 0
CenterField 0
ExchangeField 0
ExchangeMoment 0
ExRegionOneIntercept 0
ExRegionOneSlope 0
ExRegionTwoIntercept 0
ExRegionTwoSlope 0
NegativeIntercept 0
NegativeSlope 0
AutoCenterOffset 0
PinningField 0
PinningMoment 0
PinRegionOneIntercept 0
PinRegionOneSlope 0
PinRegionTwoIntercept 0
PinRegionTwoSlope 0
PositiveIntercept 0
PositiveSlope 0
TotalOffset 0
BHMax 0
BCoercivity 0
BRetentivity 0
BNegativeCoercivity 0
BPositiveCoercivity 0
BNegativeRetentivity 0
BPositiveRetentivity 0
MomentYMean -1.16412534653465E-04
MomentYRMS 2.11269236551068E-06
YOffCorrection 0
Mrt 0
Ms1 0
Ms2 0
Ms3 0
Hc2 0
Hex2 0
HsatValue 0
HsatIntercept 0
HsatSlope 0
CenterH 0
Span .000637335
SpanAsPercentOfRange -49.0257692307692
RMSAsPercentOfRange -9.95340139418748
SpanAsPercentOfMean 348.075582283097
RMSAsPercentOfMean 70.6676517337501
