Version 1.25
******************************************** Units *******************************************
System CGS
TemperatureUnit K
MomentUnit emu
AppliedFieldUnit G
 
******************************************** Setup ********************************************
 
Experiment CustomField
Minor False
Acquisition PointByPoint
EditedPoint No
MaxField 500
FieldIncrement 16.6666666666667
Points 143
MinField 0
RampRate 500
AverageTime 3
TimeInterval 0
TimeConstant 0.3
TimeConstantIndex 1
Sensitivity -0.0013
SensitivityIndex 5
SensitivityY -4
SensitivityIndexY 0
SaturationField 8000
ExperimentTime 429
Use735Domains False
AutoRangeEnabled False
NumberOfVertices 7
VertexPts
0
27
44
71
98
115
142
VertexField
500
50
-50
-500
-50
50
500
StartAngle 0
EndAngle 0
AngleIncrement 0
StartTemp 0
FinishTemp 0
TempIncrement 0
TempPoints 0
LengthofSetPointsArray 143
SetPointArray
500
483.333333333333
466.666666666667
450
433.333333333333
416.666666666667
400
383.333333333333
366.666666666667
350
333.333333333333
316.666666666666
300
283.333333333333
266.666666666666
250
233.333333333333
216.666666666666
200
183.333333333333
166.666666666666
150
133.333333333333
116.666666666666
99.9999999999998
83.3333333333331
66.6666666666665
50
44.1176470588235
38.2352941176471
32.3529411764706
26.4705882352941
20.5882352941176
14.7058823529412
8.8235294117647
2.94117647058823
-2.94117647058824
-8.82352941176471
-14.7058823529412
-20.5882352941177
-26.4705882352941
-32.3529411764706
-38.2352941176471
-44.1176470588235
-50
-66.6666666666667
-83.3333333333333
-100
-116.666666666667
-133.333333333333
-150
-166.666666666667
-183.333333333333
-200
-216.666666666667
-233.333333333333
-250
-266.666666666667
-283.333333333333
-300
-316.666666666667
-333.333333333333
-350
-366.666666666667
-383.333333333333
-400
-416.666666666667
-433.333333333333
-450
-466.666666666667
-483.333333333334
-500
-483.333333333333
-466.666666666667
-450
-433.333333333333
-416.666666666667
-400
-383.333333333333
-366.666666666667
-350
-333.333333333333
-316.666666666666
-300
-283.333333333333
-266.666666666666
-250
-233.333333333333
-216.666666666666
-200
-183.333333333333
-166.666666666666
-150
-133.333333333333
-116.666666666666
-99.9999999999998
-83.3333333333331
-66.6666666666665
-50
-44.1176470588235
-38.2352941176471
-32.3529411764706
-26.4705882352941
-20.5882352941176
-14.7058823529412
-8.8235294117647
-2.94117647058823
2.94117647058824
8.82352941176471
14.7058823529412
20.5882352941177
26.4705882352941
32.3529411764706
38.2352941176471
44.1176470588235
50
66.6666666666667
83.3333333333333
100
116.666666666667
133.333333333333
150
166.666666666667
183.333333333333
200
216.666666666667
233.333333333333
250
266.666666666667
283.333333333333
300
316.666666666667
333.333333333333
350
366.666666666667
383.333333333333
400
416.666666666667
433.333333333333
450
466.666666666667
483.333333333334
500
FieldDomainFile c:\Ideasvsm\Default UserID\Experiments\Jason_500G\fdomain.ini
TempDomainFile c:\Ideasvsm\Default UserID\Experiments\Jason_500G\tdomain.ini
NumSelectedResults 0
ResultsSelected 
UserName1 
UserValue1 
UserName2 
UserValue2 
LinearBackgroundCorrection Off
MaxLinearFieldCorrection 
MinLinearFieldCorrection 
AutoLinearCorrection Off
FitOneRegion Off
BackgroundMode Off
BackgroundFilename 
AutoCenter Off
OffsetCorrection 
SmoothDeriv Off
DerivOrder 0
DerivPoints 0
MinExFieldOne 
MaxExFieldOne 
MinExFieldTwo 
MaxExFieldTwo 
MinPinFieldOne 
MaxPinFieldOne 
MinPinFieldTwo 
MaxPinFieldTwo 
HCenterStart 
Mass 
Volume 
Density 
MolarWeight 
NumberOfMoles 
Demagnetization 
SampleArea 
Thickness 
MomentScaling 0
XAxis 0
YAxis 0
SimpleSpinValve False
HsatMax 0
HsatMin 0
FieldAutoRange False
 
*************************************************** Experiment Data ********************************************
 
DataPoints 143
MomentX Data
0.000893147
0.000893886
0.000894638
0.000895102
0.000894818
0.000894189
0.000895121
0.000896394
0.000895349
0.000896276
0.000894979
0.000894809
0.000895469
0.000895045
0.000896885
0.000896095
0.000897082
0.000894777
0.000895312
0.000895182
0.000894325
0.000894017
0.000893251
0.000892805
0.000890708
0.000888677
0.000885405
0.000878943
0.000877322
0.000872377
0.000869265
0.000860408
0.000854889
0.00084526
0.000834734
0.000823345
0.000808202
0.000789904
0.000764218
-0.000347445
-0.000448432
-0.000475899
-0.000486864
-0.00049392
-0.000497223
-0.000506932
-0.000510262
-0.000512783
-0.000514894
-0.00051733
-0.000518248
-0.000521434
-0.000519893
-0.000520722
-0.000519512
-0.00052165
-0.000522048
-0.00052314
-0.00052322
-0.000523074
-0.000523362
-0.000522683
-0.00052341
-0.000522923
-0.000521783
-0.000523294
-0.000523957
-0.000522996
-0.000523402
-0.000522536
-0.000521025
-0.000521019
-0.000522367
-0.000523066
-0.00052321
-0.000522729
-0.00052305
-0.00052233
-0.000524036
-0.00052412
-0.000522521
-0.000523547
-0.000523836
-0.00052461
-0.000524951
-0.000523624
-0.000522587
-0.00052305
-0.000524587
-0.000523211
-0.000521869
-0.000522225
-0.000522734
-0.000521382
-0.000519951
-0.000520271
-0.000516412
-0.000514604
-0.000510215
-0.000507053
-0.000503488
-0.000501456
-0.000497055
-0.00048983
-0.000481897
-0.000471518
-0.000460966
-0.00044899
-0.000433797
-0.000415652
-0.000386691
0.00073582
0.000824744
0.000848238
0.000859733
0.000865887
0.000874866
0.000877918
0.000884535
0.000887419
0.000889835
0.000890343
0.000890255
0.000892117
0.000893093
0.000892512
0.000894257
0.000893162
0.000896873
0.000895343
0.000895855
0.000895908
0.00089421
0.0008941
0.000895041
0.000895655
0.000894876
0.000895349
0.000894851
0.00089506
0.000895558
0.00089406
0.00089514
MomentY Data
-0.00012269
-0.000123231
-0.000122166
-0.000120672
-0.000121196
-0.000123262
-0.000120068
-0.000120227
-0.000120815
-0.000121387
-0.000118812
-0.000119813
-0.000123008
-0.000119511
-0.00012002
-0.000123262
-0.000118907
-0.00012145
-0.000121848
-0.000120401
-0.000119956
-0.000120131
-0.000121705
-0.000120179
-0.000124486
-0.000122213
-0.00012277
-0.000121403
-0.00012242
-0.000119257
-0.000120306
-0.000120576
-0.000121673
-0.000121069
-0.000122277
-0.000120497
-0.000120274
-0.000120989
-0.000120195
-0.000118478
-0.000117493
-0.000118113
-0.000117397
-0.000116555
-0.000119162
-0.000117222
-0.000116762
-0.00011514
-0.000117604
-0.000117302
-0.000116571
-0.000118605
-0.000115967
-0.000117699
-0.000116571
-0.000116682
-0.000115983
-0.000116491
-0.000114393
-0.000118033
-0.000117604
-0.00011797
-0.000116126
-0.000116905
-0.000118049
-0.000119241
-0.000119607
-0.000119114
-0.000116396
-0.000117588
-0.00011673
-0.00011638
-0.000118081
-0.000113773
-0.000118637
-0.00011638
-0.000116968
-0.000118526
-0.000118558
-0.000116237
-0.000116984
-0.000117842
-0.000119543
-0.000119925
-0.000117779
-0.000117747
-0.000115108
-0.000114918
-0.00011603
-0.000117238
-0.000117906
-0.000115792
-0.000116301
-0.000114663
-0.000116984
-0.000116905
-0.000114012
-0.000118415
-0.000116046
-0.000116523
-0.000117079
-0.000115347
-0.000116634
-0.000114473
-0.000116539
-0.000117334
-0.000116587
-0.000114441
-0.000115617
-0.000117254
-0.000118732
-0.000122929
-0.000122786
-0.000122515
-0.000123215
-0.000120958
-0.000121832
-0.000122865
-0.000120974
-0.000122007
-0.000122643
-0.000122849
-0.000123882
-0.000120306
-0.000123946
-0.000122658
-0.000122293
-0.000121005
-0.000121196
-0.000123151
-0.000121435
-0.000122833
-0.000124089
-0.000121514
-0.000123405
-0.000121657
-0.000122531
-0.000121117
-0.000122595
-0.000122182
-0.000122309
-0.000121212
-0.000119432
Field Data
499.998
483.321
466.669
449.991
433.327
416.665
399.994
383.318
366.662
349.986
333.333
316.654
299.991
283.33
266.648
249.997
233.342
216.663
200
183.332
166.656
149.993
133.333
116.655
99.9887
83.3169
66.6621
50.542
44.1188
38.2139
32.3708
26.4642
20.5909
14.7058
8.8133
2.94126
-2.94317
-8.82627
-14.7141
-20.5895
-26.4658
-32.3652
-38.239
-44.1286
-50.0097
-66.6697
-83.3419
-100
-116.663
-133.345
-149.991
-166.68
-183.344
-200.016
-216.664
-233.345
-250.012
-266.674
-283.351
-299.997
-316.671
-333.336
-350.012
-366.677
-383.348
-400.004
-416.665
-433.337
-450.004
-466.674
-483.328
-499.994
-483.337
-466.664
-450.005
-433.344
-416.674
-400
-383.336
-366.665
-350.01
-333.338
-316.674
-299.999
-283.328
-266.68
-249.99
-233.334
-216.659
-200.006
-183.345
-166.674
-150.009
-133.337
-116.672
-100.007
-83.3347
-66.6739
-49.9995
-44.1206
-38.2438
-32.3604
-26.4728
-20.5915
-14.7144
-8.82727
-2.94067
2.9445
8.82677
14.6966
20.6019
26.4737
32.3593
38.2219
44.1106
49.9841
66.6671
83.331
100.002
116.654
133.324
150.001
166.658
183.327
200
216.654
233.328
249.998
266.662
283.339
300.011
316.666
333.341
349.998
366.658
383.335
400.004
416.664
433.324
450.006
466.675
483.33
500.002
Time Data
0
10.406
20.78
31.185
41.575
51.964
62.401
72.806
83.227
93.616
104.037
114.443
124.848
135.253
145.643
156.064
166.453
176.859
187.217
197.622
207.996
218.386
228.807
239.212
249.633
260.085
270.506
280.911
291.332
301.706
312.127
322.532
332.938
343.343
354.778
365.167
375.588
386.025
396.399
406.82
417.225
427.63
438.082
448.456
458.862
469.267
479.657
490.093
500.498
510.888
521.293
531.698
542.119
552.54
562.93
573.32
583.74
594.146
604.567
614.956
625.346
635.767
646.172
656.546
666.936
677.31
687.699
698.152
708.526
718.915
729.336
739.741
750.147
760.521
770.942
781.362
791.752
802.173
812.563
822.984
833.373
843.794
854.153
864.558
874.979
885.384
895.789
906.21
916.6
927.036
937.41
947.816
958.205
968.61
979.031
989.421
999.811
1010.23
1020.67
1031.09
1041.49
1051.88
1062.32
1072.74
1084.18
1094.57
1104.97
1115.38
1125.78
1136.2
1146.61
1157.01
1167.43
1177.86
1188.28
1199.71
1210.1
1220.49
1230.88
1241.29
1251.71
1262.13
1272.52
1282.91
1293.33
1303.72
1314.15
1324.54
1334.95
1345.35
1355.79
1366.16
1376.57
1386.97
1397.38
1407.8
1418.22
1428.63
1439.03
1449.45
1459.86
1470.29
1480.76
Temperature Data
0
0
0
0
0
0
0
0
0
0
0
0
0
0
0
0
0
0
0
0
0
0
0
0
0
0
0
0
0
0
0
0
0
0
0
0
0
0
0
0
0
0
0
0
0
0
0
0
0
0
0
0
0
0
0
0
0
0
0
0
0
0
0
0
0
0
0
0
0
0
0
0
0
0
0
0
0
0
0
0
0
0
0
0
0
0
0
0
0
0
0
0
0
0
0
0
0
0
0
0
0
0
0
0
0
0
0
0
0
0
0
0
0
0
0
0
0
0
0
0
0
0
0
0
0
0
0
0
0
0
0
0
0
0
0
0
0
0
0
0
0
0
0
Angle Data
0
0
0
0
0
0
0
0
0
0
0
0
0
0
0
0
0
0
0
0
0
0
0
0
0
0
0
0
0
0
0
0
0
0
0
0
0
0
0
0
0
0
0
0
0
0
0
0
0
0
0
0
0
0
0
0
0
0
0
0
0
0
0
0
0
0
0
0
0
0
0
0
0
0
0
0
0
0
0
0
0
0
0
0
0
0
0
0
0
0
0
0
0
0
0
0
0
0
0
0
0
0
0
0
0
0
0
0
0
0
0
0
0
0
0
0
0
0
0
0
0
0
0
0
0
0
0
0
0
0
0
0
0
0
0
0
0
0
0
0
0
0
0
Bx Data
0
0
0
0
0
0
0
0
0
0
0
0
0
0
0
0
0
0
0
0
0
0
0
0
0
0
0
0
0
0
0
0
0
0
0
0
0
0
0
0
0
0
0
0
0
0
0
0
0
0
0
0
0
0
0
0
0
0
0
0
0
0
0
0
0
0
0
0
0
0
0
0
0
0
0
0
0
0
0
0
0
0
0
0
0
0
0
0
0
0
0
0
0
0
0
0
0
0
0
0
0
0
0
0
0
0
0
0
0
0
0
0
0
0
0
0
0
0
0
0
0
0
0
0
0
0
0
0
0
0
0
0
0
0
0
0
0
0
0
0
0
0
0
Hint Data
0
0
0
0
0
0
0
0
0
0
0
0
0
0
0
0
0
0
0
0
0
0
0
0
0
0
0
0
0
0
0
0
0
0
0
0
0
0
0
0
0
0
0
0
0
0
0
0
0
0
0
0
0
0
0
0
0
0
0
0
0
0
0
0
0
0
0
0
0
0
0
0
0
0
0
0
0
0
0
0
0
0
0
0
0
0
0
0
0
0
0
0
0
0
0
0
0
0
0
0
0
0
0
0
0
0
0
0
0
0
0
0
0
0
0
0
0
0
0
0
0
0
0
0
0
0
0
0
0
0
0
0
0
0
0
0
0
0
0
0
0
0
0
Torque Data
-0.06134475462
-0.059560130151
-0.057011085054
-0.054301313952
-0.052517499092
-0.05135896123
-0.048026479592
-0.046085173186
-0.04429826953
-0.042483750582
-0.039603960396
-0.037939265702
-0.036901292928
-0.03386105163
-0.03200309296
-0.030815130214
-0.027745997194
-0.02631372135
-0.0243696
-0.022073356132
-0.019991387136
-0.018018809083
-0.016227292765
-0.014019481245
-0.0124471933082
-0.0101824082997
-0.008184106017
-0.006135950426
-0.005401023496
-0.0045572750723
-0.0038944014648
-0.0031909473792
-0.0025053565757
-0.0017804165002
-0.0010776638841
-0.00035441300622
0.00035398682858
0.00106788158103
0.0017685612495
0.002439402781
0.0031095462394
0.0038227508676
0.004489143883
0.005143408973
0.0059592558714
0.0078151555734
0.0097311669278
0.011514
0.013720035452
0.01564163519
0.017484600861
0.0197690814
0.021261853648
0.023541683184
0.025256739144
0.02722716129
0.028997141796
0.031065120934
0.032413370943
0.035409545901
0.037241776284
0.03932364792
0.040645493512
0.042866374685
0.045253848052
0.047696876964
0.049836050655
0.051616503418
0.052378665584
0.054875262312
0.05641887744
0.05818930172
0.057072916297
0.053093763272
0.053387243185
0.05043257472
0.048737524432
0.0474104
0.045447549488
0.042620039605
0.04094556984
0.039281216596
0.037856159982
0.035977380075
0.033370088512
0.03140076996
0.02877584892
0.026814276612
0.02513894377
0.023448303428
0.02161747557
0.019299515808
0.017446196709
0.015288820431
0.013648757248
0.011691318335
0.0095011558164
0.0078951898685
0.005802241977
0.0051410646738
0.0044775458602
0.0037326750588
0.0030876285552
0.0023571707795
0.0017148014616
0.00103573889818
0.00034284389329
-0.0003369715245
-0.00102052466709
-0.0017232351364
-0.0024461047908
-0.0032543854673
-0.0039732690098
-0.0046827560785
-0.005435087579
-0.0060459767678
-0.0081221861272
-0.010238463315
-0.012097641948
-0.014232604578
-0.016351255332
-0.018427472849
-0.020645926356
-0.022055338062
-0.0247892
-0.026574346332
-0.028534381104
-0.03025100799
-0.032318367752
-0.034893481189
-0.036431835785
-0.038897034778
-0.041363951349
-0.042529656972
-0.04524743049
-0.046635386095
-0.049012890124
-0.050465093688
-0.05312335578
-0.054982633092
-0.057078552575
-0.05858539596
-0.059716238864
dMdH Data
-4.43125262337373E-08
-4.51597405717043E-08
-2.78210816644707E-08
1.70427268362954E-08
3.7750570159647E-08
-5.59054645792117E-08
-7.63372511393609E-08
6.27401536983654E-08
-5.55888702326673E-08
7.78838647691132E-08
1.01924575813877E-08
-3.96087139170607E-08
2.54486525418615E-08
-1.10298525356674E-07
4.74445979220514E-08
-5.92614830381289E-08
1.38197733677077E-07
-3.21070635539799E-08
7.79937604991522E-09
5.13912209162899E-08
1.8484066494627E-08
4.59783913565442E-08
2.6741815565414E-08
1.25822768100895E-07
1.21822478676567E-07
1.96459879434158E-07
4.00865999590576E-07
2.5236642172125E-07
8.3744009212688E-07
5.325939997604E-07
1.49950902380388E-06
9.39676161612731E-07
1.63616591051978E-06
1.78633856597371E-06
1.9395303846704E-06
2.57340133198966E-06
3.11026499634547E-06
4.36255802222551E-06
1.89206351907955E-04
1.71854738525943E-05
4.65589720988575E-06
1.86676427525622E-06
1.19804400977995E-06
5.61629627110568E-07
5.82773109243697E-07
1.9973368841545E-07
1.51337787622839E-07
1.2668787133169E-07
1.46025656396114E-07
5.51483839961572E-08
1.90904188387559E-07
-9.24747959673535E-08
4.97240882917492E-08
-7.26814031715569E-08
1.28169773994368E-07
2.38795224095505E-08
6.55383507382041E-08
4.79702584398075E-09
-8.77087588610007E-09
1.72724001439356E-08
-4.07440744074381E-08
4.35955864715732E-08
-2.92229222922274E-08
-6.83822206226418E-08
9.071805955812E-08
3.97935298001339E-08
-5.7641554702499E-08
2.43595128097435E-08
-5.1949610077983E-08
-9.07289540050402E-08
-3.6001440058169E-10
-8.09269376238266E-08
-4.19240688538324E-08
-8.6439762290648E-09
2.88698157373497E-08
-1.92561487702434E-08
4.31810003598389E-08
-1.02376380220834E-07
-5.03868994061674E-09
9.60072050435317E-08
-6.15403071017276E-08
-1.73427748439748E-08
-4.64167916042007E-08
-2.04546817827333E-08
7.97092743873121E-08
6.21330137807044E-08
-2.77977905859701E-08
-9.21739130434796E-08
8.26277547589012E-08
8.05473861112771E-08
-2.13544478435587E-08
-3.054305430543E-08
8.10940499040265E-08
8.58685868586847E-08
-1.92019201920158E-08
2.31461765923121E-07
1.08518198405836E-07
2.63217866909756E-07
5.37855721308394E-07
6.06622651783297E-07
3.45378522622975E-07
7.47503227121392E-07
1.22846989611141E-06
1.34981538513893E-06
1.76299826910566E-06
1.79254578194543E-06
2.03494546461699E-06
2.5828464181345E-06
3.09123092150879E-06
4.90423856535655E-06
1.91169828672639E-04
1.51087399755335E-05
4.00743697335653E-06
1.95204374479937E-06
1.04775687409551E-06
5.38212551699334E-07
1.83150402966894E-07
3.96916801631576E-07
1.73192409320201E-07
1.4493101379724E-07
3.04611141092573E-08
-5.28306417722787E-09
1.11704361389408E-07
5.85377556528502E-08
-3.48865137504463E-08
1.04653952261001E-07
-6.56868626274747E-08
2.22695631301008E-07
-9.17431192660497E-08
3.07101727447174E-08
3.18222755928954E-09
-1.01829085457269E-07
-6.60383022152833E-09
5.64825930372126E-08
3.68171733525226E-08
-4.67334573159765E-08
2.83913565426216E-08
-2.98919567827151E-08
1.25284738041025E-08
2.98758173855615E-08
-8.99429600720476E-08
6.47792706333962E-08
6.47792706333962E-08
dMdT Data
0
0
0
0
0
0
0
0
0
0
0
0
0
0
0
0
0
0
0
0
0
0
0
0
0
0
0
0
0
0
0
0
0
0
0
0
0
0
0
0
0
0
0
0
0
0
0
0
0
0
0
0
0
0
0
0
0
0
0
0
0
0
0
0
0
0
0
0
0
0
0
0
0
0
0
0
0
0
0
0
0
0
0
0
0
0
0
0
0
0
0
0
0
0
0
0
0
0
0
0
0
0
0
0
0
0
0
0
0
0
0
0
0
0
0
0
0
0
0
0
0
0
0
0
0
0
0
0
0
0
0
0
0
0
0
0
0
0
0
0
0
0
0
 
*********************************************** Results ***************************************
 
TotalArea 0.056527669007625
AreaFirstQuad 2.34933013474132E-02
AreaSecondQuad 1.23676037552398E-02
AreaThirdQuad 1.11332140978292E-02
AreaFourthQuad 9.53354980714281E-03
Coercivity 20.6889166233434
PositiveCoercivity 22.6246616600639
NegativeCoercivity -18.7531715866229
Retentivity 6.35378927259418E-04
PositiveRetentivity 8.15775957598272E-04
NegativeRetentivity -4.54981896920565E-04
Magnetization 0.0007110165
PositiveMagnetization 0.000897082
NegativeMagnetization -0.000524951
Flatness 0.036223382750262
Squareness 0.893620509874832
SStar 0.837684742326662
SFD1 0.918842371163331
SFD2 12.29712215636
Slope 0
Intercept 0
SlopeAtHc 1.89206351907955E-04
dH1 1.67906341635009
dH2 254.414135
InitialSlope -4.43125262337373E-08
FieldAtHalfMs 0
FieldAtMs 233.342
MomentMean 1.81527412587413E-04
MomentRMS 6.96304640576249E-04
SFD3 0.837684742326662
dH3 3.35812683270019
UserField1 0
UserField2 0
CenterField 0
ExchangeField 0
ExchangeMoment 0
ExRegionOneIntercept 0
ExRegionOneSlope 0
ExRegionTwoIntercept 0
ExRegionTwoSlope 0
NegativeIntercept 0
NegativeSlope 0
AutoCenterOffset 0
PinningField 0
PinningMoment 0
PinRegionOneIntercept 0
PinRegionOneSlope 0
PinRegionTwoIntercept 0
PinRegionTwoSlope 0
PositiveIntercept 0
PositiveSlope 0
TotalOffset 0
BHMax 0
BCoercivity 0
BRetentivity 0
BNegativeCoercivity 0
BPositiveCoercivity 0
BNegativeRetentivity 0
BPositiveRetentivity 0
MomentYMean -1.19295342657343E-04
MomentYRMS 2.68556154356855E-06
YOffCorrection 0
Mrt 0
Ms1 0
Ms2 0
Ms3 0
Hc2 0
Hex2 0
HsatValue 0
HsatIntercept 0
HsatSlope 0
CenterH 0
Span .001422033
SpanAsPercentOfRange -109.387153846154
RMSAsPercentOfRange -53.5618954289422
SpanAsPercentOfMean 783.370940912429
RMSAsPercentOfMean 383.580986833573
