Version 1.25
******************************************** Units *******************************************
System CGS
TemperatureUnit K
MomentUnit emu
AppliedFieldUnit G
 
******************************************** Setup ********************************************
 
Experiment CustomField
Minor False
Acquisition PointByPoint
EditedPoint No
MaxField 15000
FieldIncrement 750
Points 101
MinField 0
RampRate 10
AverageTime 6
TimeInterval 10
TimeConstant 1
TimeConstantIndex 2
Sensitivity -0.0013
SensitivityIndex 5
SensitivityY -4
SensitivityIndexY 0
SaturationField 8000
ExperimentTime 606
Use735Domains False
AutoRangeEnabled False
NumberOfVertices 11
VertexPts
0
10
15
35
40
50
60
65
85
90
100
VertexField
15000
2000
500
-500
-2000
-15000
-2000
-500
500
2000
15000
StartAngle 0
EndAngle 0
AngleIncrement 0
StartTemp 0
FinishTemp 0
TempIncrement 0
TempPoints 0
LengthofSetPointsArray 101
SetPointArray
15000
13700
12400
11100
9800
8500
7200
5900
4600
3300
2000
1700
1400
1100
800
500
450
400
350
300
250
200
150
100
50
0
-50
-100
-150
-200
-250
-300
-350
-400
-450
-500
-800
-1100
-1400
-1700
-2000
-3300
-4600
-5900
-7200
-8500
-9800
-11100
-12400
-13700
-15000
-13700
-12400
-11100
-9800
-8500
-7200
-5900
-4600
-3300
-2000
-1700
-1400
-1100
-800
-500
-450
-400
-350
-300
-250
-200
-150
-100
-50
0
50
100
150
200
250
300
350
400
450
500
800
1100
1400
1700
2000
3300
4600
5900
7200
8500
9800
11100
12400
13700
15000
FieldDomainFile c:\Ideasvsm\Default UserID\Experiments\Jason_1p5T_cus\fdomain.ini
TempDomainFile c:\Ideasvsm\Default UserID\Experiments\Jason_1p5T_cus\tdomain.ini
NumSelectedResults 0
ResultsSelected 
UserName1 
UserValue1 
UserName2 
UserValue2 
LinearBackgroundCorrection Off
MaxLinearFieldCorrection 
MinLinearFieldCorrection 
AutoLinearCorrection Off
FitOneRegion Off
BackgroundMode Off
BackgroundFilename 
AutoCenter Off
OffsetCorrection 
SmoothDeriv Off
DerivOrder 0
DerivPoints 0
MinExFieldOne 
MaxExFieldOne 
MinExFieldTwo 
MaxExFieldTwo 
MinPinFieldOne 
MaxPinFieldOne 
MinPinFieldTwo 
MaxPinFieldTwo 
HCenterStart 
Mass 
Volume 
Density 
MolarWeight 
NumberOfMoles 
Demagnetization 
SampleArea 
Thickness 
MomentScaling 0
XAxis 0
YAxis 0
SimpleSpinValve False
HsatMax 0
HsatMin 0
FieldAutoRange True
 
*************************************************** Experiment Data ********************************************
 
DataPoints 101
MomentX Data
-0.000126016
-0.0000950634
-0.0000601409
-0.0000261643
0.00000426239
0.0000387628
0.0000766465
0.000107211
0.00014058
0.000178362
0.000213672
0.000221744
0.000228773
0.000236519
0.000243406
0.000249449
0.000248136
0.000250529
0.000248389
0.000250139
0.000251672
0.000249404
0.000249628
0.000248574
0.000246943
0.0002325
0.000128987
0.00012602
0.000123784
0.000123362
0.000123256
0.000124283
0.000123971
0.000125802
0.000123978
0.000126057
0.000132399
0.000134934
0.000144869
0.000150518
0.000159255
0.00019432
0.000233798
0.000270975
0.000300024
0.000333981
0.000368472
0.000400622
0.000434821
0.000467855
0.000498796
0.000466177
0.00043402
0.0003974
0.000370238
0.000339592
0.000299762
0.00027033
0.000229975
0.000193657
0.000161644
0.000148945
0.000143558
0.000137486
0.000131216
0.000123841
0.000124963
0.000122882
0.000123251
0.000123178
0.000123112
0.000122297
0.000122647
0.00012232
0.000125915
0.000137895
0.000243638
0.000246554
0.000249458
0.000249481
0.000249342
0.000249264
0.00024909
0.00024964
0.000248651
0.000248002
0.000242545
0.000235087
0.000229572
0.000220624
0.000212049
0.000175211
0.000139748
0.000106625
0.0000719386
0.0000313274
0.00000923173
-0.0000266878
-0.0000620321
-0.000093142
-0.000126449
MomentY Data
-0.000115029
-0.000114568
-0.000118105
-0.000117675
-0.000114679
-0.000115395
-0.000118868
-0.000118645
-0.000117413
-0.000119344
-0.000118295
-0.000121093
-0.000120338
-0.000121005
-0.000118756
-0.000118979
-0.000118184
-0.00011994
-0.000120592
-0.000118279
-0.000120012
-0.000117898
-0.000120219
-0.000119638
-0.000119114
-0.000117215
-0.000118168
-0.000118574
-0.000119257
-0.000121307
-0.000119774
-0.000119336
-0.000116118
-0.000117604
-0.000120362
-0.000120155
-0.00012025
-0.000117652
-0.000118534
-0.000118701
-0.000121379
-0.000118192
-0.000115895
-0.000116475
-0.000117763
-0.000114187
-0.000118176
-0.000116571
-0.000118256
-0.000115538
-0.000117874
-0.000116905
-0.000116785
-0.000116229
-0.000119265
-0.000117095
-0.000117056
-0.000115649
-0.000113964
-0.000114202
-0.00011646
-0.000117159
-0.000116444
-0.000116324
-0.000117087
-0.000119321
-0.000117294
-0.000118248
-0.000117524
-0.00011917
-0.000116913
-0.000117366
-0.000118788
-0.000118113
-0.00011692
-0.000117358
-0.000118995
-0.000119066
-0.00011785
-0.000119265
-0.000118955
-0.000118303
-0.000117143
-0.000119567
-0.000117461
-0.00011882
-0.00011994
-0.000118136
-0.000117922
-0.000120751
-0.000120473
-0.000118049
-0.000118065
-0.000117834
-0.000117501
-0.000118264
-0.000116579
-0.000115387
-0.000116062
-0.000115124
-0.000116873
Field Data
15000
13700
12400
11100
9799.98
8499.97
7199.95
5899.96
4599.97
3299.95
1999.96
1699.98
1399.98
1099.98
799.977
499.979
449.994
399.992
349.992
299.992
249.994
199.994
149.99
99.992
49.9997
-0.00535451
-50.0072
-100.004
-150.002
-200.002
-250.003
-300.004
-350.006
-400.007
-450.005
-500.002
-800.014
-1100.01
-1400.02
-1700.02
-2000.02
-3300.04
-4600.06
-5900.08
-7200.07
-8500.06
-9800.03
-11100
-12400
-13700
-15000
-13700
-12400
-11100
-9799.98
-8499.96
-7199.96
-5899.96
-4599.96
-3299.99
-1999.96
-1699.98
-1399.98
-1099.98
-799.981
-499.981
-449.996
-399.994
-349.987
-299.99
-249.997
-199.99
-149.994
-99.9934
-49.9952
0.00858689
50.0036
100.007
150.006
200.005
250.005
300.007
350.006
400.004
450.004
500.004
800.015
1100.01
1400.01
1700.02
2000.02
3300.04
4600.06
5900.06
7200.07
8500.04
9800.02
11100
12400
13700
15000
Time Data
0
14.539
29.063
44.647
59.186
73.741
88.312
102.882
117.437
132.99
147.561
161.071
174.612
188.09
201.615
215.109
228.619
242.113
256.684
270.225
283.719
297.306
310.816
324.357
337.913
351.439
364.995
378.536
392.061
405.618
419.159
432.731
447.301
461.903
475.459
489
502.588
516.082
530.653
544.162
557.672
572.196
587.749
602.304
616.859
631.414
645.984
660.555
675.094
689.649
704.235
718.743
733.282
747.837
762.439
776.994
791.58
806.166
820.705
836.259
850.813
864.37
877.895
891.421
904.915
918.471
932.043
945.568
960.123
973.664
987.19
1000.7
1014.24
1027.75
1041.31
1054.8
1068.34
1081.9
1095.42
1108.96
1122.52
1136.05
1149.6
1164.16
1177.71
1191.27
1204.78
1218.3
1231.8
1245.32
1258.85
1273.42
1288.99
1303.54
1318.08
1332.64
1347.22
1361.81
1376.38
1390.97
1405.54
Temperature Data
0
0
0
0
0
0
0
0
0
0
0
0
0
0
0
0
0
0
0
0
0
0
0
0
0
0
0
0
0
0
0
0
0
0
0
0
0
0
0
0
0
0
0
0
0
0
0
0
0
0
0
0
0
0
0
0
0
0
0
0
0
0
0
0
0
0
0
0
0
0
0
0
0
0
0
0
0
0
0
0
0
0
0
0
0
0
0
0
0
0
0
0
0
0
0
0
0
0
0
0
0
Angle Data
0
0
0
0
0
0
0
0
0
0
0
0
0
0
0
0
0
0
0
0
0
0
0
0
0
0
0
0
0
0
0
0
0
0
0
0
0
0
0
0
0
0
0
0
0
0
0
0
0
0
0
0
0
0
0
0
0
0
0
0
0
0
0
0
0
0
0
0
0
0
0
0
0
0
0
0
0
0
0
0
0
0
0
0
0
0
0
0
0
0
0
0
0
0
0
0
0
0
0
0
0
Bx Data
0
0
0
0
0
0
0
0
0
0
0
0
0
0
0
0
0
0
0
0
0
0
0
0
0
0
0
0
0
0
0
0
0
0
0
0
0
0
0
0
0
0
0
0
0
0
0
0
0
0
0
0
0
0
0
0
0
0
0
0
0
0
0
0
0
0
0
0
0
0
0
0
0
0
0
0
0
0
0
0
0
0
0
0
0
0
0
0
0
0
0
0
0
0
0
0
0
0
0
0
0
Hint Data
0
0
0
0
0
0
0
0
0
0
0
0
0
0
0
0
0
0
0
0
0
0
0
0
0
0
0
0
0
0
0
0
0
0
0
0
0
0
0
0
0
0
0
0
0
0
0
0
0
0
0
0
0
0
0
0
0
0
0
0
0
0
0
0
0
0
0
0
0
0
0
0
0
0
0
0
0
0
0
0
0
0
0
0
0
0
0
0
0
0
0
0
0
0
0
0
0
0
0
0
0
Torque Data
-1.725435
-1.5695816
-1.464502
-1.3061925
-1.12385190642
-0.98085403815
-0.8558436566
-0.7000007542
-0.54009627761
-0.3938292328
-0.2365852682
-0.20585567814
-0.16847079324
-0.1331030799
-0.095002068612
-0.059487001441
-0.053182090896
-0.04797504048
-0.042206235264
-0.035482753768
-0.030002279928
-0.023578892612
-0.01803164781
-0.011962842896
-0.0059556642658
6.2762888965E-07
0.0059092508096
0.011857874296
0.017888788514
0.024261642614
0.029943859322
0.035801277344
0.040641996708
0.047042423228
0.05416350181
0.06007774031
0.0962016835
0.12941837652
0.16594997068
0.20179407402
0.24276042758
0.39003832768
0.5331239537
0.687211818
0.84790184341
0.97059635122
1.15812834528
1.2939381
1.4663744
1.5828706
1.76811
1.6015985
1.448134
1.2901419
1.1687946147
0.9953028162
0.84279851776
0.68232447404
0.52422984144
0.37686545798
0.2329153416
0.19916795682
0.16301927112
0.12795407352
0.093667375347
0.059658232901
0.052781830824
0.047298490512
0.041131872188
0.0357498083
0.029227899261
0.02347202634
0.017817487272
0.0118105204542
0.005845438784
-1.00774023662E-06
-0.005950178382
-0.011907433462
-0.0176782071
-0.023853596325
-0.029739344775
-0.035491728121
-0.041000752858
-0.047827278268
-0.052857919844
-0.05941047528
-0.0959537991
-0.12995078136
-0.16509197922
-0.20527911502
-0.24094840946
-0.38956642196
-0.5431060839
-0.69522767004
-0.84601542507
-1.00524873056
-1.14247653158
-1.2807957
-1.4391688
-1.5771988
-1.753095
dMdH Data
-2.38096923076923E-08
-2.68634615384615E-08
-2.61358461538462E-08
-2.34047860802141E-08
-2.65385727802094E-08
-2.91408593713943E-08
-2.35113347025746E-08
-2.56686589896845E-08
-2.90626298056953E-08
-2.71617473980569E-08
-2.69084605640376E-08
-0.00000002343
-0.00000002582
-2.29564371022956E-08
-2.01434676231175E-08
2.62678803641096E-08
-4.7858085676573E-08
4.27999999999995E-08
-3.50000000000003E-08
-3.06612264490571E-08
4.53599999999997E-08
-4.47964162866977E-09
2.10808432337295E-08
3.26250242537348E-08
2.88830802036456E-07
2.07018358993773E-06
5.93437980030725E-08
4.47217888715548E-08
8.44000000000007E-09
2.11995760084775E-09
-2.05395892082156E-08
6.23975040998319E-09
-3.66192676146475E-08
3.64814592583701E-08
-4.15824949496968E-08
-2.11391544338227E-08
-8.45011266816887E-09
-3.31155628145729E-08
-0.00000001883
-2.91233333333333E-08
-2.69726619590468E-08
-3.03672251196135E-08
-2.85972523499639E-08
-2.23455565042808E-08
-2.61209701613089E-08
-2.65321507419402E-08
-2.47313399539989E-08
-2.63069230769231E-08
-2.54107692307692E-08
-2.38007692307693E-08
-2.50915384615385E-08
-2.47361538461538E-08
-2.81692307692308E-08
-2.08935247150044E-08
-2.35734834848695E-08
-3.06384615384615E-08
-0.00000002264
-3.10423076923077E-08
-2.79375677900259E-08
-2.46248163503919E-08
-4.23328221881459E-08
-1.79566666666666E-08
-0.00000002024
-2.09000696668989E-08
-2.45833333333333E-08
2.24467340202059E-08
-4.16183352665893E-08
7.37896694462794E-09
-1.46008760525653E-09
-1.32018482587526E-09
-1.62977183194355E-08
7.00056004480375E-09
-6.53992152094172E-09
7.19025884931854E-08
2.39581854597413E-07
2.11507095252365E-06
5.83160345096538E-08
5.80811616232319E-08
4.60009200184741E-10
-2.7800000000004E-09
-1.55993760249553E-09
-3.48006960139261E-09
1.10004400176004E-08
-1.97799999999992E-08
-1.29800000000005E-08
-1.81893330577879E-08
-2.48604143402389E-08
-1.83833333333334E-08
-2.98256724775841E-08
-2.85833333333334E-08
-2.83364871309672E-08
-2.72788110952139E-08
-2.54792307692308E-08
-2.66816409104546E-08
-3.12401055408971E-08
-1.69969307220111E-08
-2.76308327820428E-08
-2.71879230769231E-08
-2.39306923076923E-08
-2.56207692307692E-08
-2.56207692307692E-08
dMdT Data
0
0
0
0
0
0
0
0
0
0
0
0
0
0
0
0
0
0
0
0
0
0
0
0
0
0
0
0
0
0
0
0
0
0
0
0
0
0
0
0
0
0
0
0
0
0
0
0
0
0
0
0
0
0
0
0
0
0
0
0
0
0
0
0
0
0
0
0
0
0
0
0
0
0
0
0
0
0
0
0
0
0
0
0
0
0
0
0
0
0
0
0
0
0
0
0
0
0
0
0
0
 
*********************************************** Results ***************************************
 
TotalArea 3.15879572104525E-02
AreaFirstQuad 2.18779624902917E-02
AreaSecondQuad 7.05167398591226E-03
AreaThirdQuad 0
AreaFourthQuad 2.65832073424758E-03
Coercivity 76.0167785563672
PositiveCoercivity 10134.1297270872
NegativeCoercivity 9982.09616997445
Retentivity 4.73043019052246E-05
PositiveRetentivity 2.32501546547418E-04
NegativeRetentivity 1.37892942736969E-04
Magnetization 0.0003126225
PositiveMagnetization 0.000498796
NegativeMagnetization -0.000126449
Flatness -1.71796155388732
Squareness 0.151314450831993
SStar 27.5880508454739
SFD1 12.7242107833363
SFD2 99.6489879452478
Slope 0
Intercept 0
SlopeAtHc -2.34047860802141E-08
dH1 -891.23673486505
dH2 7574.99505
InitialSlope -2.38096923076923E-08
FieldAtHalfMs 0
FieldAtMs -15000
MomentMean 1.83446781386138E-04
MomentRMS 1.24091097988531E-04
SFD3 26.3011348834173
dH3 -1923.31076765751
UserField1 0
UserField2 0
CenterField 0
ExchangeField 0
ExchangeMoment 0
ExRegionOneIntercept 0
ExRegionOneSlope 0
ExRegionTwoIntercept 0
ExRegionTwoSlope 0
NegativeIntercept 0
NegativeSlope 0
AutoCenterOffset 0
PinningField 0
PinningMoment 0
PinRegionOneIntercept 0
PinRegionOneSlope 0
PinRegionTwoIntercept 0
PinRegionTwoSlope 0
PositiveIntercept 0
PositiveSlope 0
TotalOffset 0
BHMax 0
BCoercivity 0
BRetentivity 0
BNegativeCoercivity 0
BPositiveCoercivity 0
BNegativeRetentivity 0
BPositiveRetentivity 0
MomentYMean -1.17974257425743E-04
MomentYRMS 1.67742156689048E-06
YOffCorrection 0
Mrt 0
Ms1 0
Ms2 0
Ms3 0
Hc2 0
Hex2 0
HsatValue 0
HsatIntercept 0
HsatSlope 0
CenterH 0
Span .000625245
SpanAsPercentOfRange -48.0957692307692
RMSAsPercentOfRange -9.54546907604084
SpanAsPercentOfMean 340.831817966823
RMSAsPercentOfMean 67.6441947091623
