Version 1.25
******************************************** Units *******************************************
System CGS
TemperatureUnit K
MomentUnit emu
AppliedFieldUnit G
 
******************************************** Setup ********************************************
 
Experiment CustomField
Minor False
Acquisition PointByPoint
EditedPoint No
MaxField 500
FieldIncrement 16.6666666666667
Points 143
MinField 0
RampRate 500
AverageTime 3
TimeInterval 0
TimeConstant 0.3
TimeConstantIndex 1
Sensitivity -0.0013
SensitivityIndex 5
SensitivityY -4
SensitivityIndexY 0
SaturationField 8000
ExperimentTime 429
Use735Domains False
AutoRangeEnabled False
NumberOfVertices 7
VertexPts
0
27
44
71
98
115
142
VertexField
500
50
-50
-500
-50
50
500
StartAngle 0
EndAngle 0
AngleIncrement 0
StartTemp 0
FinishTemp 0
TempIncrement 0
TempPoints 0
LengthofSetPointsArray 143
SetPointArray
500
483.333333333333
466.666666666667
450
433.333333333333
416.666666666667
400
383.333333333333
366.666666666667
350
333.333333333333
316.666666666666
300
283.333333333333
266.666666666666
250
233.333333333333
216.666666666666
200
183.333333333333
166.666666666666
150
133.333333333333
116.666666666666
99.9999999999998
83.3333333333331
66.6666666666665
50
44.1176470588235
38.2352941176471
32.3529411764706
26.4705882352941
20.5882352941176
14.7058823529412
8.8235294117647
2.94117647058823
-2.94117647058824
-8.82352941176471
-14.7058823529412
-20.5882352941177
-26.4705882352941
-32.3529411764706
-38.2352941176471
-44.1176470588235
-50
-66.6666666666667
-83.3333333333333
-100
-116.666666666667
-133.333333333333
-150
-166.666666666667
-183.333333333333
-200
-216.666666666667
-233.333333333333
-250
-266.666666666667
-283.333333333333
-300
-316.666666666667
-333.333333333333
-350
-366.666666666667
-383.333333333333
-400
-416.666666666667
-433.333333333333
-450
-466.666666666667
-483.333333333334
-500
-483.333333333333
-466.666666666667
-450
-433.333333333333
-416.666666666667
-400
-383.333333333333
-366.666666666667
-350
-333.333333333333
-316.666666666666
-300
-283.333333333333
-266.666666666666
-250
-233.333333333333
-216.666666666666
-200
-183.333333333333
-166.666666666666
-150
-133.333333333333
-116.666666666666
-99.9999999999998
-83.3333333333331
-66.6666666666665
-50
-44.1176470588235
-38.2352941176471
-32.3529411764706
-26.4705882352941
-20.5882352941176
-14.7058823529412
-8.8235294117647
-2.94117647058823
2.94117647058824
8.82352941176471
14.7058823529412
20.5882352941177
26.4705882352941
32.3529411764706
38.2352941176471
44.1176470588235
50
66.6666666666667
83.3333333333333
100
116.666666666667
133.333333333333
150
166.666666666667
183.333333333333
200
216.666666666667
233.333333333333
250
266.666666666667
283.333333333333
300
316.666666666667
333.333333333333
350
366.666666666667
383.333333333333
400
416.666666666667
433.333333333333
450
466.666666666667
483.333333333334
500
FieldDomainFile c:\Ideasvsm\Default UserID\Experiments\Jason_500G\fdomain.ini
TempDomainFile c:\Ideasvsm\Default UserID\Experiments\Jason_500G\tdomain.ini
NumSelectedResults 0
ResultsSelected 
UserName1 
UserValue1 
UserName2 
UserValue2 
LinearBackgroundCorrection Off
MaxLinearFieldCorrection 
MinLinearFieldCorrection 
AutoLinearCorrection Off
FitOneRegion Off
BackgroundMode Off
BackgroundFilename 
AutoCenter Off
OffsetCorrection 
SmoothDeriv Off
DerivOrder 0
DerivPoints 0
MinExFieldOne 
MaxExFieldOne 
MinExFieldTwo 
MaxExFieldTwo 
MinPinFieldOne 
MaxPinFieldOne 
MinPinFieldTwo 
MaxPinFieldTwo 
HCenterStart 
Mass 
Volume 
Density 
MolarWeight 
NumberOfMoles 
Demagnetization 
SampleArea 
Thickness 
MomentScaling 0
XAxis 0
YAxis 0
SimpleSpinValve False
HsatMax 0
HsatMin 0
FieldAutoRange False
 
*************************************************** Experiment Data ********************************************
 
DataPoints 143
MomentX Data
0.000181462
0.000180911
0.000179418
0.000180868
0.000181728
0.000180651
0.000181353
0.000181532
0.000183206
0.000182842
0.000183658
0.000182403
0.000181947
0.000183426
0.000184036
0.000182744
0.000183866
0.000185027
0.000184515
0.000184792
0.000185467
0.00018395
0.000186058
0.000186007
0.000186283
0.000186052
0.000187284
0.000185405
0.00018664
0.000187119
0.000188345
0.000188706
0.000188161
0.000188771
0.000187512
0.000187511
0.00018774
0.000187203
0.000188443
0.000188334
0.000187759
0.000187691
0.000186452
0.000188519
0.000187728
0.000188152
0.000188575
0.000188718
0.000187459
0.00018796
0.000188425
0.000188307
0.000187131
0.000188795
0.000187985
0.000190443
0.00018987
0.000190335
0.000191443
0.000190756
0.000190461
0.000191407
0.000190737
0.000192417
0.000190209
0.000193162
0.000190791
0.000192649
0.000193366
0.000193325
0.000193663
0.000193851
0.00019151
0.000194555
0.000193824
0.000190827
0.000190995
0.000191573
0.000191582
0.000191743
0.000190551
0.000189524
0.000189403
0.000189599
0.000188128
0.000190427
0.000189369
0.000188766
0.000187995
0.000187664
0.000188323
0.00018709
0.000186061
0.000186616
0.000186693
0.000186733
0.000185894
0.000187672
0.000184082
0.000184608
0.000186981
0.000185781
0.000188809
0.000185759
0.00018559
0.000186723
0.000184162
0.000186333
0.00018392
0.000185308
0.000186041
0.000184671
0.000185691
0.000185252
0.00018451
0.000184413
0.000184531
0.000184089
0.000184927
0.000183499
0.000185479
0.000184222
0.000185613
0.000186305
0.000183502
0.000183553
0.000182883
0.000182503
0.00018275
0.000181693
0.000181327
0.000184044
0.000182046
0.000183265
0.000181223
0.000181396
0.00018084
0.000180387
0.000181688
0.000180902
0.000178489
0.000180216
0.000178407
MomentY Data
-0.000116523
-0.000116475
-0.000116634
-0.000117079
-0.000119845
-0.000119352
-0.000118828
-0.000118001
-0.000118876
-0.000118446
-0.000117731
-0.000118287
-0.000117922
-0.000118701
-0.000118081
-0.00011673
-0.000114346
-0.000115697
-0.000116444
-0.000117874
-0.000118939
-0.000118732
-0.000119019
-0.000118462
-0.000118923
-0.00011843
-0.00011754
-0.000120703
-0.000119702
-0.000119209
-0.000117302
-0.000117095
-0.000118717
-0.000118844
-0.000119718
-0.00012145
-0.000118732
-0.000118717
-0.000119591
-0.000119575
-0.000119066
-0.000122436
-0.000119686
-0.000121228
-0.000121546
-0.000119797
-0.000120083
-0.000120179
-0.000119734
-0.000120529
-0.000122023
-0.00012118
-0.000121943
-0.000123723
-0.000119925
-0.000120529
-0.000119162
-0.000119448
-0.000120385
-0.000123501
-0.000120338
-0.000121037
-0.000120481
-0.000121196
-0.000119241
-0.000117779
-0.000120703
-0.000118558
-0.000119289
-0.000122213
-0.000121419
-0.000117016
-0.00011967
-0.000119003
-0.000123374
-0.000120258
-0.000120052
-0.00012296
-0.000118732
-0.000122086
-0.000121101
-0.000121768
-0.000123135
-0.000119893
-0.000120417
-0.000122738
-0.000123517
-0.000123755
-0.000118287
-0.000120513
-0.000120083
-0.000119925
-0.000120306
-0.000121705
-0.000121403
-0.000119448
-0.000119797
-0.000119607
-0.000120179
-0.000119162
-0.000117429
-0.000119448
-0.000121657
-0.000120068
-0.000121212
-0.000120544
-0.000119988
-0.000119543
-0.000119654
-0.000120385
-0.00012091
-0.000119718
-0.000119114
-0.000119845
-0.000122738
-0.000120703
-0.000119432
-0.000117954
-0.000119797
-0.000119082
-0.000122118
-0.000120083
-0.00012126
-0.000120068
-0.000119352
-0.000120195
-0.00011913
-0.000119146
-0.000120306
-0.000119734
-0.00012118
-0.000118176
-0.000119162
-0.000118701
-0.000118923
-0.000115267
-0.000117493
-0.000120544
-0.000116587
-0.000118176
-0.000119368
-0.000119114
-0.000120052
Field Data
499.998
483.319
466.666
449.998
433.316
416.644
399.985
383.345
366.661
349.997
333.319
316.655
299.99
283.333
266.657
249.992
233.315
216.667
199.986
183.326
166.659
149.989
133.319
116.671
99.9973
83.327
66.6579
49.9949
44.0888
38.2294
32.3422
26.4602
20.5747
14.6966
8.82103
2.93777
-2.94893
-8.82827
-14.7026
-20.592
-26.4723
-32.3432
-38.2298
-44.1214
-50.0017
-66.6712
-83.3399
-100.008
-116.667
-133.333
-149.995
-166.686
-183.33
-200.018
-216.677
-233.341
-249.989
-266.681
-283.346
-300.025
-316.674
-333.354
-350.009
-366.668
-383.343
-400.011
-416.67
-433.34
-450.013
-466.679
-483.349
-500.008
-483.336
-466.653
-450.008
-433.333
-416.673
-400.013
-383.342
-366.67
-350.008
-333.349
-316.674
-300
-283.334
-266.685
-250.008
-233.342
-216.672
-200.013
-183.333
-166.676
-150
-133.338
-116.663
-100.008
-83.3459
-66.6717
-50.0107
-44.1199
-38.2478
-32.3484
-26.4641
-20.5877
-14.7126
-8.83027
-2.96444
2.94774
8.81081
14.7063
20.5907
26.4716
32.354
38.2258
44.1399
49.9939
66.6677
83.3474
99.9998
116.662
133.33
150
166.666
183.325
199.997
216.663
233.327
249.994
266.658
283.326
299.997
316.667
333.33
349.99
366.67
383.339
399.99
416.663
433.332
449.989
466.665
483.326
500
Time Data
0
10.39
20.811
31.231
41.621
52.026
62.463
72.884
83.305
93.663
104.053
114.442
124.848
135.269
145.643
156.032
166.469
176.858
187.264
197.653
208.09
218.495
228.9
239.274
249.664
260.054
270.475
280.88
291.332
301.722
312.142
322.532
332.906
343.311
353.732
364.153
374.574
384.948
395.322
405.759
416.164
426.569
436.974
447.411
457.816
468.237
478.658
489.048
499.468
509.874
520.31
530.747
541.136
551.526
561.947
572.321
582.757
593.147
603.568
613.973
624.394
634.799
645.22
655.657
666.062
676.467
686.872
698.276
708.697
719.102
729.492
739.913
750.302
760.708
771.113
781.549
791.924
802.313
812.718
823.139
833.56
843.95
854.355
864.776
875.197
885.649
896.039
906.444
916.865
927.301
937.722
948.159
958.595
969.016
979.421
989.842
1000.28
1010.68
1021.07
1032.51
1042.93
1053.35
1063.72
1074.15
1084.57
1094.99
1105.39
1115.8
1126.25
1136.64
1147.03
1157.43
1167.84
1178.24
1188.67
1199.07
1209.48
1219.87
1230.26
1240.65
1251.05
1261.46
1271.85
1283.28
1294.72
1305.12
1315.53
1325.93
1336.35
1346.76
1357.16
1367.57
1377.96
1388.36
1398.77
1409.16
1419.56
1429.97
1440.39
1450.83
1461.23
1471.65
1482.07
Temperature Data
0
0
0
0
0
0
0
0
0
0
0
0
0
0
0
0
0
0
0
0
0
0
0
0
0
0
0
0
0
0
0
0
0
0
0
0
0
0
0
0
0
0
0
0
0
0
0
0
0
0
0
0
0
0
0
0
0
0
0
0
0
0
0
0
0
0
0
0
0
0
0
0
0
0
0
0
0
0
0
0
0
0
0
0
0
0
0
0
0
0
0
0
0
0
0
0
0
0
0
0
0
0
0
0
0
0
0
0
0
0
0
0
0
0
0
0
0
0
0
0
0
0
0
0
0
0
0
0
0
0
0
0
0
0
0
0
0
0
0
0
0
0
0
Angle Data
0
0
0
0
0
0
0
0
0
0
0
0
0
0
0
0
0
0
0
0
0
0
0
0
0
0
0
0
0
0
0
0
0
0
0
0
0
0
0
0
0
0
0
0
0
0
0
0
0
0
0
0
0
0
0
0
0
0
0
0
0
0
0
0
0
0
0
0
0
0
0
0
0
0
0
0
0
0
0
0
0
0
0
0
0
0
0
0
0
0
0
0
0
0
0
0
0
0
0
0
0
0
0
0
0
0
0
0
0
0
0
0
0
0
0
0
0
0
0
0
0
0
0
0
0
0
0
0
0
0
0
0
0
0
0
0
0
0
0
0
0
0
0
Bx Data
0
0
0
0
0
0
0
0
0
0
0
0
0
0
0
0
0
0
0
0
0
0
0
0
0
0
0
0
0
0
0
0
0
0
0
0
0
0
0
0
0
0
0
0
0
0
0
0
0
0
0
0
0
0
0
0
0
0
0
0
0
0
0
0
0
0
0
0
0
0
0
0
0
0
0
0
0
0
0
0
0
0
0
0
0
0
0
0
0
0
0
0
0
0
0
0
0
0
0
0
0
0
0
0
0
0
0
0
0
0
0
0
0
0
0
0
0
0
0
0
0
0
0
0
0
0
0
0
0
0
0
0
0
0
0
0
0
0
0
0
0
0
0
Hint Data
0
0
0
0
0
0
0
0
0
0
0
0
0
0
0
0
0
0
0
0
0
0
0
0
0
0
0
0
0
0
0
0
0
0
0
0
0
0
0
0
0
0
0
0
0
0
0
0
0
0
0
0
0
0
0
0
0
0
0
0
0
0
0
0
0
0
0
0
0
0
0
0
0
0
0
0
0
0
0
0
0
0
0
0
0
0
0
0
0
0
0
0
0
0
0
0
0
0
0
0
0
0
0
0
0
0
0
0
0
0
0
0
0
0
0
0
0
0
0
0
0
0
0
0
0
0
0
0
0
0
0
0
0
0
0
0
0
0
0
0
0
0
0
Torque Data
-0.058261266954
-0.056294580525
-0.054429122244
-0.052685315842
-0.05193075602
-0.049727294688
-0.04752941758
-0.045235093345
-0.043587193036
-0.041455744662
-0.039241979189
-0.037456169985
-0.03537542078
-0.033631910433
-0.031487125217
-0.02918156616
-0.02667863699
-0.025067721899
-0.023287169784
-0.021609368924
-0.019822254801
-0.017808493948
-0.015867494061
-0.013821080002
-0.0118919789079
-0.00986841661
-0.007834969566
-0.0060345344147
-0.0052775175376
-0.0045572885446
-0.0037938047444
-0.003098357119
-0.0024425666599
-0.0017466027304
-0.00105603606954
-0.0003567921665
0.00035013235676
0.00104806572959
0.0017582986366
0.0024622884
0.0031519508718
0.0039599720352
0.0045755718428
0.0053487490792
0.0060775066282
0.0079870097464
0.0100077052117
0.012018861432
0.013969006578
0.016070493157
0.018302839885
0.02019900948
0.02235581019
0.024746827014
0.025984989225
0.028124357389
0.029789189218
0.031854512088
0.03411060821
0.037053387525
0.038107915812
0.040348168098
0.042169434329
0.044438694928
0.045710202663
0.047112895569
0.05029331901
0.05137592372
0.053681600757
0.057034240627
0.058687752231
0.058508936128
0.05784081912
0.055533106959
0.055519286992
0.052111759914
0.050022426996
0.04918559848
0.045514962344
0.04476527362
0.042386318808
0.040591241032
0.03899365299
0.0359679
0.034118230278
0.03273238353
0.030880238136
0.02887723921
0.025629480864
0.024104166669
0.022015176639
0.0199886193
0.0180459
0.01622790129
0.014163238189
0.011945755584
0.0099845887823
0.0079744020219
0.0060102359153
0.0052574155238
0.0044914009062
0.0038639516832
0.0032195430137
0.0024719239636
0.0017833436712
0.00106443606688
0.00035569722672
-0.00035238168282
-0.00105424865974
-0.0017704179255
-0.002489621537
-0.0031691270088
-0.003853814356
-0.004581171001
-0.0054176430462
-0.0060344137117
-0.0079622567464
-0.0098311592196
-0.0119796760406
-0.013892344284
-0.01628199294
-0.01801245
-0.02020991916
-0.0220114661
-0.023870041944
-0.026041809285
-0.02779624551
-0.029785785124
-0.032080557348
-0.033923755284
-0.03635363646
-0.037422439392
-0.03972026946
-0.04154416299
-0.04360549641
-0.044186336513
-0.04699602507
-0.050226224672
-0.050520877884
-0.053177900064
-0.05570486772
-0.057570893164
-0.060026
dMdH Data
3.30355536902694E-08
8.96535158830228E-08
-8.69930405567543E-08
-5.15525716340975E-08
6.45993282149724E-08
-4.2139384116695E-08
-1.07572115384615E-08
-1.00335650923039E-07
2.18434949591926E-08
-4.89267298237199E-08
7.53120499279883E-08
2.73627362736272E-08
-8.8791499069459E-08
-3.65795154713365E-08
7.75277527752768E-08
-6.72782874617733E-08
-6.97381066794801E-08
3.06936035009882E-08
-1.6626650660264E-08
-4.04991900161998E-08
9.10017996400724E-08
-1.26454709058189E-07
3.06343104276892E-09
-1.65530146278276E-08
1.38569791785394E-08
-7.39092092554482E-08
1.12764808257816E-07
-2.09105839725027E-07
-8.17489845376671E-08
-2.08248403315669E-07
-6.13736824209439E-08
9.26004587545644E-08
-1.03775029346219E-07
2.14277082904299E-07
1.69973790044252E-10
-3.89012519747908E-08
9.13367827000987E-08
-2.11087902790618E-07
1.85078276225097E-08
9.77841266602045E-08
1.15825512272371E-08
2.10478034858831E-07
-3.50838481906442E-07
1.34516946414301E-07
-2.54356759350915E-08
-2.53769040177094E-08
-8.57926218345234E-09
7.55747643916191E-08
-3.0061202448098E-08
-2.79078141879728E-08
7.06967826972709E-09
7.06560922855085E-08
-9.97123681687451E-08
4.86223662884936E-08
-1.47503600576092E-07
3.44185487746274E-08
-2.78576563623295E-08
-6.64866486648658E-08
4.11895197553812E-08
1.77187819088223E-08
-5.67146282973613E-08
4.02281597117985E-08
-1.00846389339098E-07
1.32413793103449E-07
-1.77165826733862E-07
1.4232546971607E-07
-1.11457708458309E-07
-4.30036586097275E-08
2.46009840393586E-09
-2.02759448110383E-08
-1.12851911879468E-08
-1.40415067178505E-07
1.82521129293294E-07
-4.39170922198868E-08
-1.79730134932534E-07
1.00840336134463E-08
3.469387755102E-08
5.39859636494883E-10
9.65690978886681E-09
-7.15400312087374E-08
-6.16483582447936E-08
-7.25637181409342E-09
1.17548278757361E-08
-8.82635305412225E-08
1.38086371553848E-07
-6.34406667865933E-08
-3.61814472578908E-08
-4.62507498500297E-08
-1.98691398043088E-08
3.95083932853714E-08
-7.40229333013151E-08
-6.17054449508272E-08
3.33093266114502E-08
4.61769115442397E-09
2.40168117682253E-09
-5.03537969403607E-08
1.06631802425303E-07
-2.1547326090871E-07
8.92917770082188E-08
4.04114371349259E-07
-2.03410516323694E-07
5.14589670818959E-07
-5.19025253556598E-07
-2.87654678218251E-08
1.9261075118193E-07
-4.36596355502971E-07
3.67208034938044E-07
-4.11559131990582E-07
2.35434204790443E-07
1.24566650805519E-07
-2.32957540512506E-07
1.733986128111E-07
-7.47641268435574E-08
-1.25462876853621E-07
-1.65698667577741E-08
7.07697105638875E-09
-2.64992775649454E-08
5.03230765535311E-08
-8.57029683955308E-08
1.18790496760259E-07
-7.54049190161971E-08
8.34633385335414E-08
4.15391079896752E-08
-1.68126199616123E-07
3.06012240489721E-09
-4.0206433029285E-08
-2.27995440091194E-08
1.48223715794519E-08
-6.34149268058555E-08
-2.19542918841095E-08
1.62987402519495E-07
-1.19906379403468E-07
7.31692677070829E-08
-1.2242206235012E-07
1.03785470034203E-08
-3.33913879046303E-08
-2.71696755233014E-08
7.80490731297615E-08
-4.71873686738302E-08
-1.44698968577597E-07
1.03655242782546E-07
-1.08492263404102E-07
-1.08492263404102E-07
dMdT Data
0
0
0
0
0
0
0
0
0
0
0
0
0
0
0
0
0
0
0
0
0
0
0
0
0
0
0
0
0
0
0
0
0
0
0
0
0
0
0
0
0
0
0
0
0
0
0
0
0
0
0
0
0
0
0
0
0
0
0
0
0
0
0
0
0
0
0
0
0
0
0
0
0
0
0
0
0
0
0
0
0
0
0
0
0
0
0
0
0
0
0
0
0
0
0
0
0
0
0
0
0
0
0
0
0
0
0
0
0
0
0
0
0
0
0
0
0
0
0
0
0
0
0
0
0
0
0
0
0
0
0
0
0
0
0
0
0
0
0
0
0
0
0
 
*********************************************** Results ***************************************
 
TotalArea 9.83583140279998E-04
AreaFirstQuad 4.73039635758046E-04
AreaSecondQuad 5.10543504521953E-04
AreaThirdQuad 0
AreaFourthQuad 0
Coercivity 0
PositiveCoercivity 0
NegativeCoercivity 0
Retentivity 1.18735837196112E-06
PositiveRetentivity 1.87625282931014E-04
NegativeRetentivity 1.85250566187092E-04
Magnetization 0.000194555
PositiveMagnetization 0.000194555
NegativeMagnetization 0.000178407
Flatness -157.019084517103
Squareness 6.10294452448471E-03
SStar 0
SFD1 0
SFD2 0
Slope 0
Intercept 0
SlopeAtHc -1.08492263404102E-07
dH1 0
dH2 37.2576
InitialSlope 3.30355536902694E-08
FieldAtHalfMs 0
FieldAtMs -466.653
MomentMean 1.86443685314685E-04
MomentRMS 3.60060502040308E-06
SFD3 0
dH3 0
UserField1 0
UserField2 0
CenterField 0
ExchangeField 0
ExchangeMoment 0
ExRegionOneIntercept 0
ExRegionOneSlope 0
ExRegionTwoIntercept 0
ExRegionTwoSlope 0
NegativeIntercept 0
NegativeSlope 0
AutoCenterOffset 0
PinningField 0
PinningMoment 0
PinRegionOneIntercept 0
PinRegionOneSlope 0
PinRegionTwoIntercept 0
PinRegionTwoSlope 0
PositiveIntercept 0
PositiveSlope 0
TotalOffset 0
BHMax 0
BCoercivity 0
BRetentivity 0
BNegativeCoercivity 0
BPositiveCoercivity 0
BNegativeRetentivity 0
BPositiveRetentivity 0
MomentYMean -1.19670454545455E-04
MomentYRMS 1.72963439809931E-06
YOffCorrection 0
Mrt 0
Ms1 0
Ms2 0
Ms3 0
Hc2 0
Hex2 0
HsatValue 0
HsatIntercept 0
HsatSlope 0
CenterH 0
Span .000016148
SpanAsPercentOfRange -1.24215384615385
RMSAsPercentOfRange -.276969616954083
SpanAsPercentOfMean 8.66106029428935
RMSAsPercentOfMean 1.93120245093089
