Version 1.25
******************************************** Units *******************************************
System CGS
TemperatureUnit K
MomentUnit emu
AppliedFieldUnit G
 
******************************************** Setup ********************************************
 
Experiment CustomField
Minor False
Acquisition PointByPoint
EditedPoint No
MaxField 500
FieldIncrement 16.6666666666667
Points 143
MinField 0
RampRate 500
AverageTime 3
TimeInterval 0
TimeConstant 0.3
TimeConstantIndex 1
Sensitivity -0.0013
SensitivityIndex 5
SensitivityY -4
SensitivityIndexY 0
SaturationField 8000
ExperimentTime 429
Use735Domains False
AutoRangeEnabled False
NumberOfVertices 7
VertexPts
0
27
44
71
98
115
142
VertexField
500
50
-50
-500
-50
50
500
StartAngle 0
EndAngle 0
AngleIncrement 0
StartTemp 0
FinishTemp 0
TempIncrement 0
TempPoints 0
LengthofSetPointsArray 143
SetPointArray
500
483.333333333333
466.666666666667
450
433.333333333333
416.666666666667
400
383.333333333333
366.666666666667
350
333.333333333333
316.666666666666
300
283.333333333333
266.666666666666
250
233.333333333333
216.666666666666
200
183.333333333333
166.666666666666
150
133.333333333333
116.666666666666
99.9999999999998
83.3333333333331
66.6666666666665
50
44.1176470588235
38.2352941176471
32.3529411764706
26.4705882352941
20.5882352941176
14.7058823529412
8.8235294117647
2.94117647058823
-2.94117647058824
-8.82352941176471
-14.7058823529412
-20.5882352941177
-26.4705882352941
-32.3529411764706
-38.2352941176471
-44.1176470588235
-50
-66.6666666666667
-83.3333333333333
-100
-116.666666666667
-133.333333333333
-150
-166.666666666667
-183.333333333333
-200
-216.666666666667
-233.333333333333
-250
-266.666666666667
-283.333333333333
-300
-316.666666666667
-333.333333333333
-350
-366.666666666667
-383.333333333333
-400
-416.666666666667
-433.333333333333
-450
-466.666666666667
-483.333333333334
-500
-483.333333333333
-466.666666666667
-450
-433.333333333333
-416.666666666667
-400
-383.333333333333
-366.666666666667
-350
-333.333333333333
-316.666666666666
-300
-283.333333333333
-266.666666666666
-250
-233.333333333333
-216.666666666666
-200
-183.333333333333
-166.666666666666
-150
-133.333333333333
-116.666666666666
-99.9999999999998
-83.3333333333331
-66.6666666666665
-50
-44.1176470588235
-38.2352941176471
-32.3529411764706
-26.4705882352941
-20.5882352941176
-14.7058823529412
-8.8235294117647
-2.94117647058823
2.94117647058824
8.82352941176471
14.7058823529412
20.5882352941177
26.4705882352941
32.3529411764706
38.2352941176471
44.1176470588235
50
66.6666666666667
83.3333333333333
100
116.666666666667
133.333333333333
150
166.666666666667
183.333333333333
200
216.666666666667
233.333333333333
250
266.666666666667
283.333333333333
300
316.666666666667
333.333333333333
350
366.666666666667
383.333333333333
400
416.666666666667
433.333333333333
450
466.666666666667
483.333333333334
500
FieldDomainFile c:\Ideasvsm\Default UserID\Experiments\Jason_500G\fdomain.ini
TempDomainFile c:\Ideasvsm\Default UserID\Experiments\Jason_500G\tdomain.ini
NumSelectedResults 0
ResultsSelected 
UserName1 
UserValue1 
UserName2 
UserValue2 
LinearBackgroundCorrection Off
MaxLinearFieldCorrection 
MinLinearFieldCorrection 
AutoLinearCorrection Off
FitOneRegion Off
BackgroundMode Off
BackgroundFilename 
AutoCenter Off
OffsetCorrection 
SmoothDeriv Off
DerivOrder 0
DerivPoints 0
MinExFieldOne 
MaxExFieldOne 
MinExFieldTwo 
MaxExFieldTwo 
MinPinFieldOne 
MaxPinFieldOne 
MinPinFieldTwo 
MaxPinFieldTwo 
HCenterStart 
Mass 
Volume 
Density 
MolarWeight 
NumberOfMoles 
Demagnetization 
SampleArea 
Thickness 
MomentScaling 0
XAxis 0
YAxis 0
SimpleSpinValve False
HsatMax 0
HsatMin 0
FieldAutoRange False
 
*************************************************** Experiment Data ********************************************
 
DataPoints 143
MomentX Data
0.000371046
0.000372815
0.000371046
0.000372457
0.000371561
0.000372128
0.000372151
0.000371923
0.000374094
0.000372702
0.000373771
0.000371875
0.000373319
0.000373223
0.000374627
0.000374305
0.000373573
0.000372694
0.000374026
0.000370087
0.000373964
0.000372172
0.000371919
0.000370741
0.000370137
0.000369138
0.00036582
0.000362449
0.000361232
0.000358927
0.000357231
0.000354387
0.000349995
0.00034476
0.000340174
0.000335161
0.000329701
0.000320085
0.000307032
0.000286616
0.000238479
0.000113123
0.0000247366
0.0000186169
0.0000162179
0.00000977964
0.00000970236
0.00000660641
0.00000590803
0.00000475458
0.00000422193
0.00000555354
0.00000273391
0.00000346052
0.000000925337
0.00000316349
0.00000158974
0.00000253388
0.00000302112
0.00000218549
0.00000394252
0.00000261498
0.000000409421
0.00000298104
0.00000393623
0.00000415699
0.00000276413
0.00000437866
0.00000483308
0.0000049919
0.00000531613
0.00000550358
0.00000461238
0.00000377755
0.00000443724
0.00000439268
0.00000308557
0.00000398642
0.00000600993
0.00000265434
0.00000201073
0.00000247774
0.00000307404
0.00000283035
0.00000174896
0.00000319947
0.00000184233
0.00000265825
0.00000301052
0.00000105259
0.00000306278
0.00000336631
0.00000216455
0.00000294422
0.00000354092
0.00000591813
0.00000425985
0.0000073866
0.0000126738
0.0000130441
0.0000148846
0.0000153901
0.0000177408
0.0000217472
0.0000262439
0.0000293806
0.0000355003
0.0000422679
0.0000492887
0.0000567018
0.0000705749
0.0000910218
0.000143001
0.000279427
0.000350687
0.000357241
0.000362921
0.00036513
0.000367715
0.00036883
0.000369437
0.000369226
0.00036989
0.000371356
0.000370918
0.00037181
0.000371767
0.000371699
0.000373789
0.000371958
0.000371552
0.000372188
0.000370982
0.000371777
0.000372355
0.000372266
0.000372372
0.000371332
0.000370266
0.000371347
0.000370714
0.000369761
0.000370345
MomentY Data
-0.000121085
-0.000119813
-0.000122039
-0.000123914
-0.000119464
-0.000118637
-0.000122023
-0.000123882
-0.000122309
-0.000121005
-0.000123485
-0.00012188
-0.00012207
-0.000123882
-0.000123072
-0.00012269
-0.000123914
-0.000123564
-0.000123517
-0.000122325
-0.000120433
-0.000122118
-0.000120608
-0.000121673
-0.000121911
-0.000123914
-0.00012242
-0.000123533
-0.000122563
-0.000122356
-0.000120672
-0.000124041
-0.000122881
-0.000119273
-0.000120687
-0.000123278
-0.000120052
-0.000120417
-0.000117636
-0.000120131
-0.000119178
-0.000116412
-0.000116873
-0.000121276
-0.000122039
-0.00012153
-0.000120592
-0.000121514
-0.000118065
-0.000119607
-0.000121498
-0.000120211
-0.000120338
-0.000119845
-0.00012126
-0.000119988
-0.00012029
-0.00011967
-0.000119193
-0.000120354
-0.000118383
-0.000119241
-0.000118494
-0.000118828
-0.000116952
-0.000118176
-0.000121387
-0.000119193
-0.000121816
-0.000122595
-0.000123278
-0.000121212
-0.000119734
-0.000120083
-0.000121832
-0.000120862
-0.000120306
-0.000120131
-0.000119336
-0.000120799
-0.000121117
-0.000120068
-0.000123866
-0.000121148
-0.000121657
-0.000121355
-0.000122023
-0.000121069
-0.000120862
-0.000122261
-0.000121975
-0.000123326
-0.000121768
-0.000118732
-0.000122293
-0.000120894
-0.000120195
-0.000121196
-0.000118176
-0.000121037
-0.000120401
-0.000119591
-0.000120227
-0.00012064
-0.000122245
-0.000121244
-0.00012242
-0.00012296
-0.000120576
-0.00011913
-0.000122213
-0.000121991
-0.000120751
-0.000122976
-0.000121689
-0.000120227
-0.000120656
-0.000122261
-0.000121164
-0.00011905
-0.00011994
-0.00012207
-0.000122786
-0.000123278
-0.00012428
-0.000122897
-0.000123469
-0.000123612
-0.000120624
-0.000119146
-0.00012215
-0.000121276
-0.000122897
-0.00012242
-0.000122007
-0.000121673
-0.000121848
-0.000122849
-0.000123294
-0.000121546
-0.000121387
-0.000122976
-0.000121657
Field Data
499.992
483.336
466.655
449.997
433.339
416.66
399.993
383.325
366.643
350.003
333.333
316.661
299.999
283.33
266.658
249.991
233.332
216.657
199.988
183.324
166.667
150.002
133.339
116.659
99.9996
83.3422
66.6591
49.9984
44.1184
38.2281
32.346
26.4576
20.5823
14.6923
8.81255
2.94101
-2.93867
-8.83102
-14.7196
-20.5977
-26.4781
-32.3647
-38.2435
-44.1151
-50
-66.6662
-83.3377
-100.002
-116.67
-133.332
-150.007
-166.67
-183.339
-200.006
-216.675
-233.338
-250.01
-266.676
-283.332
-300.023
-316.671
-333.347
-349.999
-366.665
-383.35
-399.999
-416.677
-433.327
-450.005
-466.665
-483.34
-500.006
-483.33
-466.675
-449.999
-433.323
-416.669
-399.996
-383.337
-366.674
-350.001
-333.336
-316.661
-299.992
-283.343
-266.666
-250
-233.342
-216.676
-200.014
-183.322
-166.669
-149.999
-133.34
-116.662
-100.005
-83.3329
-66.6707
-50.0065
-44.1178
-38.2303
-32.3534
-26.4786
-20.5912
-14.7129
-8.82602
-2.94618
2.94001
8.83699
14.6901
20.5939
26.471
32.3411
38.2406
44.1158
49.9958
66.6557
83.3354
99.99
116.658
133.328
150.009
166.658
183.33
200.001
216.658
233.331
250.007
266.655
283.324
299.997
316.675
333.339
349.999
366.661
383.335
400.001
416.659
433.327
449.996
466.654
483.334
500.004
Time Data
0
10.421
20.795
31.215
41.59
52.01
62.4
72.79
83.195
93.616
104.006
114.426
124.785
135.19
145.58
155.954
166.359
176.749
187.17
197.559
207.965
218.401
228.806
239.196
249.586
259.991
270.381
280.77
291.144
301.55
311.939
322.345
332.75
343.171
353.56
363.981
374.386
384.776
395.181
405.571
415.945
426.35
436.74
447.13
457.551
467.956
478.392
488.782
499.203
509.593
519.982
530.387
540.793
551.182
561.603
572.009
582.429
592.835
603.256
613.676
624.082
634.487
644.877
655.266
665.703
676.108
686.513
696.919
707.355
717.713
728.103
738.508
748.914
759.319
769.724
780.114
790.519
800.924
811.33
821.766
832.203
842.623
852.998
863.403
873.792
884.182
894.603
904.961
915.336
925.741
936.146
946.583
956.972
967.362
977.783
988.204
998.593
1009
1019.44
1030.87
1041.29
1051.7
1062.13
1072.54
1082.91
1093.32
1103.74
1114.13
1124.56
1134.99
1145.42
1155.81
1166.26
1176.67
1187.09
1197.48
1207.88
1218.31
1228.71
1239.12
1249.54
1259.94
1270.33
1281.8
1292.19
1302.59
1313.01
1323.42
1333.81
1344.25
1354.65
1365.07
1375.48
1385.93
1396.33
1406.79
1417.22
1427.66
1438.05
1448.49
1458.89
1469.31
1479.72
Temperature Data
0
0
0
0
0
0
0
0
0
0
0
0
0
0
0
0
0
0
0
0
0
0
0
0
0
0
0
0
0
0
0
0
0
0
0
0
0
0
0
0
0
0
0
0
0
0
0
0
0
0
0
0
0
0
0
0
0
0
0
0
0
0
0
0
0
0
0
0
0
0
0
0
0
0
0
0
0
0
0
0
0
0
0
0
0
0
0
0
0
0
0
0
0
0
0
0
0
0
0
0
0
0
0
0
0
0
0
0
0
0
0
0
0
0
0
0
0
0
0
0
0
0
0
0
0
0
0
0
0
0
0
0
0
0
0
0
0
0
0
0
0
0
0
Angle Data
0
0
0
0
0
0
0
0
0
0
0
0
0
0
0
0
0
0
0
0
0
0
0
0
0
0
0
0
0
0
0
0
0
0
0
0
0
0
0
0
0
0
0
0
0
0
0
0
0
0
0
0
0
0
0
0
0
0
0
0
0
0
0
0
0
0
0
0
0
0
0
0
0
0
0
0
0
0
0
0
0
0
0
0
0
0
0
0
0
0
0
0
0
0
0
0
0
0
0
0
0
0
0
0
0
0
0
0
0
0
0
0
0
0
0
0
0
0
0
0
0
0
0
0
0
0
0
0
0
0
0
0
0
0
0
0
0
0
0
0
0
0
0
Bx Data
0
0
0
0
0
0
0
0
0
0
0
0
0
0
0
0
0
0
0
0
0
0
0
0
0
0
0
0
0
0
0
0
0
0
0
0
0
0
0
0
0
0
0
0
0
0
0
0
0
0
0
0
0
0
0
0
0
0
0
0
0
0
0
0
0
0
0
0
0
0
0
0
0
0
0
0
0
0
0
0
0
0
0
0
0
0
0
0
0
0
0
0
0
0
0
0
0
0
0
0
0
0
0
0
0
0
0
0
0
0
0
0
0
0
0
0
0
0
0
0
0
0
0
0
0
0
0
0
0
0
0
0
0
0
0
0
0
0
0
0
0
0
0
Hint Data
0
0
0
0
0
0
0
0
0
0
0
0
0
0
0
0
0
0
0
0
0
0
0
0
0
0
0
0
0
0
0
0
0
0
0
0
0
0
0
0
0
0
0
0
0
0
0
0
0
0
0
0
0
0
0
0
0
0
0
0
0
0
0
0
0
0
0
0
0
0
0
0
0
0
0
0
0
0
0
0
0
0
0
0
0
0
0
0
0
0
0
0
0
0
0
0
0
0
0
0
0
0
0
0
0
0
0
0
0
0
0
0
0
0
0
0
0
0
0
0
0
0
0
0
0
0
0
0
0
0
0
0
0
0
0
0
0
0
0
0
0
0
0
Torque Data
-0.06054153132
-0.057909936168
-0.056950109545
-0.055760928258
-0.051768410296
-0.04943129242
-0.048808345839
-0.04748706765
-0.044843738687
-0.042352113015
-0.041161625505
-0.03859464268
-0.03662087793
-0.03509948706
-0.032818133376
-0.03067139579
-0.028913101448
-0.026771005548
-0.024701917796
-0.0224251083
-0.020072206811
-0.018317944236
-0.016081750112
-0.014194250507
-0.0121910512356
-0.0103272653708
-0.008160407022
-0.0061764523472
-0.0054072834592
-0.0046774374036
-0.003903256512
-0.0032818271616
-0.0025291736063
-0.0017523946979
-0.00106356022185
-0.00036256183078
0.00035279321084
0.00106340493534
0.0017315548656
0.0024744222987
0.0031556070018
0.0037676394564
0.0044696325755
0.0053501028676
0.00610195
0.008101943286
0.0100498599184
0.012151643028
0.01377464355
0.015947440524
0.018225550486
0.02003556737
0.022062648582
0.02396971907
0.0262740105
0.027997759944
0.0300737029
0.03191311692
0.033771191076
0.036108968142
0.037488462993
0.039748629627
0.041472781506
0.04357006862
0.0448335492
0.047270281824
0.050579170999
0.051649545111
0.05481780908
0.057210795675
0.05958518852
0.060606727272
0.05787103422
0.056039734025
0.054824278168
0.052372284426
0.050127780714
0.048051919476
0.045745904232
0.044293852526
0.042391071117
0.040022986848
0.039223531426
0.036343430816
0.034470659351
0.03236125243
0.03050575
0.028250482598
0.026187894712
0.024453911654
0.02236070095
0.020554621094
0.018265078232
0.01583172488
0.014266945966
0.01209000447
0.0100161979155
0.0080802221572
0.005909568144
0.0053398861586
0.0046029663503
0.0038691754594
0.0031834426422
0.002484122368
0.0017985784605
0.00107010196888
0.0003606713556
-0.0003615036296
-0.00106552890624
-0.001750031613
-0.0025168423007
-0.003229223761
-0.0039052201661
-0.0047026760256
-0.0053684075862
-0.0060108450466
-0.0080424101392
-0.0101886693394
-0.01211518836
-0.0138881349
-0.01599136032
-0.01831159863
-0.020463269188
-0.02260055574
-0.02485612428
-0.026626618226
-0.028809145239
-0.030903865284
-0.03216499272
-0.033756921304
-0.03664463355
-0.0384050773
-0.040966363083
-0.04284687758
-0.044735208627
-0.046641519455
-0.048739321848
-0.051186141491
-0.053426619138
-0.054695213816
-0.056645729098
-0.059438481984
-0.060828986628
dMdH Data
-1.06207973102785E-07
1.0604879803369E-07
-8.47040461039737E-08
5.37879697442645E-08
-3.39948438155755E-08
-1.37997240055095E-09
1.36789056875425E-08
-1.30140270950724E-07
8.36538461538472E-08
-6.41271745650887E-08
1.13723608445296E-07
-8.66642659944766E-08
5.7591937128798E-09
-8.4213051823416E-08
1.93196136077263E-08
4.39402124977509E-08
5.27136431784086E-08
-7.99088127662123E-08
2.36377820451273E-07
-2.32754997898781E-07
1.07530753075309E-07
1.5183340334872E-08
7.06235011990413E-08
3.62558075320854E-08
5.99733451799206E-08
1.98883900474131E-07
2.02332435011735E-07
2.06972789115642E-07
3.91321324890078E-07
2.88332398293123E-07
4.82983492969228E-07
7.47536296018924E-07
8.88794567062823E-07
7.79965134572048E-07
8.53779417324927E-07
9.28621965821268E-07
1.6319465069115E-06
2.21666344008233E-06
3.47323114611864E-06
8.18600775457452E-06
2.12951449053783E-05
1.50347690004763E-05
1.04225424075209E-06
4.07653486040545E-07
3.86306416579664E-07
4.63545571784185E-09
1.85783381240136E-07
4.18994480441564E-08
6.92263833873485E-08
3.19430284857571E-08
-7.99141811198464E-08
1.69154118423421E-07
-4.35957280854383E-08
1.52089687443758E-07
-1.34318730120627E-07
9.43947936660269E-08
-5.66506660266411E-08
-2.92531219980788E-08
5.00647055299262E-08
-1.05540004805382E-07
7.96078196210123E-08
1.32450096084554E-07
-1.54303312132485E-07
-5.72484267305963E-08
-1.32596552345486E-08
8.35148099292481E-08
-9.69687687687689E-08
-2.72466722628613E-08
-9.53301320528209E-09
-1.94440779610196E-08
-1.12474498979959E-08
-5.3442072439434E-08
-5.01248874211949E-08
3.95592468217798E-08
-2.6721036219717E-09
-7.84862495496577E-08
5.40304684219996E-08
1.21466474578306E-07
-2.01379703534778E-07
-3.86019312661189E-08
2.80234023402341E-08
3.576011994003E-08
-1.46193532905393E-08
-6.49522493843474E-08
8.69766744618336E-08
-8.14316572662907E-08
4.89806699483732E-08
2.11370454818192E-08
-1.17508702436682E-07
1.20428348909657E-07
1.8226745931664E-08
-7.20911817636472E-08
4.68017287952458E-08
3.57776711835952E-08
1.42715374917452E-07
-9.94643746138758E-08
1.87655291618154E-07
3.17278957285678E-07
6.28831490821402E-08
3.12611464968153E-07
8.60147356599569E-08
4.00132770477293E-07
6.8050412745864E-07
7.64966061616454E-07
5.32828934851738E-07
1.04079362703747E-06
1.14974202327822E-06
1.19057551492459E-06
1.26652326711782E-06
2.34985941258173E-06
3.47907981827772E-06
8.85490877497828E-06
2.31250105941181E-05
1.21289488017429E-05
1.11462585034013E-06
3.40938420998925E-07
1.3243643470806E-07
1.55212373758601E-07
6.68946484281252E-08
3.64127174565097E-08
-1.26491217552914E-08
3.9882275211724E-08
8.79318618042219E-08
-2.62731689760669E-08
5.35510596145768E-08
-2.57901997240882E-09
-4.07771647877107E-09
1.25540605478136E-07
-1.09844621752957E-07
-2.43507467162476E-08
3.81340688331958E-08
-7.23715794527134E-08
4.77190876350536E-08
3.46897131196732E-08
-5.33765143336884E-09
6.36025441017572E-09
-6.24324648817387E-08
-6.395488360931E-08
6.4850920871078E-08
-3.79997598751346E-08
-5.71342925659466E-08
3.50329934013185E-08
3.50329934013185E-08
dMdT Data
0
0
0
0
0
0
0
0
0
0
0
0
0
0
0
0
0
0
0
0
0
0
0
0
0
0
0
0
0
0
0
0
0
0
0
0
0
0
0
0
0
0
0
0
0
0
0
0
0
0
0
0
0
0
0
0
0
0
0
0
0
0
0
0
0
0
0
0
0
0
0
0
0
0
0
0
0
0
0
0
0
0
0
0
0
0
0
0
0
0
0
0
0
0
0
0
0
0
0
0
0
0
0
0
0
0
0
0
0
0
0
0
0
0
0
0
0
0
0
0
0
0
0
0
0
0
0
0
0
0
0
0
0
0
0
0
0
0
0
0
0
0
0
 
*********************************************** Results ***************************************
 
TotalArea 0.019830366663089
AreaFirstQuad 1.08913978888594E-02
AreaSecondQuad 8.93896877422957E-03
AreaThirdQuad 0
AreaFourthQuad 0
Coercivity 0
PositiveCoercivity 0
NegativeCoercivity 0
Retentivity 1.46771133279079E-04
PositiveRetentivity 3.324299135123E-04
NegativeRetentivity 3.88876469541418E-05
Magnetization 0.000374627
PositiveMagnetization 0.000374627
NegativeMagnetization 0.000000409421
Flatness -1.26495432777097
Squareness 0.391779378632824
SStar 0
SFD1 0
SFD2 0
Slope 0
Intercept 0
SlopeAtHc 3.50329934013185E-08
dH1 4.88105714409146
dH2 11.7683
InitialSlope -1.06207973102785E-07
FieldAtHalfMs 0
FieldAtMs 266.658
MomentMean 1.86700909006993E-04
MomentRMS 1.76185234017032E-04
SFD3 0
dH3 -535.011735843065
UserField1 0
UserField2 0
CenterField 0
ExchangeField 0
ExchangeMoment 0
ExRegionOneIntercept 0
ExRegionOneSlope 0
ExRegionTwoIntercept 0
ExRegionTwoSlope 0
NegativeIntercept 0
NegativeSlope 0
AutoCenterOffset 0
PinningField 0
PinningMoment 0
PinRegionOneIntercept 0
PinRegionOneSlope 0
PinRegionTwoIntercept 0
PinRegionTwoSlope 0
PositiveIntercept 0
PositiveSlope 0
TotalOffset 0
BHMax 0
BCoercivity 0
BRetentivity 0
BNegativeCoercivity 0
BPositiveCoercivity 0
BNegativeRetentivity 0
BPositiveRetentivity 0
MomentYMean -1.21224125874126E-04
MomentYRMS 1.64074572905871E-06
YOffCorrection 0
Mrt 0
Ms1 0
Ms2 0
Ms3 0
Hc2 0
Hex2 0
HsatValue 0
HsatIntercept 0
HsatSlope 0
CenterH 0
Span .000374217579
SpanAsPercentOfRange -28.7859676153846
RMSAsPercentOfRange -13.5527103090024
SpanAsPercentOfMean 200.436934662157
RMSAsPercentOfMean 94.3676358910671
