Version 1.25
******************************************** Units *******************************************
System CGS
TemperatureUnit K
MomentUnit emu
AppliedFieldUnit G
 
******************************************** Setup ********************************************
 
Experiment CustomField
Minor False
Acquisition PointByPoint
EditedPoint No
MaxField 500
FieldIncrement 16.6666666666667
Points 143
MinField 0
RampRate 500
AverageTime 3
TimeInterval 0
TimeConstant 0.3
TimeConstantIndex 1
Sensitivity -0.0013
SensitivityIndex 5
SensitivityY -4
SensitivityIndexY 0
SaturationField 8000
ExperimentTime 429
Use735Domains False
AutoRangeEnabled False
NumberOfVertices 7
VertexPts
0
27
44
71
98
115
142
VertexField
500
50
-50
-500
-50
50
500
StartAngle 0
EndAngle 0
AngleIncrement 0
StartTemp 0
FinishTemp 0
TempIncrement 0
TempPoints 0
LengthofSetPointsArray 143
SetPointArray
500
483.333333333333
466.666666666667
450
433.333333333333
416.666666666667
400
383.333333333333
366.666666666667
350
333.333333333333
316.666666666666
300
283.333333333333
266.666666666666
250
233.333333333333
216.666666666666
200
183.333333333333
166.666666666666
150
133.333333333333
116.666666666666
99.9999999999998
83.3333333333331
66.6666666666665
50
44.1176470588235
38.2352941176471
32.3529411764706
26.4705882352941
20.5882352941176
14.7058823529412
8.8235294117647
2.94117647058823
-2.94117647058824
-8.82352941176471
-14.7058823529412
-20.5882352941177
-26.4705882352941
-32.3529411764706
-38.2352941176471
-44.1176470588235
-50
-66.6666666666667
-83.3333333333333
-100
-116.666666666667
-133.333333333333
-150
-166.666666666667
-183.333333333333
-200
-216.666666666667
-233.333333333333
-250
-266.666666666667
-283.333333333333
-300
-316.666666666667
-333.333333333333
-350
-366.666666666667
-383.333333333333
-400
-416.666666666667
-433.333333333333
-450
-466.666666666667
-483.333333333334
-500
-483.333333333333
-466.666666666667
-450
-433.333333333333
-416.666666666667
-400
-383.333333333333
-366.666666666667
-350
-333.333333333333
-316.666666666666
-300
-283.333333333333
-266.666666666666
-250
-233.333333333333
-216.666666666666
-200
-183.333333333333
-166.666666666666
-150
-133.333333333333
-116.666666666666
-99.9999999999998
-83.3333333333331
-66.6666666666665
-50
-44.1176470588235
-38.2352941176471
-32.3529411764706
-26.4705882352941
-20.5882352941176
-14.7058823529412
-8.8235294117647
-2.94117647058823
2.94117647058824
8.82352941176471
14.7058823529412
20.5882352941177
26.4705882352941
32.3529411764706
38.2352941176471
44.1176470588235
50
66.6666666666667
83.3333333333333
100
116.666666666667
133.333333333333
150
166.666666666667
183.333333333333
200
216.666666666667
233.333333333333
250
266.666666666667
283.333333333333
300
316.666666666667
333.333333333333
350
366.666666666667
383.333333333333
400
416.666666666667
433.333333333333
450
466.666666666667
483.333333333334
500
FieldDomainFile c:\Ideasvsm\Default UserID\Experiments\Jason_500G\fdomain.ini
TempDomainFile c:\Ideasvsm\Default UserID\Experiments\Jason_500G\tdomain.ini
NumSelectedResults 0
ResultsSelected 
UserName1 
UserValue1 
UserName2 
UserValue2 
LinearBackgroundCorrection Off
MaxLinearFieldCorrection 
MinLinearFieldCorrection 
AutoLinearCorrection Off
FitOneRegion Off
BackgroundMode Off
BackgroundFilename 
AutoCenter Off
OffsetCorrection 
SmoothDeriv Off
DerivOrder 0
DerivPoints 0
MinExFieldOne 
MaxExFieldOne 
MinExFieldTwo 
MaxExFieldTwo 
MinPinFieldOne 
MaxPinFieldOne 
MinPinFieldTwo 
MaxPinFieldTwo 
HCenterStart 
Mass 
Volume 
Density 
MolarWeight 
NumberOfMoles 
Demagnetization 
SampleArea 
Thickness 
MomentScaling 0
XAxis 0
YAxis 0
SimpleSpinValve False
HsatMax 0
HsatMin 0
FieldAutoRange False
 
*************************************************** Experiment Data ********************************************
 
DataPoints 143
MomentX Data
0.000595927
0.000597379
0.000597737
0.000595477
0.000597203
0.000596783
0.000599961
0.00059858
0.000599836
0.000598283
0.000600334
0.000599875
0.000598578
0.000598913
0.000599732
0.000598008
0.000601854
0.000598383
0.000601156
0.000601159
0.000600257
0.000599574
0.000600026
0.00059852
0.000597071
0.000594577
0.000590276
0.000582866
0.000576824
0.000572177
0.000563956
0.000550055
0.000536151
0.000513862
0.000490937
0.00047137
0.000449607
0.000423502
0.000376015
-0.0000579564
-0.000161561
-0.000177112
-0.00018794
-0.000194626
-0.000199088
-0.000207452
-0.000212067
-0.000215089
-0.000218037
-0.000219756
-0.000221795
-0.000222661
-0.000220888
-0.000223213
-0.000222204
-0.000223677
-0.000223214
-0.000223537
-0.000223987
-0.000224422
-0.000224082
-0.000223656
-0.000223898
-0.00022333
-0.000225272
-0.000225345
-0.000223929
-0.000222908
-0.000222435
-0.000221932
-0.000222833
-0.000223671
-0.000223798
-0.000223844
-0.000224493
-0.000224532
-0.000225216
-0.000225572
-0.000224748
-0.00022473
-0.00022401
-0.000226716
-0.000226986
-0.000225194
-0.00022749
-0.000225842
-0.000227702
-0.000225905
-0.000226611
-0.000228762
-0.000226451
-0.000227514
-0.000228109
-0.000225872
-0.000224911
-0.000223729
-0.000222349
-0.000219751
-0.000211509
-0.000206793
-0.000204131
-0.000198156
-0.00018716
-0.000175924
-0.000159772
-0.00013838
-0.000117358
-0.0000972754
-0.0000763557
-0.0000470031
0.00000499876
0.00046062
0.000536904
0.00055345
0.000562202
0.000569293
0.000578879
0.000583757
0.000588486
0.000589149
0.000594172
0.000596264
0.000594743
0.000595232
0.00059596
0.000597078
0.000598203
0.00059769
0.000596872
0.000598117
0.000598627
0.00059819
0.000597109
0.000597841
0.000597372
0.000596937
0.000598774
0.000597012
0.000597813
0.000598708
0.000596974
0.00059625
0.000597245
MomentY Data
-0.000114965
-0.000115999
-0.000115633
-0.000114806
-0.000113599
-0.000117874
-0.000114902
-0.000116873
-0.000115029
-0.000117302
-0.000117318
-0.000115697
-0.000116078
-0.00011495
-0.000116221
-0.000115903
-0.00011576
-0.000117302
-0.000116316
-0.000117985
-0.000116857
-0.000114854
-0.000114965
-0.000115077
-0.00011584
-0.000113376
-0.000113853
-0.000114902
-0.000113106
-0.000115569
-0.000115045
-0.000114759
-0.000114981
-0.000111453
-0.000113058
-0.000112089
-0.000110912
-0.000111802
-0.000112629
-0.000111596
-0.000113471
-0.000112184
-0.000112693
-0.000111628
-0.000115267
-0.000113201
-0.000112152
-0.000111914
-0.000112915
-0.000112502
-0.000115156
-0.000112677
-0.000109879
-0.000110992
-0.000111771
-0.000112899
-0.000112979
-0.000114536
-0.000115204
-0.000112756
-0.000113455
-0.000112565
-0.000113233
-0.000114441
-0.000114934
-0.000112089
-0.000111198
-0.000113821
-0.00011212
-0.000114457
-0.000113042
-0.000114012
-0.000115824
-0.000115426
-0.000114457
-0.000114489
-0.000112534
-0.000112995
-0.000112899
-0.000111993
-0.000113471
-0.000112279
-0.000113805
-0.00011363
-0.000115426
-0.000113106
-0.000116841
-0.000115188
-0.000114028
-0.000114934
-0.000114902
-0.000112311
-0.000114552
-0.000114632
-0.000111214
-0.000113519
-0.000111485
-0.000114044
-0.000114616
-0.000115124
-0.000115903
-0.000113916
-0.000115236
-0.000114282
-0.000114441
-0.000115744
-0.000114393
-0.000111707
-0.00011371
-0.00011514
-0.000114854
-0.000116285
-0.00011638
-0.00011754
-0.000117906
-0.000117652
-0.000117016
-0.000115569
-0.000114441
-0.000116412
-0.000118144
-0.000116444
-0.000116936
-0.000117731
-0.000115887
-0.00011611
-0.000113805
-0.000115935
-0.000116762
-0.00011905
-0.00011638
-0.000116841
-0.000118462
-0.000117985
-0.000114457
-0.000118987
-0.000114616
-0.000114568
-0.000113519
-0.000117461
-0.000118001
-0.000114346
-0.000115935
Field Data
500
483.325
466.657
450.008
433.323
416.661
399.988
383.319
366.655
349.989
333.327
316.657
299.993
283.323
266.668
249.99
233.336
216.672
199.997
183.325
166.665
149.996
133.332
116.671
99.9982
83.3431
66.6797
49.9864
44.1065
38.2306
32.354
26.4722
20.5869
14.6926
8.82153
2.94201
-2.94993
-8.82877
-14.7194
-20.6042
-26.4761
-32.3629
-38.2202
-44.1281
-50.0047
-66.6709
-83.3307
-100.018
-116.669
-133.335
-150.006
-166.672
-183.342
-200.007
-216.668
-233.342
-250.002
-266.683
-283.343
-300.016
-316.67
-333.341
-350.005
-366.677
-383.343
-400.004
-416.674
-433.337
-449.993
-466.677
-483.338
-500.013
-483.341
-466.674
-450.002
-433.332
-416.68
-400.001
-383.336
-366.671
-349.999
-333.342
-316.668
-300.01
-283.341
-266.667
-250.005
-233.329
-216.656
-199.998
-183.334
-166.675
-150.006
-133.329
-116.677
-100.002
-83.3377
-66.6642
-50.0165
-44.1204
-38.2272
-32.3637
-26.4658
-20.5947
-14.7064
-8.81401
-2.93692
2.93926
8.81355
14.7016
20.5884
26.4688
32.3376
38.2309
44.1157
49.9843
66.6606
83.3508
100.004
116.671
133.323
149.982
166.661
183.337
199.995
216.652
233.342
249.998
266.661
283.325
299.987
316.672
333.342
350.001
366.665
383.326
399.997
416.672
433.339
449.99
466.662
483.337
499.997
Time Data
0
10.421
20.81
31.2
41.59
52.011
62.385
72.79
83.195
93.569
103.975
114.333
124.738
135.128
145.502
155.892
166.313
176.687
187.045
197.435
207.809
218.214
228.619
238.993
249.399
259.804
270.194
280.63
291.051
301.425
311.799
322.204
332.61
342.999
353.405
363.779
374.168
384.605
395.057
405.462
415.867
426.273
436.678
447.099
457.488
467.909
478.33
488.751
499.156
509.562
519.982
530.372
540.793
551.214
561.619
572.071
582.461
592.882
603.256
613.692
624.113
634.487
644.877
655.282
665.703
676.108
686.467
696.872
707.293
717.714
729.102
739.491
749.928
760.333
770.738
781.144
791.549
801.954
812.344
823.794
834.215
844.621
856.055
866.476
876.913
887.318
897.754
908.16
918.581
929.017
939.422
949.828
960.217
970.623
981.059
991.464
1001.87
1012.26
1022.68
1033.08
1043.47
1053.86
1064.29
1074.69
1085.1
1095.49
1105.91
1116.3
1127.75
1138.17
1148.57
1159.01
1169.41
1179.79
1190.18
1200.6
1211.02
1221.49
1231.88
1242.28
1252.69
1263.08
1273.45
1283.84
1294.23
1304.62
1315.04
1325.45
1335.88
1346.27
1356.68
1367.11
1377.5
1387.89
1398.3
1408.69
1419.11
1429.51
1439.9
1450.28
1460.7
1471.09
1481.49
Temperature Data
0
0
0
0
0
0
0
0
0
0
0
0
0
0
0
0
0
0
0
0
0
0
0
0
0
0
0
0
0
0
0
0
0
0
0
0
0
0
0
0
0
0
0
0
0
0
0
0
0
0
0
0
0
0
0
0
0
0
0
0
0
0
0
0
0
0
0
0
0
0
0
0
0
0
0
0
0
0
0
0
0
0
0
0
0
0
0
0
0
0
0
0
0
0
0
0
0
0
0
0
0
0
0
0
0
0
0
0
0
0
0
0
0
0
0
0
0
0
0
0
0
0
0
0
0
0
0
0
0
0
0
0
0
0
0
0
0
0
0
0
0
0
0
Angle Data
0
0
0
0
0
0
0
0
0
0
0
0
0
0
0
0
0
0
0
0
0
0
0
0
0
0
0
0
0
0
0
0
0
0
0
0
0
0
0
0
0
0
0
0
0
0
0
0
0
0
0
0
0
0
0
0
0
0
0
0
0
0
0
0
0
0
0
0
0
0
0
0
0
0
0
0
0
0
0
0
0
0
0
0
0
0
0
0
0
0
0
0
0
0
0
0
0
0
0
0
0
0
0
0
0
0
0
0
0
0
0
0
0
0
0
0
0
0
0
0
0
0
0
0
0
0
0
0
0
0
0
0
0
0
0
0
0
0
0
0
0
0
0
Bx Data
0
0
0
0
0
0
0
0
0
0
0
0
0
0
0
0
0
0
0
0
0
0
0
0
0
0
0
0
0
0
0
0
0
0
0
0
0
0
0
0
0
0
0
0
0
0
0
0
0
0
0
0
0
0
0
0
0
0
0
0
0
0
0
0
0
0
0
0
0
0
0
0
0
0
0
0
0
0
0
0
0
0
0
0
0
0
0
0
0
0
0
0
0
0
0
0
0
0
0
0
0
0
0
0
0
0
0
0
0
0
0
0
0
0
0
0
0
0
0
0
0
0
0
0
0
0
0
0
0
0
0
0
0
0
0
0
0
0
0
0
0
0
0
Hint Data
0
0
0
0
0
0
0
0
0
0
0
0
0
0
0
0
0
0
0
0
0
0
0
0
0
0
0
0
0
0
0
0
0
0
0
0
0
0
0
0
0
0
0
0
0
0
0
0
0
0
0
0
0
0
0
0
0
0
0
0
0
0
0
0
0
0
0
0
0
0
0
0
0
0
0
0
0
0
0
0
0
0
0
0
0
0
0
0
0
0
0
0
0
0
0
0
0
0
0
0
0
0
0
0
0
0
0
0
0
0
0
0
0
0
0
0
0
0
0
0
0
0
0
0
0
0
0
0
0
0
0
0
0
0
0
0
0
0
0
0
0
0
0
Torque Data
-0.0574825
-0.056065216675
-0.053960948881
-0.051663618448
-0.049225059477
-0.049113498714
-0.045959421176
-0.044799641487
-0.042175957995
-0.041054409678
-0.039105256986
-0.036636264929
-0.034822587454
-0.03256797885
-0.030992421628
-0.02897459097
-0.02701097536
-0.025416058944
-0.023262851052
-0.021629600125
-0.019475971905
-0.017227640584
-0.01532851338
-0.013426148667
-0.011583791488
-0.0094491073056
-0.0075916838841
-0.0057435373328
-0.004988709789
-0.0044182722114
-0.00372216593
-0.0030379231998
-0.0023671023489
-0.0016375343478
-0.00099734453874
-0.00032976695889
0.00032718263616
0.00098707414354
0.0016578313026
0.0022993463032
0.0030042695431
0.0036305995736
0.0043071489986
0.0049259315468
0.0057638917549
0.0075472125509
0.0093457046664
0.011193414452
0.013173680135
0.01500045417
0.017274090936
0.018780100944
0.020145435618
0.022199176944
0.024217199028
0.026344078458
0.028244975958
0.030544804088
0.032642246972
0.033828604096
0.03592779485
0.037522529665
0.039632116165
0.041962882557
0.044059144362
0.044836048356
0.046333315452
0.049322850677
0.05045321516
0.053414449389
0.054637494196
0.057007482156
0.055982487984
0.053866313124
0.051505878914
0.049611747348
0.04689066712
0.045198112995
0.043278251064
0.041064585303
0.039714736529
0.037427306418
0.03603840174
0.0340901363
0.032704918266
0.030161637702
0.029210834205
0.026876700852
0.024704850368
0.022986570132
0.021065443268
0.018719435925
0.017183487312
0.015283769928
0.012976115878
0.011352127038
0.0092909034845
0.0076026520248
0.005732691164
0.0050793169296
0.0044306471616
0.0036867432492
0.0030498129288
0.0023536035054
0.0016830151224
0.00102016877344
0.00033596308956
-0.00032833591682
-0.0010021887705
-0.001692742224
-0.0023646600936
-0.003077924408
-0.003763449888
-0.004493659986
-0.0052015057242
-0.0058807528636
-0.0078003567696
-0.0096327686052
-0.011444557764
-0.013581904452
-0.015751312512
-0.017464504008
-0.019488670696
-0.021584448347
-0.023176820565
-0.02515546372
-0.02655548631
-0.02898351813
-0.031135871682
-0.03372984125
-0.03491248706
-0.037000273152
-0.039488360004
-0.041294867985
-0.041967375905
-0.045610810762
-0.045846056152
-0.047737277696
-0.049192209941
-0.05285627539
-0.055066582662
-0.055267652602
-0.057967152195
dMdH Data
-8.70764617691145E-08
-2.14782817374609E-08
1.35743888521834E-07
-1.03446209169917E-07
2.52070579762333E-08
-1.9060756912373E-07
8.28484012238259E-08
-7.53720595295206E-08
9.31837273490909E-08
-1.23094466450605E-07
2.75344931013775E-08
7.78324531925132E-08
-2.00959808038369E-08
-4.91744220954665E-08
1.03369708598149E-07
-2.30935510988348E-07
2.08293326932309E-07
-1.66296851574218E-07
-1.79942418422433E-10
5.4141656662665E-08
4.09742636030968E-08
-2.71243398943872E-08
9.03907328491734E-08
8.69080178494277E-08
1.49743922282065E-07
2.58110589675574E-07
4.43890662720973E-07
1.02756849606287E-06
7.90857570755116E-07
1.39893816152197E-06
2.36339215886293E-06
2.36249638930896E-06
3.78144987530326E-06
3.90473968118248E-06
3.32799276131385E-06
3.69369002399889E-06
4.44050186771539E-06
8.06144673829455E-06
7.37444603045133E-05
1.76441356290128E-05
2.64167289529116E-06
1.8486333293497E-06
1.13170500516258E-06
7.59282578361638E-07
5.01854051913455E-07
2.77014129821486E-07
1.81095803395396E-07
1.77046423638221E-07
1.0314412576503E-07
1.22308199868035E-07
5.19620784831394E-08
-1.06358728254349E-07
1.39513951395139E-07
-6.05605906008045E-08
8.83411299028438E-08
-2.77911164465786E-08
1.93633475211312E-08
2.70108043217293E-08
2.60900857674079E-08
-2.04155157920027E-08
-2.5553356127406E-08
1.45223235717708E-08
-3.40690978886755E-08
1.1652466098644E-07
4.38148970650087E-09
-8.49430113977216E-08
-6.12734801656366E-08
-2.8398174831892E-08
-3.01486454087751E-08
5.40783866514621E-08
5.02548725637179E-08
-7.61756238003803E-09
-2.75994480110515E-09
-3.89275431861805E-08
-2.33953209358072E-09
-4.10761470093688E-08
-2.13442052880865E-08
4.9444944494449E-08
1.08010801080182E-09
4.31861804222654E-08
-1.624542234496E-07
-1.6192875134942E-08
1.07575939488534E-07
-1.37740716299718E-07
9.8836511934749E-08
-1.11631256751891E-07
1.07759654593428E-07
-4.23439093144591E-08
-1.29127146115981E-07
1.38682189150265E-07
-6.38093523020598E-08
-3.56950026996214E-08
1.34136835162199E-07
5.77107854912327E-08
7.08845577211388E-08
8.28117592698174E-08
1.55816115392689E-07
4.95083404914793E-07
7.99850748800051E-07
4.51707052195753E-07
1.01901594610727E-06
1.8643924108581E-06
1.91378106317385E-06
2.74306675950614E-06
3.63044537106335E-06
3.5769402884761E-06
3.4176284593052E-06
3.56123037847978E-06
4.98511391717122E-06
8.83363796969491E-06
7.74813346030882E-05
1.29982279171211E-05
2.80759506558295E-06
1.48722131593257E-06
1.20829499369526E-06
5.74827749560755E-07
2.92267318546209E-07
2.83969447313434E-07
3.9779204415907E-08
3.01645447994238E-07
1.25577765772254E-07
-9.11925175370218E-08
2.93235787958744E-08
4.37027254172151E-08
6.71189289788101E-08
6.74056321150348E-08
-3.07997118155587E-08
-4.90907999759933E-08
7.47119539126248E-08
3.06085703997123E-08
-2.61911896913425E-08
-6.48470305938813E-08
4.3940212497751E-08
-2.81445031204999E-08
-2.61088770181873E-08
1.1019135024894E-07
-1.05667166416797E-07
4.80590388192258E-08
5.37505254939641E-08
-1.04006717850287E-07
-4.34182908545736E-08
5.97238895558255E-08
5.97238895558255E-08
dMdT Data
0
0
0
0
0
0
0
0
0
0
0
0
0
0
0
0
0
0
0
0
0
0
0
0
0
0
0
0
0
0
0
0
0
0
0
0
0
0
0
0
0
0
0
0
0
0
0
0
0
0
0
0
0
0
0
0
0
0
0
0
0
0
0
0
0
0
0
0
0
0
0
0
0
0
0
0
0
0
0
0
0
0
0
0
0
0
0
0
0
0
0
0
0
0
0
0
0
0
0
0
0
0
0
0
0
0
0
0
0
0
0
0
0
0
0
0
0
0
0
0
0
0
0
0
0
0
0
0
0
0
0
0
0
0
0
0
0
0
0
0
0
0
0
 
*********************************************** Results ***************************************
 
TotalArea 2.71860274666915E-02
AreaFirstQuad 1.42043077211962E-02
AreaSecondQuad 6.41135760141162E-03
AreaThirdQuad 5.38324321786009E-03
AreaFourthQuad 1.1871189262236E-03
Coercivity 19.920406816176
PositiveCoercivity 20.0225221570152
NegativeCoercivity -19.8182914753369
Retentivity 2.83911912818896E-04
PositiveRetentivity 4.60503127012495E-04
NegativeRetentivity -1.07320698625297E-04
Magnetization 0.000415308
PositiveMagnetization 0.000601854
NegativeMagnetization -0.000228762
Flatness -0.267028453141313
Squareness 0.683617731464109
SStar 0.806733754122444
SFD1 0.903366877061222
SFD2 12.771470349361
Slope 0
Intercept 0
SlopeAtHc 7.37444603045133E-05
dH1 1.92497112085801
dH2 254.412885
InitialSlope -8.70764617691145E-08
FieldAtHalfMs 0
FieldAtMs 233.336
MomentMean 1.84471854265734E-04
MomentRMS 3.94569899275885E-04
SFD3 0.624925174112185
dH3 7.47164311819166
UserField1 0
UserField2 0
CenterField 0
ExchangeField 0
ExchangeMoment 0
ExRegionOneIntercept 0
ExRegionOneSlope 0
ExRegionTwoIntercept 0
ExRegionTwoSlope 0
NegativeIntercept 0
NegativeSlope 0
AutoCenterOffset 0
PinningField 0
PinningMoment 0
PinRegionOneIntercept 0
PinRegionOneSlope 0
PinRegionTwoIntercept 0
PinRegionTwoSlope 0
PositiveIntercept 0
PositiveSlope 0
TotalOffset 0
BHMax 0
BCoercivity 0
BRetentivity 0
BNegativeCoercivity 0
BPositiveCoercivity 0
BNegativeRetentivity 0
BPositiveRetentivity 0
MomentYMean -1.14615321678322E-04
MomentYRMS 1.92581962650257E-06
YOffCorrection 0
Mrt 0
Ms1 0
Ms2 0
Ms3 0
Hc2 0
Hex2 0
HsatValue 0
HsatIntercept 0
HsatSlope 0
CenterH 0
Span .000830616
SpanAsPercentOfRange -63.8935384615385
RMSAsPercentOfRange -30.3515307135296
SpanAsPercentOfMean 450.267062856909
RMSAsPercentOfMean 213.891653470075
