Version 1.25
******************************************** Units *******************************************
System CGS
TemperatureUnit K
MomentUnit emu
AppliedFieldUnit G
 
******************************************** Setup ********************************************
 
Experiment CustomField
Minor False
Acquisition PointByPoint
EditedPoint No
MaxField 500
FieldIncrement 16.6666666666667
Points 143
MinField 0
RampRate 500
AverageTime 3
TimeInterval 0
TimeConstant 0.3
TimeConstantIndex 1
Sensitivity -0.0013
SensitivityIndex 5
SensitivityY -4
SensitivityIndexY 0
SaturationField 8000
ExperimentTime 429
Use735Domains False
AutoRangeEnabled False
NumberOfVertices 7
VertexPts
0
27
44
71
98
115
142
VertexField
500
50
-50
-500
-50
50
500
StartAngle 0
EndAngle 0
AngleIncrement 0
StartTemp 0
FinishTemp 0
TempIncrement 0
TempPoints 0
LengthofSetPointsArray 143
SetPointArray
500
483.333333333333
466.666666666667
450
433.333333333333
416.666666666667
400
383.333333333333
366.666666666667
350
333.333333333333
316.666666666666
300
283.333333333333
266.666666666666
250
233.333333333333
216.666666666666
200
183.333333333333
166.666666666666
150
133.333333333333
116.666666666666
99.9999999999998
83.3333333333331
66.6666666666665
50
44.1176470588235
38.2352941176471
32.3529411764706
26.4705882352941
20.5882352941176
14.7058823529412
8.8235294117647
2.94117647058823
-2.94117647058824
-8.82352941176471
-14.7058823529412
-20.5882352941177
-26.4705882352941
-32.3529411764706
-38.2352941176471
-44.1176470588235
-50
-66.6666666666667
-83.3333333333333
-100
-116.666666666667
-133.333333333333
-150
-166.666666666667
-183.333333333333
-200
-216.666666666667
-233.333333333333
-250
-266.666666666667
-283.333333333333
-300
-316.666666666667
-333.333333333333
-350
-366.666666666667
-383.333333333333
-400
-416.666666666667
-433.333333333333
-450
-466.666666666667
-483.333333333334
-500
-483.333333333333
-466.666666666667
-450
-433.333333333333
-416.666666666667
-400
-383.333333333333
-366.666666666667
-350
-333.333333333333
-316.666666666666
-300
-283.333333333333
-266.666666666666
-250
-233.333333333333
-216.666666666666
-200
-183.333333333333
-166.666666666666
-150
-133.333333333333
-116.666666666666
-99.9999999999998
-83.3333333333331
-66.6666666666665
-50
-44.1176470588235
-38.2352941176471
-32.3529411764706
-26.4705882352941
-20.5882352941176
-14.7058823529412
-8.8235294117647
-2.94117647058823
2.94117647058824
8.82352941176471
14.7058823529412
20.5882352941177
26.4705882352941
32.3529411764706
38.2352941176471
44.1176470588235
50
66.6666666666667
83.3333333333333
100
116.666666666667
133.333333333333
150
166.666666666667
183.333333333333
200
216.666666666667
233.333333333333
250
266.666666666667
283.333333333333
300
316.666666666667
333.333333333333
350
366.666666666667
383.333333333333
400
416.666666666667
433.333333333333
450
466.666666666667
483.333333333334
500
FieldDomainFile c:\Ideasvsm\Default UserID\Experiments\Jason_500G\fdomain.ini
TempDomainFile c:\Ideasvsm\Default UserID\Experiments\Jason_500G\tdomain.ini
NumSelectedResults 0
ResultsSelected 
UserName1 
UserValue1 
UserName2 
UserValue2 
LinearBackgroundCorrection Off
MaxLinearFieldCorrection 
MinLinearFieldCorrection 
AutoLinearCorrection Off
FitOneRegion Off
BackgroundMode Off
BackgroundFilename 
AutoCenter Off
OffsetCorrection 
SmoothDeriv Off
DerivOrder 0
DerivPoints 0
MinExFieldOne 
MaxExFieldOne 
MinExFieldTwo 
MaxExFieldTwo 
MinPinFieldOne 
MaxPinFieldOne 
MinPinFieldTwo 
MaxPinFieldTwo 
HCenterStart 
Mass 
Volume 
Density 
MolarWeight 
NumberOfMoles 
Demagnetization 
SampleArea 
Thickness 
MomentScaling 0
XAxis 0
YAxis 0
SimpleSpinValve False
HsatMax 0
HsatMin 0
FieldAutoRange False
 
*************************************************** Experiment Data ********************************************
 
DataPoints 143
MomentX Data
0.000245886
0.000248125
0.000246987
0.000246582
0.000247824
0.000248216
0.000248038
0.000248218
0.000251904
0.000247763
0.000248166
0.000249079
0.000248824
0.000250029
0.000249442
0.000249442
0.000251068
0.000249286
0.000248919
0.000250045
0.000250932
0.000249951
0.000249902
0.000250346
0.000249264
0.000247968
0.000247237
0.000248548
0.000245806
0.000245419
0.000244073
0.000243169
0.000242568
0.000238767
0.000238259
0.000234881
0.000225445
0.000180976
0.000135977
0.000133275
0.000129562
0.000129778
0.000129744
0.000128418
0.000127341
0.000126913
0.000125957
0.000125509
0.000125421
0.000125076
0.000124438
0.000123364
0.000122862
0.000124812
0.000123352
0.00012279
0.000123528
0.000124488
0.00012525
0.00012418
0.000122316
0.000122924
0.000126506
0.000125333
0.000124597
0.00012513
0.000124661
0.000126511
0.000125656
0.000124137
0.000125128
0.000127282
0.000125111
0.000126077
0.000125872
0.000125432
0.00012628
0.000125096
0.000124227
0.000123652
0.000124639
0.000124119
0.000123826
0.000121402
0.000123306
0.000122698
0.000122299
0.000122586
0.000123511
0.000123612
0.000122734
0.000122727
0.000123928
0.000124308
0.000124577
0.000122371
0.000125668
0.000122822
0.000126623
0.000128107
0.000127541
0.000126917
0.000130228
0.000129792
0.000130177
0.000131744
0.000135065
0.000136775
0.000150184
0.000198656
0.000235291
0.00023919
0.000242642
0.000241347
0.000243734
0.000244036
0.000243996
0.000246193
0.000246434
0.000246782
0.00024743
0.000247178
0.000247216
0.000249722
0.000249376
0.000249309
0.000249757
0.000249129
0.000249057
0.000249265
0.000247359
0.000248084
0.000248083
0.000248321
0.00024656
0.000247056
0.000246513
0.000246127
0.000248681
0.000245611
0.000246858
0.000245416
0.000247277
MomentY Data
-0.000119718
-0.000119019
-0.000118192
-0.000118303
-0.000120274
-0.000119289
-0.000121721
-0.000119146
-0.000120576
-0.000122086
-0.000119877
-0.000118987
-0.000118176
-0.000119352
-0.000119305
-0.000119479
-0.00012037
-0.000120068
-0.000119209
-0.000119686
-0.00012145
-0.000119829
-0.000121911
-0.000121355
-0.00011878
-0.000119146
-0.000118462
-0.000119925
-0.00011878
-0.000119972
-0.000120195
-0.00011851
-0.000118748
-0.000120497
-0.000120195
-0.000117079
-0.00011994
-0.00011913
-0.000119702
-0.000119193
-0.000118049
-0.000120862
-0.000118923
-0.000119925
-0.000116237
-0.000119384
-0.000118971
-0.00012126
-0.000119479
-0.000119511
-0.000120068
-0.000117922
-0.000119003
-0.000117779
-0.000116475
-0.000118192
-0.00011851
-0.000116968
-0.000116714
-0.000118081
-0.000118637
-0.000119193
-0.00011638
-0.000118605
-0.000115999
-0.000117222
-0.000117159
-0.000118828
-0.000118065
-0.000119019
-0.000118732
-0.000119511
-0.000119368
-0.000118526
-0.000118605
-0.000117985
-0.000117238
-0.000115283
-0.000117175
-0.000116173
-0.000117286
-0.000117
-0.00011522
-0.000118574
-0.000118256
-0.000119813
-0.000120385
-0.00011967
-0.000119925
-0.000121101
-0.000121133
-0.000118065
-0.000119336
-0.00012153
-0.000120481
-0.000122452
-0.000121721
-0.000121959
-0.000121069
-0.000122468
-0.000121927
-0.000120576
-0.000120147
-0.000116682
-0.00011913
-0.000118669
-0.000121037
-0.000121148
-0.000120926
-0.000122897
-0.000122039
-0.000122325
-0.000123787
-0.000123167
-0.000122404
-0.000121037
-0.000120624
-0.000120703
-0.000122277
-0.000122499
-0.000123151
-0.000121435
-0.000123358
-0.00012304
-0.000120481
-0.000120894
-0.000121768
-0.000119511
-0.000118939
-0.000119988
-0.000124391
-0.000122547
-0.000121355
-0.000122658
-0.000123262
-0.000123167
-0.000123135
-0.000123421
-0.000122404
-0.00012064
-0.000123564
-0.000122897
-0.000122674
Field Data
500.005
483.334
466.662
449.985
433.329
416.644
400.002
383.337
366.655
349.996
333.329
316.664
300.001
283.335
266.656
249.989
233.313
216.663
199.994
183.327
166.67
150.002
133.324
116.663
99.9915
83.3404
66.6468
49.9938
44.1201
38.2274
32.3451
26.454
20.5747
14.7001
8.80906
2.93004
-2.94568
-8.82552
-14.7131
-20.5915
-26.4668
-32.3544
-38.241
-44.1384
-50.008
-66.6729
-83.3327
-100.01
-116.678
-133.336
-150.009
-166.665
-183.346
-200.009
-216.674
-233.336
-249.994
-266.674
-283.336
-300.018
-316.675
-333.346
-350.01
-366.68
-383.342
-400.015
-416.664
-433.338
-450.015
-466.671
-483.332
-500.017
-483.341
-466.665
-449.999
-433.34
-416.678
-400.003
-383.33
-366.669
-350.003
-333.323
-316.676
-299.994
-283.329
-266.655
-250.003
-233.344
-216.661
-200.004
-183.335
-166.671
-149.995
-133.344
-116.668
-99.9964
-83.3302
-66.6829
-50.0092
-44.1261
-38.2393
-32.3552
-26.4703
-20.5842
-14.7144
-8.81927
-2.95093
2.93777
8.82452
14.7013
20.5803
26.464
32.3416
38.2335
44.1196
49.9993
66.6743
83.3018
99.9919
116.657
133.324
150.004
166.657
183.329
199.998
216.659
233.328
249.999
266.662
283.334
299.999
316.658
333.338
350.001
366.67
383.34
399.998
416.662
433.325
449.995
466.643
483.323
500.007
Time Data
0
11.451
21.84
32.261
42.651
53.072
63.477
73.851
84.241
94.661
105.082
115.503
125.877
136.283
146.703
157.077
167.498
177.904
188.309
198.73
209.119
219.509
229.899
240.32
250.756
261.161
271.567
281.956
292.393
302.767
313.188
323.609
334.014
344.435
354.84
365.276
375.666
386.056
396.445
406.835
417.256
427.646
438.035
448.456
458.846
469.235
479.61
490.015
500.436
510.841
521.246
531.667
542.072
552.493
562.883
573.273
583.693
594.052
604.473
614.894
625.268
635.657
646.078
656.499
667.95
678.355
688.776
699.197
709.586
719.976
730.397
740.786
751.192
761.628
772.065
782.501
792.891
803.265
813.67
824.091
834.512
844.901
855.322
865.728
876.133
886.538
896.959
907.349
917.77
928.19
938.611
949.001
959.422
969.843
980.248
990.638
1001.04
1011.46
1021.85
1032.26
1042.65
1053.07
1063.49
1073.9
1084.29
1094.69
1105.11
1115.55
1125.95
1136.39
1146.8
1157.25
1167.64
1178.07
1188.51
1198.92
1209.3
1219.71
1230.1
1240.5
1250.93
1261.33
1271.72
1282.11
1292.52
1302.92
1313.34
1323.75
1334.17
1344.57
1354.96
1365.37
1375.79
1386.21
1396.65
1407.02
1417.43
1427.83
1438.22
1448.64
1459.05
1469.45
1479.87
Temperature Data
0
0
0
0
0
0
0
0
0
0
0
0
0
0
0
0
0
0
0
0
0
0
0
0
0
0
0
0
0
0
0
0
0
0
0
0
0
0
0
0
0
0
0
0
0
0
0
0
0
0
0
0
0
0
0
0
0
0
0
0
0
0
0
0
0
0
0
0
0
0
0
0
0
0
0
0
0
0
0
0
0
0
0
0
0
0
0
0
0
0
0
0
0
0
0
0
0
0
0
0
0
0
0
0
0
0
0
0
0
0
0
0
0
0
0
0
0
0
0
0
0
0
0
0
0
0
0
0
0
0
0
0
0
0
0
0
0
0
0
0
0
0
0
Angle Data
0
0
0
0
0
0
0
0
0
0
0
0
0
0
0
0
0
0
0
0
0
0
0
0
0
0
0
0
0
0
0
0
0
0
0
0
0
0
0
0
0
0
0
0
0
0
0
0
0
0
0
0
0
0
0
0
0
0
0
0
0
0
0
0
0
0
0
0
0
0
0
0
0
0
0
0
0
0
0
0
0
0
0
0
0
0
0
0
0
0
0
0
0
0
0
0
0
0
0
0
0
0
0
0
0
0
0
0
0
0
0
0
0
0
0
0
0
0
0
0
0
0
0
0
0
0
0
0
0
0
0
0
0
0
0
0
0
0
0
0
0
0
0
Bx Data
0
0
0
0
0
0
0
0
0
0
0
0
0
0
0
0
0
0
0
0
0
0
0
0
0
0
0
0
0
0
0
0
0
0
0
0
0
0
0
0
0
0
0
0
0
0
0
0
0
0
0
0
0
0
0
0
0
0
0
0
0
0
0
0
0
0
0
0
0
0
0
0
0
0
0
0
0
0
0
0
0
0
0
0
0
0
0
0
0
0
0
0
0
0
0
0
0
0
0
0
0
0
0
0
0
0
0
0
0
0
0
0
0
0
0
0
0
0
0
0
0
0
0
0
0
0
0
0
0
0
0
0
0
0
0
0
0
0
0
0
0
0
0
Hint Data
0
0
0
0
0
0
0
0
0
0
0
0
0
0
0
0
0
0
0
0
0
0
0
0
0
0
0
0
0
0
0
0
0
0
0
0
0
0
0
0
0
0
0
0
0
0
0
0
0
0
0
0
0
0
0
0
0
0
0
0
0
0
0
0
0
0
0
0
0
0
0
0
0
0
0
0
0
0
0
0
0
0
0
0
0
0
0
0
0
0
0
0
0
0
0
0
0
0
0
0
0
0
0
0
0
0
0
0
0
0
0
0
0
0
0
0
0
0
0
0
0
0
0
0
0
0
0
0
0
0
0
0
0
0
0
0
0
0
0
0
0
0
0
Torque Data
-0.05985959859
-0.057525929346
-0.055155715104
-0.053234575455
-0.052118212146
-0.049701046116
-0.048688643442
-0.045673070202
-0.04420979328
-0.042729611656
-0.039958480533
-0.037678899368
-0.035452918176
-0.03381659892
-0.03181339408
-0.029868435731
-0.02808388581
-0.026014293084
-0.023841084746
-0.021941675322
-0.0202420715
-0.017974589658
-0.016253662164
-0.014157638365
-0.01187699037
-0.0099296752984
-0.0078951132216
-0.005995506465
-0.005240585478
-0.0045862176328
-0.0038877192945
-0.00313506354
-0.0024432044756
-0.0017713179497
-0.0010588049667
-0.00034304615316
0.0003533048592
0.0010513841976
0.0017611874962
0.0024543626595
0.0031243792732
0.0039104174928
0.004547734443
0.00529329762
0.005812779896
0.0079596774936
0.0099141746517
0.0121272126
0.013940570762
0.015935118696
0.018011280612
0.01965347013
0.021818724038
0.023556860011
0.02523710415
0.027578448512
0.02962678894
0.031192324432
0.033069277904
0.035426425458
0.037569371975
0.039732509778
0.0407341638
0.0434900814
0.044467288658
0.04689055833
0.048815937576
0.051492687864
0.053131020975
0.055542715749
0.057386975024
0.059757531687
0.057695448488
0.05531193579
0.053372131395
0.0511276199
0.048850495364
0.046113545849
0.04491669275
0.042597037737
0.041050451858
0.038998791
0.03648740872
0.035571488556
0.033505354224
0.031948735515
0.030096611155
0.02792427648
0.025983070425
0.024220684404
0.022207918555
0.019678011615
0.01789980332
0.01620529632
0.014056277308
0.0122447591728
0.0101430352742
0.0081325798011
0.0060545638348
0.0054040352148
0.0046624031311
0.0039012605952
0.0031803271341
0.0024018056244
0.001752926472
0.00104657395163
0.00035717171441
-0.00035590495996
-0.00106711390552
-0.0018067456661
-0.0025115992317
-0.0032372088
-0.0040034696392
-0.0047091054945
-0.0054004155184
-0.0060517652741
-0.0080425207632
-0.0100547771654
-0.0122267095563
-0.014290365843
-0.016418983924
-0.01821573574
-0.020558474206
-0.02255680016
-0.024095959038
-0.026192773146
-0.028411883904
-0.029877630489
-0.031716511618
-0.033996679992
-0.037317175609
-0.038805487926
-0.04045223299
-0.042930422658
-0.04519647754
-0.04721483778
-0.04925375373
-0.051424840702
-0.0530407133
-0.0542873968
-0.057660275652
-0.059398946731
-0.061337858718
dMdH Data
-1.34305080679021E-07
6.82581573896337E-08
2.42849433351311E-08
-7.45677233429386E-08
-2.34941564279288E-08
1.06958298281447E-08
-1.08010801080084E-08
-2.20956719817769E-07
2.48574344198331E-07
-2.4179516409672E-08
-5.4785478547852E-08
1.53033667406831E-08
-7.23028921156846E-08
3.5193956472209E-08
0
-9.75053969776933E-08
1.07027027027029E-07
2.20169176315303E-08
-6.75586488270236E-08
-5.32508855135966E-08
5.88552915766737E-08
2.93800215853295E-09
-2.66490606806313E-08
6.49011786581868E-08
7.78326957378205E-08
4.37892365936657E-08
-7.87245541343927E-08
4.66826702078762E-07
6.56744785921601E-08
2.28822059398529E-07
1.53451817147902E-07
1.02223053764905E-07
6.47022776018793E-07
8.62326516200879E-08
5.74585560178398E-07
1.60593084762378E-06
7.56296089689515E-06
7.64303839608124E-06
4.5964888405008E-07
6.31967729307439E-07
-3.66872749507415E-08
5.77582985084654E-09
2.24844846881678E-07
1.83487801553767E-07
2.56827223685705E-08
5.73836420605295E-08
2.6862861494367E-08
5.27957763378949E-09
2.07107696001911E-08
3.82654591255334E-08
6.44812680115272E-08
3.00941190576098E-08
-1.17025745664046E-07
8.76087608760877E-08
3.37294442443875E-08
-4.43030375795409E-08
-5.75539568345319E-08
-4.57328051854529E-08
6.41409902889352E-08
1.11904904844809E-07
-3.64705176654073E-08
-2.14954392702832E-07
7.03659268146376E-08
4.4172368263113E-08
-3.19678522161572E-08
2.81698600516538E-08
-1.10951181480148E-07
5.12682137075009E-08
9.11983669548517E-08
-5.94802232759149E-08
-1.29097992208569E-07
-1.30187095226673E-07
5.79275605660833E-08
-1.23004920196809E-08
-2.64121495888101E-08
5.08942503901086E-08
-7.1004497751124E-08
-5.21201943261557E-08
-3.45117339895565E-08
5.92223688947564E-08
-3.11750599520385E-08
-1.7600768907311E-08
-1.45306318187268E-07
1.14251425142514E-07
-3.64639558594221E-08
-2.39610857554645E-08
1.72279248454284E-08
5.54456632500155E-08
6.06351683976652E-09
-5.26726258323836E-08
-4.20067210753828E-10
7.20196689853693E-08
2.28214521650347E-08
1.61309666586716E-08
-1.32320833033423E-07
1.97825539115096E-07
-1.70958653955897E-07
2.27963799276705E-07
2.52247964508508E-07
-9.61473126316495E-08
-1.06048503594435E-07
5.62626382776259E-07
-7.40728156164535E-08
6.55899689938358E-08
2.65812628389871E-07
5.65918130169691E-07
2.90386672780072E-07
2.27782732407526E-06
8.24805420655529E-06
6.23150195611499E-06
6.6267824668151E-07
5.87314550156528E-07
-2.19793275513842E-07
4.05531676322186E-07
5.13631647873165E-08
-2.39880059969891E-09
1.32130506690724E-07
1.44396977849144E-08
2.08819629045133E-08
3.88792224155491E-08
-1.51079136690621E-08
2.28187113433027E-09
1.50311900191938E-07
-2.07570940068407E-08
-4.0213672648683E-09
2.68762373267714E-08
-3.7670205746504E-08
-4.32095060913373E-09
1.24760076775413E-08
-1.14371437143713E-07
4.35200192088347E-08
-5.99520383669985E-11
1.42831422913045E-08
-1.05645209670647E-07
2.97540491901622E-08
-3.25969504142144E-08
-2.31637061929913E-08
1.53273720218447E-07
-1.84163167366525E-07
7.49038923594401E-08
-8.64508393285366E-08
1.11543994245986E-07
1.11543994245986E-07
dMdT Data
0
0
0
0
0
0
0
0
0
0
0
0
0
0
0
0
0
0
0
0
0
0
0
0
0
0
0
0
0
0
0
0
0
0
0
0
0
0
0
0
0
0
0
0
0
0
0
0
0
0
0
0
0
0
0
0
0
0
0
0
0
0
0
0
0
0
0
0
0
0
0
0
0
0
0
0
0
0
0
0
0
0
0
0
0
0
0
0
0
0
0
0
0
0
0
0
0
0
0
0
0
0
0
0
0
0
0
0
0
0
0
0
0
0
0
0
0
0
0
0
0
0
0
0
0
0
0
0
0
0
0
0
0
0
0
0
0
0
0
0
0
0
0
 
*********************************************** Results ***************************************
 
TotalArea 3.32627927822999E-03
AreaFirstQuad 2.10924523963691E-03
AreaSecondQuad 1.21703403859309E-03
AreaThirdQuad 0
AreaFourthQuad 0
Coercivity 0
PositiveCoercivity 0
NegativeCoercivity 0
Retentivity 4.71268238174608E-05
PositiveRetentivity 2.30175558379228E-04
NegativeRetentivity 1.35921910744307E-04
Magnetization 0.000251904
PositiveMagnetization 0.000251904
NegativeMagnetization 0.000121402
Flatness -3.88417295574133
Squareness 0.187082475139183
SStar 0
SFD1 0
SFD2 0
Slope 0
Intercept 0
SlopeAtHc 1.11543994245986E-07
dH1 0
dH2 11.759545
InitialSlope -1.34305080679021E-07
FieldAtHalfMs 0
FieldAtMs 366.655
MomentMean 1.85967055944056E-04
MomentRMS 6.01150044053797E-05
SFD3 0
dH3 0
UserField1 0
UserField2 0
CenterField 0
ExchangeField 0
ExchangeMoment 0
ExRegionOneIntercept 0
ExRegionOneSlope 0
ExRegionTwoIntercept 0
ExRegionTwoSlope 0
NegativeIntercept 0
NegativeSlope 0
AutoCenterOffset 0
PinningField 0
PinningMoment 0
PinRegionOneIntercept 0
PinRegionOneSlope 0
PinRegionTwoIntercept 0
PinRegionTwoSlope 0
PositiveIntercept 0
PositiveSlope 0
TotalOffset 0
BHMax 0
BCoercivity 0
BRetentivity 0
BNegativeCoercivity 0
BPositiveCoercivity 0
BNegativeRetentivity 0
BPositiveRetentivity 0
MomentYMean -1.19900510489511E-04
MomentYRMS 1.96476598566097E-06
YOffCorrection 0
Mrt 0
Ms1 0
Ms2 0
Ms3 0
Hc2 0
Hex2 0
HsatValue 0
HsatIntercept 0
HsatSlope 0
CenterH 0
Span .000130502
SpanAsPercentOfRange -10.0386153846154
RMSAsPercentOfRange -4.62423110810613
SpanAsPercentOfMean 70.1747948514379
RMSAsPercentOfMean 32.32562030958
