Version 1.25
******************************************** Units *******************************************
System CGS
TemperatureUnit K
MomentUnit emu
AppliedFieldUnit G
 
******************************************** Setup ********************************************
 
Experiment CustomField
Minor False
Acquisition PointByPoint
EditedPoint No
MaxField 15000
FieldIncrement 750
Points 101
MinField 0
RampRate 10
AverageTime 6
TimeInterval 10
TimeConstant 1
TimeConstantIndex 2
Sensitivity -0.0013
SensitivityIndex 5
SensitivityY -4
SensitivityIndexY 0
SaturationField 8000
ExperimentTime 606
Use735Domains False
AutoRangeEnabled False
NumberOfVertices 11
VertexPts
0
10
15
35
40
50
60
65
85
90
100
VertexField
15000
2000
500
-500
-2000
-15000
-2000
-500
500
2000
15000
StartAngle 0
EndAngle 0
AngleIncrement 0
StartTemp 0
FinishTemp 0
TempIncrement 0
TempPoints 0
LengthofSetPointsArray 101
SetPointArray
15000
13700
12400
11100
9800
8500
7200
5900
4600
3300
2000
1700
1400
1100
800
500
450
400
350
300
250
200
150
100
50
0
-50
-100
-150
-200
-250
-300
-350
-400
-450
-500
-800
-1100
-1400
-1700
-2000
-3300
-4600
-5900
-7200
-8500
-9800
-11100
-12400
-13700
-15000
-13700
-12400
-11100
-9800
-8500
-7200
-5900
-4600
-3300
-2000
-1700
-1400
-1100
-800
-500
-450
-400
-350
-300
-250
-200
-150
-100
-50
0
50
100
150
200
250
300
350
400
450
500
800
1100
1400
1700
2000
3300
4600
5900
7200
8500
9800
11100
12400
13700
15000
FieldDomainFile c:\Ideasvsm\Default UserID\Experiments\Jason_1p5T_cus\fdomain.ini
TempDomainFile c:\Ideasvsm\Default UserID\Experiments\Jason_1p5T_cus\tdomain.ini
NumSelectedResults 0
ResultsSelected 
UserName1 
UserValue1 
UserName2 
UserValue2 
LinearBackgroundCorrection Off
MaxLinearFieldCorrection 
MinLinearFieldCorrection 
AutoLinearCorrection Off
FitOneRegion Off
BackgroundMode Off
BackgroundFilename 
AutoCenter Off
OffsetCorrection 
SmoothDeriv Off
DerivOrder 0
DerivPoints 0
MinExFieldOne 
MaxExFieldOne 
MinExFieldTwo 
MaxExFieldTwo 
MinPinFieldOne 
MaxPinFieldOne 
MinPinFieldTwo 
MaxPinFieldTwo 
HCenterStart 
Mass 
Volume 
Density 
MolarWeight 
NumberOfMoles 
Demagnetization 
SampleArea 
Thickness 
MomentScaling 0
XAxis 0
YAxis 0
SimpleSpinValve False
HsatMax 0
HsatMin 0
FieldAutoRange True
 
*************************************************** Experiment Data ********************************************
 
DataPoints 101
MomentX Data
-0.000069759
-0.0000345305
-0.00000254022
0.0000346352
0.0000662876
0.0000986102
0.000137397
0.000173306
0.00020724
0.000245777
0.000281571
0.000292498
0.000297638
0.000305311
0.000314956
0.000319937
0.000321271
0.000320888
0.000321617
0.000321681
0.000321763
0.000323756
0.000322718
0.000320502
0.000317418
0.000296023
0.0000640727
0.0000578174
0.0000559299
0.0000553673
0.0000552541
0.0000560655
0.000055785
0.0000552813
0.0000564593
0.0000578672
0.0000627481
0.0000711251
0.0000795084
0.0000887547
0.0000954805
0.000134604
0.000170192
0.000198717
0.000243214
0.000277851
0.000315409
0.000344643
0.000380967
0.000416506
0.000451023
0.000415241
0.000380045
0.000345537
0.000311316
0.000275223
0.000243139
0.000203004
0.000164428
0.000129219
0.0000973335
0.0000860631
0.0000795974
0.0000711303
0.0000629707
0.0000592353
0.0000551558
0.000055159
0.0000546344
0.0000565147
0.000054871
0.0000541551
0.0000559329
0.0000550107
0.0000601004
0.0000800911
0.000312849
0.000317693
0.000321039
0.000322082
0.000320741
0.000320455
0.000320456
0.000320304
0.000319593
0.000319252
0.000312139
0.000306627
0.000296713
0.000289067
0.000280811
0.00024205
0.000210802
0.000161689
0.000138314
0.000100483
0.0000602104
0.0000265069
-0.00000541708
-0.0000375049
-0.0000727663
MomentY Data
-0.000114115
-0.000111445
-0.000110912
-0.000115307
-0.000111675
-0.000116968
-0.000116237
-0.000113646
-0.000115617
-0.00011375
-0.000117461
-0.000119233
-0.000119853
-0.000117485
-0.000117652
-0.000116968
-0.000117342
-0.00011758
-0.000117938
-0.000116197
-0.000116221
-0.000118105
-0.000117373
-0.00011793
-0.000117429
-0.000117151
-0.000115871
-0.00011669
-0.000118963
-0.000117985
-0.000118224
-0.000117064
-0.000116666
-0.000118311
-0.000117119
-0.000117485
-0.000117787
-0.000118876
-0.000119479
-0.000117024
-0.000117405
-0.000118526
-0.000118566
-0.000116618
-0.000117397
-0.000118542
-0.000117246
-0.000116555
-0.000115641
-0.00011665
-0.000113932
-0.000115347
-0.000114679
-0.000118017
-0.000113964
-0.000115665
-0.00011572
-0.000112804
-0.000116587
-0.000115482
-0.000118216
-0.000117246
-0.000117183
-0.000118121
-0.000119829
-0.000118391
-0.000117787
-0.000117302
-0.000117691
-0.000117826
-0.00011882
-0.000119448
-0.000119781
-0.000118216
-0.000117842
-0.000118788
-0.000121776
-0.000120298
-0.000120664
-0.00011994
-0.000119615
-0.000121315
-0.000120513
-0.000121999
-0.000121546
-0.000120179
-0.000121164
-0.000121888
-0.00011766
-0.00012056
-0.000119289
-0.000117397
-0.00011785
-0.000117437
-0.000116928
-0.000116245
-0.000116118
-0.000117358
-0.000113328
-0.000112478
-0.000113662
Field Data
15000
13700
12400
11100
9799.99
8499.96
7199.96
5899.96
4599.96
3299.96
1999.96
1699.97
1399.98
1099.98
799.979
499.982
449.988
399.993
349.993
299.998
249.994
199.99
149.994
99.9932
49.995
-0.00905288
-50.0029
-100.006
-150.006
-200.005
-250.008
-300.005
-350.007
-400.006
-450.007
-500.007
-800.012
-1100.02
-1400.02
-1700.02
-2000.02
-3300.04
-4600.06
-5900.07
-7200.06
-8500.05
-9800.03
-11100
-12400
-13700
-15000
-13700
-12400
-11100
-9799.98
-8499.97
-7199.96
-5899.95
-4599.97
-3299.98
-1999.96
-1699.97
-1399.98
-1099.97
-799.978
-499.983
-449.991
-399.992
-349.992
-299.99
-249.992
-199.993
-149.995
-99.9955
-49.9964
0.00253592
50.009
100.005
150.007
200.006
250.003
300.008
350.008
400
450.004
500.003
800.01
1100.02
1400.01
1700.02
2000.02
3300.04
4600.05
5900.07
7200.06
8500.06
9800.03
11100
12400
13700
15000
Time Data
0
14.633
29.219
43.79
58.329
72.899
87.454
101.994
116.595
132.133
146.719
160.291
173.848
187.389
200.945
215.5
229.072
242.629
257.23
270.756
284.296
297.837
311.347
324.935
338.476
352.016
365.573
379.067
392.639
406.196
419.705
433.184
446.693
461.264
474.805
488.346
501.887
515.412
528.922
542.447
556.003
570.558
586.143
600.651
615.19
629.745
644.347
658.87
673.441
687.996
702.551
717.106
731.645
746.169
760.677
775.247
789.864
804.373
818.927
834.512
849.067
862.608
876.117
889.674
903.168
916.709
930.234
943.744
958.346
971.918
985.474
998.999
1012.54
1026.07
1039.62
1053.13
1066.63
1080.18
1093.74
1107.34
1120.9
1134.45
1147.95
1162.5
1176.01
1189.52
1204.09
1217.67
1231.18
1244.72
1258.27
1272.81
1288.37
1302.97
1317.57
1332.14
1346.71
1361.23
1375.8
1390.37
1404.94
Temperature Data
0
0
0
0
0
0
0
0
0
0
0
0
0
0
0
0
0
0
0
0
0
0
0
0
0
0
0
0
0
0
0
0
0
0
0
0
0
0
0
0
0
0
0
0
0
0
0
0
0
0
0
0
0
0
0
0
0
0
0
0
0
0
0
0
0
0
0
0
0
0
0
0
0
0
0
0
0
0
0
0
0
0
0
0
0
0
0
0
0
0
0
0
0
0
0
0
0
0
0
0
0
Angle Data
0
0
0
0
0
0
0
0
0
0
0
0
0
0
0
0
0
0
0
0
0
0
0
0
0
0
0
0
0
0
0
0
0
0
0
0
0
0
0
0
0
0
0
0
0
0
0
0
0
0
0
0
0
0
0
0
0
0
0
0
0
0
0
0
0
0
0
0
0
0
0
0
0
0
0
0
0
0
0
0
0
0
0
0
0
0
0
0
0
0
0
0
0
0
0
0
0
0
0
0
0
Bx Data
0
0
0
0
0
0
0
0
0
0
0
0
0
0
0
0
0
0
0
0
0
0
0
0
0
0
0
0
0
0
0
0
0
0
0
0
0
0
0
0
0
0
0
0
0
0
0
0
0
0
0
0
0
0
0
0
0
0
0
0
0
0
0
0
0
0
0
0
0
0
0
0
0
0
0
0
0
0
0
0
0
0
0
0
0
0
0
0
0
0
0
0
0
0
0
0
0
0
0
0
0
Hint Data
0
0
0
0
0
0
0
0
0
0
0
0
0
0
0
0
0
0
0
0
0
0
0
0
0
0
0
0
0
0
0
0
0
0
0
0
0
0
0
0
0
0
0
0
0
0
0
0
0
0
0
0
0
0
0
0
0
0
0
0
0
0
0
0
0
0
0
0
0
0
0
0
0
0
0
0
0
0
0
0
0
0
0
0
0
0
0
0
0
0
0
0
0
0
0
0
0
0
0
0
0
Torque Data
-1.711725
-1.5267965
-1.3753088
-1.2799077
-1.09441388325
-0.99422332128
-0.83690175052
-0.67050685416
-0.53183357532
-0.37537045
-0.23491730156
-0.20269252301
-0.16779180294
-0.1292311503
-0.094119129308
-0.058481894576
-0.052802491896
-0.04703117694
-0.041277474434
-0.034858867606
-0.029054552674
-0.02361981895
-0.017605245762
-0.011792198076
-0.005870862855
1.06055394488E-06
0.0057938860259
0.01166970014
0.017845163778
0.023597589925
0.029556945792
0.03511978532
0.040833916662
0.047325109866
0.052704369833
0.058743322395
0.094231013444
0.13076597752
0.16727298958
0.19894314048
0.2348123481
0.39114054104
0.54541071396
0.68805436326
0.84526544382
1.0076129271
1.14901431738
1.2937605
1.4339484
1.598105
1.70898
1.5802539
1.4220196
1.3099887
1.11684492072
0.98314903005
0.8331793712
0.6655379598
0.53629670239
0.38108829036
0.23642727136
0.19931468262
0.16405385634
0.12992955637
0.095860563762
0.059193487353
0.053003089917
0.046919861584
0.041190908472
0.03534662174
0.02970404944
0.023888763864
0.017966551095
0.011821068028
0.0058916757688
-3.0123686496E-07
-0.006089895984
-0.01203040149
-0.018100444648
-0.02398871964
-0.029904108845
-0.03639547052
-0.042180514104
-0.0487996
-0.054696186184
-0.060089860537
-0.09693241164
-0.13407923776
-0.1647251766
-0.2049544112
-0.23858038578
-0.38741479588
-0.5421158925
-0.69288652059
-0.84188861568
-0.9880894747
-1.13795988354
-1.3026738
-1.4052672
-1.5409486
-1.70493
dMdH Data
-2.70988461538462E-08
-2.46079076923077E-08
-2.85964769230769E-08
-2.4347812709133E-08
-2.48629647008146E-08
-0.000000029836
-2.76223076923077E-08
-2.61030769230769E-08
-2.96438461538461E-08
-2.75338461538462E-08
-3.64245474849161E-08
-1.71339044634823E-08
-2.55766666666666E-08
-3.21498928336906E-08
-1.6603499368327E-08
-2.66832019842375E-08
7.66076607660684E-09
-1.45799999999997E-08
-1.28012801280083E-09
-1.63986881049496E-09
-3.98568114550845E-08
2.07616609328752E-08
4.43192908913453E-08
6.1682220559941E-08
4.27865318264177E-07
4.63957693520266E-06
1.25098243908878E-07
0.00000003775
1.12522250445009E-08
2.26386416815E-09
-1.62289737384244E-08
5.60977560897561E-09
1.00742014840297E-08
-2.35595288094238E-08
-2.81579999999999E-08
-1.62693955100748E-08
-2.79225887309672E-08
-2.79443333333333E-08
-0.000000030821
-2.24193333333333E-08
-3.0094537007123E-08
-2.73749634621006E-08
-2.19421389066238E-08
-3.42287248363449E-08
-2.66440511080855E-08
-2.88912137109801E-08
-2.24882112664138E-08
-2.79415384615385E-08
-2.73376923076923E-08
-2.65515384615384E-08
-2.75246153846154E-08
-2.70738461538461E-08
-2.65446153846154E-08
-2.6323441177828E-08
-2.77636325874416E-08
-2.46798101553065E-08
-3.08728394396966E-08
-2.96743026815797E-08
-2.70840544927269E-08
-2.45269303549176E-08
-3.75692523084103E-08
-2.15530517683923E-08
-2.82227259091364E-08
-2.71993919837862E-08
-1.24515408590143E-08
-8.16030564890382E-08
6.40012800256054E-11
-0.000000010492
3.76044958201672E-08
-3.28753150126006E-08
-1.43182863657273E-08
3.55574222968919E-08
-1.84441844418445E-08
1.01795832324982E-07
3.99822508862705E-07
4.65455625152051E-06
9.68877510200815E-08
6.69173233070675E-08
2.08604172083441E-08
-2.68216092965583E-08
-5.71942805719436E-09
2.00000000003149E-11
-3.04048647783661E-09
-1.42188624910002E-08
-6.82013640272811E-09
-2.37094467795751E-08
-1.8372720909303E-08
-3.30477682589421E-08
-2.54858171394286E-08
-0.00000002752
-2.98156951431516E-08
-2.40367381789371E-08
-3.77786495592376E-08
-1.79809075454426E-08
-2.91007692307692E-08
-3.09796379916459E-08
-2.59263675315584E-08
-2.45569076923077E-08
-2.46829384615385E-08
-2.71241538461538E-08
-2.71241538461538E-08
dMdT Data
0
0
0
0
0
0
0
0
0
0
0
0
0
0
0
0
0
0
0
0
0
0
0
0
0
0
0
0
0
0
0
0
0
0
0
0
0
0
0
0
0
0
0
0
0
0
0
0
0
0
0
0
0
0
0
0
0
0
0
0
0
0
0
0
0
0
0
0
0
0
0
0
0
0
0
0
0
0
0
0
0
0
0
0
0
0
0
0
0
0
0
0
0
0
0
0
0
0
0
0
0
 
*********************************************** Results ***************************************
 
TotalArea 6.66137286443773E-02
AreaFirstQuad 3.27064639749081E-02
AreaSecondQuad 2.48305427726493E-02
AreaThirdQuad 0
AreaFourthQuad 9.07672189682068E-03
Coercivity 65.8815487405564
PositiveCoercivity 12179.4070789419
NegativeCoercivity 12311.170176423
Retentivity 1.0796839366564E-04
PositiveRetentivity 2.96026873413382E-04
NegativeRetentivity 8.00900860821033E-05
Magnetization 0.00026189465
PositiveMagnetization 0.000451023
NegativeMagnetization -0.0000727663
Flatness 0.381132628071846
Squareness 0.412258874572808
SStar 58.3086672253622
SFD1 33.7568254187512
SFD2 114.978989486579
Slope 0
Intercept 0
SlopeAtHc -2.85964769230769E-08
dH1 -2158.07039041135
dH2 7574.9939
InitialSlope -2.70988461538462E-08
FieldAtHalfMs 0
FieldAtMs -15000
MomentMean 1.85801081188119E-04
MomentRMS 1.31715628631855E-04
SFD3 63.4237076027449
dH3 -4112.57053499648
UserField1 0
UserField2 0
CenterField 0
ExchangeField 0
ExchangeMoment 0
ExRegionOneIntercept 0
ExRegionOneSlope 0
ExRegionTwoIntercept 0
ExRegionTwoSlope 0
NegativeIntercept 0
NegativeSlope 0
AutoCenterOffset 0
PinningField 0
PinningMoment 0
PinRegionOneIntercept 0
PinRegionOneSlope 0
PinRegionTwoIntercept 0
PinRegionTwoSlope 0
PositiveIntercept 0
PositiveSlope 0
TotalOffset 0
BHMax 0
BCoercivity 0
BRetentivity 0
BNegativeCoercivity 0
BPositiveCoercivity 0
BNegativeRetentivity 0
BPositiveRetentivity 0
MomentYMean -1.1736802970297E-04
MomentYRMS 2.26251286164497E-06
YOffCorrection 0
Mrt 0
Ms1 0
Ms2 0
Ms3 0
Hc2 0
Hex2 0
HsatValue 0
HsatIntercept 0
HsatSlope 0
CenterH 0
Span .0005237893
SpanAsPercentOfRange -40.2914846153846
RMSAsPercentOfRange -10.1319714332196
SpanAsPercentOfMean 281.908639417268
RMSAsPercentOfMean 70.8906685524055
