Version 1.25
******************************************** Units *******************************************
System CGS
TemperatureUnit K
MomentUnit emu
AppliedFieldUnit G
 
******************************************** Setup ********************************************
 
Experiment CustomField
Minor False
Acquisition PointByPoint
EditedPoint No
MaxField 15000
FieldIncrement 750
Points 101
MinField 0
RampRate 10
AverageTime 6
TimeInterval 10
TimeConstant 1
TimeConstantIndex 2
Sensitivity -0.0013
SensitivityIndex 5
SensitivityY -4
SensitivityIndexY 0
SaturationField 8000
ExperimentTime 606
Use735Domains False
AutoRangeEnabled False
NumberOfVertices 11
VertexPts
0
10
15
35
40
50
60
65
85
90
100
VertexField
15000
2000
500
-500
-2000
-15000
-2000
-500
500
2000
15000
StartAngle 0
EndAngle 0
AngleIncrement 0
StartTemp 0
FinishTemp 0
TempIncrement 0
TempPoints 0
LengthofSetPointsArray 101
SetPointArray
15000
13700
12400
11100
9800
8500
7200
5900
4600
3300
2000
1700
1400
1100
800
500
450
400
350
300
250
200
150
100
50
0
-50
-100
-150
-200
-250
-300
-350
-400
-450
-500
-800
-1100
-1400
-1700
-2000
-3300
-4600
-5900
-7200
-8500
-9800
-11100
-12400
-13700
-15000
-13700
-12400
-11100
-9800
-8500
-7200
-5900
-4600
-3300
-2000
-1700
-1400
-1100
-800
-500
-450
-400
-350
-300
-250
-200
-150
-100
-50
0
50
100
150
200
250
300
350
400
450
500
800
1100
1400
1700
2000
3300
4600
5900
7200
8500
9800
11100
12400
13700
15000
FieldDomainFile c:\Ideasvsm\Default UserID\Experiments\Jason_1p5T_cus\fdomain.ini
TempDomainFile c:\Ideasvsm\Default UserID\Experiments\Jason_1p5T_cus\tdomain.ini
NumSelectedResults 0
ResultsSelected 
UserName1 
UserValue1 
UserName2 
UserValue2 
LinearBackgroundCorrection Off
MaxLinearFieldCorrection 
MinLinearFieldCorrection 
AutoLinearCorrection Off
FitOneRegion Off
BackgroundMode Off
BackgroundFilename 
AutoCenter Off
OffsetCorrection 
SmoothDeriv Off
DerivOrder 0
DerivPoints 0
MinExFieldOne 
MaxExFieldOne 
MinExFieldTwo 
MaxExFieldTwo 
MinPinFieldOne 
MaxPinFieldOne 
MinPinFieldTwo 
MaxPinFieldTwo 
HCenterStart 
Mass 
Volume 
Density 
MolarWeight 
NumberOfMoles 
Demagnetization 
SampleArea 
Thickness 
MomentScaling 0
XAxis 0
YAxis 0
SimpleSpinValve False
HsatMax 0
HsatMin 0
FieldAutoRange True
 
*************************************************** Experiment Data ********************************************
 
DataPoints 101
MomentX Data
0.000189024
0.000223984
0.000255712
0.000290493
0.000324291
0.000368944
0.000397656
0.000428978
0.000470812
0.000508089
0.000545122
0.000549753
0.000556806
0.000567168
0.000572963
0.000581733
0.000583403
0.000583546
0.000583033
0.000585982
0.000584093
0.000584479
0.000584534
0.000581367
0.000568668
0.000449327
-0.000182813
-0.000199207
-0.000205555
-0.000207264
-0.000208337
-0.000207963
-0.000208385
-0.000207356
-0.00020755
-0.000206752
-0.000200794
-0.000195003
-0.000187701
-0.000176434
-0.000168345
-0.000130337
-0.0000927283
-0.0000537102
-0.0000199891
0.0000116048
0.0000585116
0.0000798982
0.000117348
0.000150401
0.000182831
0.000151211
0.000114857
0.0000829579
0.0000504501
0.0000111556
-0.0000186212
-0.0000629419
-0.0000987897
-0.000134428
-0.000174549
-0.000178988
-0.000184788
-0.000193684
-0.000202949
-0.000208646
-0.000209389
-0.000209318
-0.000211534
-0.000212164
-0.000211526
-0.000212561
-0.000211135
-0.000210211
-0.000198052
-0.0000865989
0.000554543
0.000572935
0.000578238
0.000580527
0.000580162
0.000580766
0.00057934
0.0005808
0.000579115
0.000579845
0.000573575
0.000564964
0.000558188
0.000552358
0.000542845
0.000499977
0.000460444
0.000433552
0.000390759
0.000356703
0.000324551
0.00029035
0.000256373
0.000221913
0.000189713
MomentY Data
-0.000114012
-0.00011332
-0.000113217
-0.000113765
-0.000114783
-0.000115903
-0.000113861
-0.000113829
-0.000115609
-0.000113448
-0.000116515
-0.000118375
-0.000119352
-0.000118057
-0.000120354
-0.000119527
-0.000120966
-0.000119599
-0.000120091
-0.000119805
-0.000118176
-0.000118868
-0.000120076
-0.000118971
-0.000119853
-0.000117509
-0.000115395
-0.000114759
-0.000116309
-0.000115649
-0.000117
-0.000117509
-0.00011541
-0.000116054
-0.000116944
-0.000116197
-0.000113328
-0.000114767
-0.000116213
-0.000114854
-0.000116388
-0.000112708
-0.000115204
-0.000112414
-0.000114171
-0.000112907
-0.000114139
-0.000114195
-0.000112518
-0.00011344
-0.000113829
-0.000112136
-0.000113352
-0.000114735
-0.000112764
-0.000109855
-0.000112653
-0.000112828
-0.000113058
-0.000111206
-0.000113988
-0.000115355
-0.000114417
-0.000117683
-0.00011576
-0.00011634
-0.000113249
-0.00011425
-0.000114767
-0.000116483
-0.000115005
-0.000116515
-0.000116936
-0.000115013
-0.000117215
-0.000117302
-0.000118868
-0.000116372
-0.000118216
-0.000118089
-0.000118597
-0.000120282
-0.000117977
-0.000117747
-0.000118494
-0.000119178
-0.000121681
-0.00011971
-0.000118637
-0.000119726
-0.000118574
-0.000115649
-0.00011843
-0.000116491
-0.000118303
-0.000118224
-0.000118121
-0.000117588
-0.000118407
-0.000116658
-0.000117008
Field Data
15000
13700
12400
11100
9799.99
8499.96
7199.95
5899.97
4599.97
3299.95
1999.96
1699.98
1399.97
1099.98
799.979
499.98
449.993
399.991
349.99
299.992
249.993
199.992
149.993
99.9927
49.9935
-0.00386388
-50.0071
-100.009
-150.007
-200.009
-250.003
-300.006
-350.004
-400.007
-450.007
-500.005
-800.012
-1100.01
-1400.02
-1700.01
-2000.02
-3300.05
-4600.06
-5900.07
-7200.06
-8500.04
-9800.03
-11100
-12400
-13700
-15000
-13700
-12400
-11100
-9799.97
-8499.97
-7199.96
-5899.96
-4599.95
-3299.99
-1999.96
-1699.97
-1399.98
-1099.97
-799.98
-499.979
-449.988
-399.99
-349.994
-299.991
-249.993
-199.992
-149.988
-99.9901
-49.9948
0.00743796
50.0071
100.006
150.008
200.007
250.008
300.008
350.007
400.001
450.003
500.003
800.009
1100.02
1400.01
1700.02
2000.02
3300.04
4600.05
5900.07
7200.07
8500.04
9800.03
11100
12400
13700
15000
Time Data
0
14.617
29.172
44.725
59.249
73.773
88.312
102.883
117.422
132.944
147.483
160.993
174.549
188.059
201.6
215.141
228.713
242.238
256.793
270.303
283.859
297.4
310.91
324.451
337.976
351.486
365.011
378.567
392.062
405.618
419.159
432.731
447.27
461.841
475.335
488.829
503.368
516.894
530.434
543.975
557.547
572.087
587.656
602.226
616.781
632.381
646.905
661.46
675.983
690.554
705.156
719.726
734.297
748.851
763.406
777.946
792.532
807.04
821.642
837.226
851.781
865.337
878.831
892.419
905.96
919.517
933.026
946.536
962.089
975.63
989.124
1002.7
1016.18
1029.7
1043.21
1056.7
1070.26
1083.82
1097.31
1110.84
1124.42
1137.95
1151.51
1166.14
1179.66
1193.19
1206.76
1220.32
1233.81
1247.34
1260.86
1275.48
1291.03
1305.6
1320.11
1334.74
1349.3
1363.82
1378.41
1392.93
1407.5
Temperature Data
0
0
0
0
0
0
0
0
0
0
0
0
0
0
0
0
0
0
0
0
0
0
0
0
0
0
0
0
0
0
0
0
0
0
0
0
0
0
0
0
0
0
0
0
0
0
0
0
0
0
0
0
0
0
0
0
0
0
0
0
0
0
0
0
0
0
0
0
0
0
0
0
0
0
0
0
0
0
0
0
0
0
0
0
0
0
0
0
0
0
0
0
0
0
0
0
0
0
0
0
0
Angle Data
0
0
0
0
0
0
0
0
0
0
0
0
0
0
0
0
0
0
0
0
0
0
0
0
0
0
0
0
0
0
0
0
0
0
0
0
0
0
0
0
0
0
0
0
0
0
0
0
0
0
0
0
0
0
0
0
0
0
0
0
0
0
0
0
0
0
0
0
0
0
0
0
0
0
0
0
0
0
0
0
0
0
0
0
0
0
0
0
0
0
0
0
0
0
0
0
0
0
0
0
0
Bx Data
0
0
0
0
0
0
0
0
0
0
0
0
0
0
0
0
0
0
0
0
0
0
0
0
0
0
0
0
0
0
0
0
0
0
0
0
0
0
0
0
0
0
0
0
0
0
0
0
0
0
0
0
0
0
0
0
0
0
0
0
0
0
0
0
0
0
0
0
0
0
0
0
0
0
0
0
0
0
0
0
0
0
0
0
0
0
0
0
0
0
0
0
0
0
0
0
0
0
0
0
0
Hint Data
0
0
0
0
0
0
0
0
0
0
0
0
0
0
0
0
0
0
0
0
0
0
0
0
0
0
0
0
0
0
0
0
0
0
0
0
0
0
0
0
0
0
0
0
0
0
0
0
0
0
0
0
0
0
0
0
0
0
0
0
0
0
0
0
0
0
0
0
0
0
0
0
0
0
0
0
0
0
0
0
0
0
0
0
0
0
0
0
0
0
0
0
0
0
0
0
0
0
0
0
0
Torque Data
-1.71018
-1.552484
-1.4038908
-1.2627915
-1.12487225217
-0.98517086388
-0.81979350695
-0.67158768513
-0.53179793173
-0.3743727276
-0.2330253394
-0.2012351325
-0.16708921944
-0.12986033886
-0.096280672566
-0.05976110946
-0.054433853238
-0.047838523609
-0.04203064909
-0.03594054156
-0.029543172768
-0.023772649056
-0.018010559468
-0.0118962315117
-0.0059918709555
4.5404067492E-07
0.0057705693045
0.011476932831
0.017447164163
0.023130840841
0.029250351
0.035253405054
0.04039396164
0.046422412378
0.052625618608
0.058099080985
0.090663759936
0.12624484767
0.16270052426
0.19525294854
0.23277832776
0.3719420354
0.52994531224
0.66325046898
0.82203805026
0.95971401628
1.11856562417
1.2675645
1.3952232
1.554128
1.707435
1.5362632
1.4055648
1.2735585
1.10508381708
0.93376420435
0.81109709388
0.66568068688
0.5200611471
0.36697868794
0.22797144048
0.19610003935
0.16018151166
0.12944776951
0.0926056848
0.05816755686
0.050960691012
0.0456988575
0.040167761398
0.034943851653
0.028750444965
0.02330206788
0.017538996768
0.0115001613713
0.005860140482
-8.7248758392E-07
-0.0059442439628
-0.011637898232
-0.017733345728
-0.023618626623
-0.029650198776
-0.036085562256
-0.041292775839
-0.047098917747
-0.053322655482
-0.059589357534
-0.097345895129
-0.1316833942
-0.16609298637
-0.20353659452
-0.23715037148
-0.38164632596
-0.5447839215
-0.68730505437
-0.85178988121
-1.00490872896
-1.15758934363
-1.3052268
-1.4682468
-1.5982146
-1.75512
dMdH Data
-2.68923076923077E-08
-2.44061538461539E-08
-2.67546153846154E-08
-2.59982615518342E-08
-3.43476688999485E-08
-2.20859839539696E-08
-2.40942168341052E-08
-0.00000003218
-2.86741742434732E-08
-2.84871422087862E-08
-1.543769584639E-08
-2.35092163594544E-08
-3.45411513717123E-08
-1.93166022779926E-08
-2.92334307781025E-08
-3.34086862584283E-08
-2.85988560457531E-09
1.02597948041028E-08
-5.89823592943702E-08
3.77807556151108E-08
-7.71984560308806E-09
-1.10002200043998E-09
6.33396199622822E-08
2.53984063745018E-07
2.38694584551365E-06
1.26419817805984E-05
3.2786754103344E-07
1.26965078603144E-07
3.41786328546857E-08
2.14625755090613E-08
-7.47955122692652E-09
8.44033761350461E-09
-2.05787652740834E-08
3.87999999999983E-09
-1.59606384255373E-08
-1.98595366108124E-08
-1.93034620230801E-08
-2.43391886937102E-08
-3.75579185972866E-08
-2.69624345855138E-08
-2.92362483942678E-08
-2.89295466957946E-08
-3.00136922023677E-08
-2.59395072269787E-08
-2.430337389806E-08
-3.60824314033185E-08
-1.6451610421779E-08
-2.88075384615385E-08
-2.54253846153846E-08
-2.49461538461538E-08
-2.43230769230769E-08
-2.79646153846154E-08
-2.45377692307692E-08
-2.5005422951778E-08
-3.02265384615385E-08
-2.29050545765033E-08
-3.40928461538462E-08
-2.75750186537027E-08
-2.7414920459091E-08
-3.08615955016423E-08
-1.47971599053301E-08
-1.933397779926E-08
-2.9652344921836E-08
-3.08843628120937E-08
-1.89899367002109E-08
-1.4862675281551E-08
1.42005680227222E-09
-4.43235458836709E-08
-1.25992440453572E-08
1.27605104204172E-08
-2.069958600828E-08
2.85177185825136E-08
1.84807761926E-08
2.43202861068941E-07
2.2289622334336E-06
1.28229246727124E-05
3.67848092658038E-07
1.06055757769689E-07
4.57809156183111E-08
-7.29985400291996E-09
1.20800000000016E-08
-2.85205704114084E-08
2.92035044205305E-08
-3.36986520539194E-08
0.0000000146
-2.08995820083597E-08
-2.87022809163662E-08
-2.25874195806527E-08
-1.94326855771477E-08
-3.17099999999998E-08
-3.29748773095799E-08
-3.04097660787224E-08
-2.06858356025292E-08
-3.29176923076923E-08
-2.61975276352531E-08
-2.47324979422918E-08
-2.63090686708155E-08
-2.61361538461538E-08
-2.65076923076923E-08
-2.47692307692308E-08
-2.47692307692308E-08
dMdT Data
0
0
0
0
0
0
0
0
0
0
0
0
0
0
0
0
0
0
0
0
0
0
0
0
0
0
0
0
0
0
0
0
0
0
0
0
0
0
0
0
0
0
0
0
0
0
0
0
0
0
0
0
0
0
0
0
0
0
0
0
0
0
0
0
0
0
0
0
0
0
0
0
0
0
0
0
0
0
0
0
0
0
0
0
0
0
0
0
0
0
0
0
0
0
0
0
0
0
0
0
0
 
*********************************************** Results ***************************************
 
TotalArea 0.127126115468061
AreaFirstQuad 7.44485478245318E-02
AreaSecondQuad 1.24637392730356E-02
AreaThirdQuad 3.83402323529633E-02
AreaFourthQuad 1.87359601753097E-03
Coercivity 3993.4980989882
PositiveCoercivity -8022.54251143417
NegativeCoercivity -35.5463134577695
Retentivity 2.67975850902124E-04
PositiveRetentivity 4.49336222872314E-04
NegativeRetentivity -8.66154789319338E-05
Magnetization 0.0003992715
PositiveMagnetization 0.000585982
NegativeMagnetization -0.000212561
Flatness 1.51964348375676
Squareness 0.67116198101323
SStar 0.994692047638082
SFD1 -2.65233394740658
SFD2 1.89683113957641
Slope 0
Intercept 0
SlopeAtHc 1.26419817805984E-05
dH1 14585.5886758382
dH2 7574.99155
InitialSlope -2.68923076923077E-08
FieldAtHalfMs 0
FieldAtMs 299.992
MomentMean 1.86303216831683E-04
MomentRMS 3.23990518876271E-04
SFD3 0.994692047638082
dH3 21.1972976668409
UserField1 0
UserField2 0
CenterField 0
ExchangeField 0
ExchangeMoment 0
ExRegionOneIntercept 0
ExRegionOneSlope 0
ExRegionTwoIntercept 0
ExRegionTwoSlope 0
NegativeIntercept 0
NegativeSlope 0
AutoCenterOffset 0
PinningField 0
PinningMoment 0
PinRegionOneIntercept 0
PinRegionOneSlope 0
PinRegionTwoIntercept 0
PinRegionTwoSlope 0
PositiveIntercept 0
PositiveSlope 0
TotalOffset 0
BHMax 0
BCoercivity 0
BRetentivity 0
BNegativeCoercivity 0
BPositiveCoercivity 0
BNegativeRetentivity 0
BPositiveRetentivity 0
MomentYMean -1.1623796039604E-04
MomentYRMS 2.49103168555036E-06
YOffCorrection 0
Mrt 0
Ms1 0
Ms2 0
Ms3 0
Hc2 0
Hex2 0
HsatValue 0
HsatIntercept 0
HsatSlope 0
CenterH 0
Span .000798543
SpanAsPercentOfRange -61.4263846153846
RMSAsPercentOfRange -24.922347605867
SpanAsPercentOfMean 428.625449189881
RMSAsPercentOfMean 173.904951501177
