Version 1.25
******************************************** Units *******************************************
System CGS
TemperatureUnit K
MomentUnit emu
AppliedFieldUnit G
 
******************************************** Setup ********************************************
 
Experiment CustomField
Minor False
Acquisition PointByPoint
EditedPoint No
MaxField 15000
FieldIncrement 750
Points 101
MinField 0
RampRate 10
AverageTime 6
TimeInterval 10
TimeConstant 1
TimeConstantIndex 2
Sensitivity -0.0013
SensitivityIndex 5
SensitivityY -4
SensitivityIndexY 0
SaturationField 8000
ExperimentTime 606
Use735Domains False
AutoRangeEnabled False
NumberOfVertices 11
VertexPts
0
10
15
35
40
50
60
65
85
90
100
VertexField
15000
2000
500
-500
-2000
-15000
-2000
-500
500
2000
15000
StartAngle 0
EndAngle 0
AngleIncrement 0
StartTemp 0
FinishTemp 0
TempIncrement 0
TempPoints 0
LengthofSetPointsArray 101
SetPointArray
15000
13700
12400
11100
9800
8500
7200
5900
4600
3300
2000
1700
1400
1100
800
500
450
400
350
300
250
200
150
100
50
0
-50
-100
-150
-200
-250
-300
-350
-400
-450
-500
-800
-1100
-1400
-1700
-2000
-3300
-4600
-5900
-7200
-8500
-9800
-11100
-12400
-13700
-15000
-13700
-12400
-11100
-9800
-8500
-7200
-5900
-4600
-3300
-2000
-1700
-1400
-1100
-800
-500
-450
-400
-350
-300
-250
-200
-150
-100
-50
0
50
100
150
200
250
300
350
400
450
500
800
1100
1400
1700
2000
3300
4600
5900
7200
8500
9800
11100
12400
13700
15000
FieldDomainFile c:\Ideasvsm\Default UserID\Experiments\Jason_1p5T_cus\fdomain.ini
TempDomainFile c:\Ideasvsm\Default UserID\Experiments\Jason_1p5T_cus\tdomain.ini
NumSelectedResults 0
ResultsSelected 
UserName1 
UserValue1 
UserName2 
UserValue2 
LinearBackgroundCorrection Off
MaxLinearFieldCorrection 
MinLinearFieldCorrection 
AutoLinearCorrection Off
FitOneRegion Off
BackgroundMode Off
BackgroundFilename 
AutoCenter Off
OffsetCorrection 
SmoothDeriv Off
DerivOrder 0
DerivPoints 0
MinExFieldOne 
MaxExFieldOne 
MinExFieldTwo 
MaxExFieldTwo 
MinPinFieldOne 
MaxPinFieldOne 
MinPinFieldTwo 
MaxPinFieldTwo 
HCenterStart 
Mass 
Volume 
Density 
MolarWeight 
NumberOfMoles 
Demagnetization 
SampleArea 
Thickness 
MomentScaling 0
XAxis 0
YAxis 0
SimpleSpinValve False
HsatMax 0
HsatMin 0
FieldAutoRange True
 
*************************************************** Experiment Data ********************************************
 
DataPoints 101
MomentX Data
0.0000847625
0.000110267
0.000135081
0.000161147
0.000182964
0.000210262
0.000233009
0.000259121
0.000290119
0.000319292
0.000341896
0.000351019
0.000357066
0.000362781
0.000367212
0.000372155
0.000372416
0.000373096
0.000372476
0.000374142
0.000373343
0.000373508
0.000372102
0.000371449
0.000365104
0.000333798
0.0000151342
0.0000070752
0.00000425241
0.00000381093
0.00000342344
0.00000335941
0.00000352802
0.00000310457
0.00000381777
0.00000391978
0.00000881432
0.0000121291
0.0000190334
0.0000236885
0.0000304461
0.0000611222
0.0000841108
0.000103542
0.000134232
0.000169659
0.000191195
0.000215779
0.00024325
0.00026594
0.000289908
0.000266571
0.000240383
0.000216664
0.000192283
0.000161486
0.000138912
0.000107398
0.0000833173
0.000057446
0.0000288903
0.0000230887
0.00001549
0.0000114021
0.00000684679
0.00000231527
0.00000113815
-0.000000232429
-0.00000107722
-0.000000755602
-0.000000953538
-0.000000838087
-0.000000514784
0.00000112552
0.00000848563
0.000036605
0.000356438
0.000365595
0.000368201
0.000370674
0.000369619
0.000370042
0.000369976
0.000370196
0.000369074
0.000367794
0.000363735
0.000361285
0.000354
0.000348796
0.000343625
0.000307706
0.000280685
0.000259446
0.000232175
0.000204305
0.000176165
0.000156341
0.000131507
0.000106436
0.0000855475
MomentY Data
-0.000116833
-0.00011646
-0.000116952
-0.000114624
-0.000115156
-0.000113424
-0.00011487
-0.000116809
-0.000116746
-0.000116126
-0.000119591
-0.00011971
-0.000116889
-0.00011917
-0.000121045
-0.000120934
-0.000120584
-0.000120529
-0.000117747
-0.000117453
-0.000118192
-0.000117358
-0.000120417
-0.00011994
-0.000118685
-0.000121093
-0.000118375
-0.000118613
-0.000117691
-0.000118391
-0.000119185
-0.000116944
-0.00011731
-0.000119384
-0.000120759
-0.000120338
-0.000121832
-0.00011855
-0.000120354
-0.000120544
-0.000119519
-0.000117517
-0.000119813
-0.000118836
-0.000118272
-0.000118589
-0.000118399
-0.00011909
-0.000119511
-0.000118287
-0.000120465
-0.000119853
-0.000118534
-0.000120425
-0.000120926
-0.000119909
-0.000121689
-0.000119392
-0.000118454
-0.000119265
-0.000120775
-0.000120068
-0.000120831
-0.000120338
-0.00012033
-0.000119845
-0.00011917
-0.000121951
-0.000122205
-0.00012068
-0.000119917
-0.00012033
-0.00011994
-0.000119233
-0.000120823
-0.000122714
-0.000120028
-0.000124407
-0.000121085
-0.000122722
-0.000124518
-0.000120886
-0.000122492
-0.000123286
-0.000123159
-0.0001242
-0.000123008
-0.000123851
-0.000123294
-0.000124184
-0.000123119
-0.000119408
-0.000122213
-0.000119917
-0.000121586
-0.00012006
-0.00012029
-0.000120083
-0.00011704
-0.000119352
-0.000121458
Field Data
15000
13700
12400
11100
9799.98
8499.97
7199.95
5899.97
4599.96
3299.96
1999.96
1699.98
1399.97
1099.98
799.982
499.976
449.988
399.986
349.994
299.995
249.994
199.991
149.99
99.9915
49.9955
-0.00645845
-50.0078
-100.003
-150.008
-200.006
-250.003
-300.007
-350.006
-400.008
-450.008
-500.008
-800.015
-1100.01
-1400.01
-1700.02
-2000.02
-3300.05
-4600.06
-5900.08
-7200.06
-8500.05
-9800.02
-11100
-12400
-13700
-15000
-13700
-12400
-11100
-9799.98
-8499.98
-7199.96
-5899.96
-4599.97
-3300
-1999.96
-1699.97
-1399.98
-1099.98
-799.984
-499.978
-449.992
-399.992
-349.991
-299.994
-249.993
-199.99
-149.992
-99.9922
-49.9964
0.0043376
50.0063
100.005
150.005
200.008
250.006
300.007
350.007
400.004
450.004
500.006
800.01
1100.01
1400.01
1700.01
2000.02
3300.04
4600.05
5900.07
7200.07
8500.04
9800.03
11100
12400
13700
15000
Time Data
0
15.584
30.108
44.741
59.311
73.913
88.452
102.976
117.484
133.068
147.639
161.195
174.705
189.291
202.816
216.373
229.898
243.455
257.994
271.504
285.029
298.617
312.111
325.652
339.177
352.687
366.228
379.753
393.341
406.866
420.391
433.87
447.41
461.903
476.52
490.014
503.54
517.065
530.637
544.178
557.703
572.274
587.843
602.444
616.968
631.523
647.092
661.662
678.292
692.816
707.386
721.941
736.496
751.035
765.575
780.114
794.669
809.208
823.716
839.332
853.871
867.459
880.937
894.478
908.003
921.529
935.116
948.642
963.181
976.737
990.278
1003.77
1017.35
1030.89
1044.43
1057.94
1071.51
1085.05
1098.62
1112.16
1125.7
1139.23
1152.8
1167.34
1180.85
1194.41
1207.96
1221.52
1235.03
1248.59
1262.14
1276.73
1292.31
1306.84
1321.38
1335.98
1350.58
1365.13
1379.74
1394.27
1408.85
Temperature Data
0
0
0
0
0
0
0
0
0
0
0
0
0
0
0
0
0
0
0
0
0
0
0
0
0
0
0
0
0
0
0
0
0
0
0
0
0
0
0
0
0
0
0
0
0
0
0
0
0
0
0
0
0
0
0
0
0
0
0
0
0
0
0
0
0
0
0
0
0
0
0
0
0
0
0
0
0
0
0
0
0
0
0
0
0
0
0
0
0
0
0
0
0
0
0
0
0
0
0
0
0
Angle Data
0
0
0
0
0
0
0
0
0
0
0
0
0
0
0
0
0
0
0
0
0
0
0
0
0
0
0
0
0
0
0
0
0
0
0
0
0
0
0
0
0
0
0
0
0
0
0
0
0
0
0
0
0
0
0
0
0
0
0
0
0
0
0
0
0
0
0
0
0
0
0
0
0
0
0
0
0
0
0
0
0
0
0
0
0
0
0
0
0
0
0
0
0
0
0
0
0
0
0
0
0
Bx Data
0
0
0
0
0
0
0
0
0
0
0
0
0
0
0
0
0
0
0
0
0
0
0
0
0
0
0
0
0
0
0
0
0
0
0
0
0
0
0
0
0
0
0
0
0
0
0
0
0
0
0
0
0
0
0
0
0
0
0
0
0
0
0
0
0
0
0
0
0
0
0
0
0
0
0
0
0
0
0
0
0
0
0
0
0
0
0
0
0
0
0
0
0
0
0
0
0
0
0
0
0
Hint Data
0
0
0
0
0
0
0
0
0
0
0
0
0
0
0
0
0
0
0
0
0
0
0
0
0
0
0
0
0
0
0
0
0
0
0
0
0
0
0
0
0
0
0
0
0
0
0
0
0
0
0
0
0
0
0
0
0
0
0
0
0
0
0
0
0
0
0
0
0
0
0
0
0
0
0
0
0
0
0
0
0
0
0
0
0
0
0
0
0
0
0
0
0
0
0
0
0
0
0
0
0
Torque Data
-1.752495
-1.595502
-1.4502048
-1.2723264
-1.12852649688
-0.96410059728
-0.8270582565
-0.68916959573
-0.53702693016
-0.38321115496
-0.23917721636
-0.2035046058
-0.16364109333
-0.1310846166
-0.09683382119
-0.060464097584
-0.054261352992
-0.048209912594
-0.041210743518
-0.035235312735
-0.029547290848
-0.023470543778
-0.01806134583
-0.01199298051
-0.0059337159175
7.8207308585E-07
0.005919673325
0.011861655839
0.017654591528
0.023678910346
0.029796607555
0.035084018608
0.04105920386
0.047754555072
0.054342516072
0.060169962704
0.09746742748
0.1304061855
0.16849680354
0.20492721088
0.23904039038
0.38781197585
0.55114698878
0.70114190688
0.85156549632
1.00801242945
1.16031256798
1.321899
1.4819364
1.6205319
1.806975
1.6419861
1.4698216
1.3367175
1.18507238148
1.01922410182
0.87615593244
0.70440802432
0.54488484638
0.3935745
0.241545169
0.20411199796
0.16916098338
0.13236939324
0.09626207472
0.05991986341
0.05362554664
0.048779424392
0.042770650155
0.03620327592
0.029978410581
0.0240647967
0.01799004048
0.0119223699826
0.0060407150372
-5.322842464E-07
-0.0060021561764
-0.012441322035
-0.018163355425
-0.024545381776
-0.031130247108
-0.036266646202
-0.042873057444
-0.049314893144
-0.055422042636
-0.0621007452
-0.09840763008
-0.13623733851
-0.17261283294
-0.21111404184
-0.24624046238
-0.39405117632
-0.56218591065
-0.70751869419
-0.87542771102
-1.0205148024
-1.1788456087
-1.3329213
-1.451296
-1.6351224
-1.82187
dMdH Data
-1.96188461538462E-08
-1.90876923076923E-08
-2.00507692307692E-08
-1.67820495069307E-08
-2.09983000130768E-08
-1.74974231165675E-08
-2.00864628686595E-08
-2.38444319659079E-08
-2.24407692307692E-08
-1.73876923076923E-08
-3.04120274684979E-08
-2.01559948001734E-08
-1.90506350211674E-08
-1.47700984673231E-08
-1.64763371399238E-08
-5.22125310074397E-09
-1.35994560217597E-08
1.24019843174909E-08
-3.33206664133281E-08
1.59796804063919E-08
-3.29980201187921E-09
2.81194376112471E-08
1.30603918117551E-08
1.26910152812225E-07
6.26095476466282E-07
6.37310500321966E-06
1.61195474765578E-07
5.64501549845015E-08
8.82995319812792E-09
7.75026501590096E-09
1.28049756019519E-09
-3.37226744534891E-09
8.46866125354986E-09
-0.000000014264
-0.0000000020402
-1.63147526557714E-08
-1.10494508241804E-08
-2.30143333333333E-08
-1.55164827839072E-08
-2.25253333333333E-08
-2.35964554664123E-08
-1.76834024353659E-08
-1.49468469715851E-08
-2.36080555085463E-08
-2.725174809037E-08
-1.65665361508342E-08
-1.89110601701565E-08
-2.11315384615385E-08
-1.74538461538461E-08
-1.84369230769231E-08
-1.79515384615385E-08
-2.01446153846154E-08
-1.82453846153846E-08
-1.87543268565099E-08
-0.00000002369
-1.73643482407963E-08
-2.42415384615384E-08
-1.85237578750606E-08
-1.99014592644446E-08
-2.19652472231624E-08
-1.9339311310377E-08
-2.53298443281443E-08
-1.36263333333333E-08
-1.51845691275884E-08
-1.51047645713752E-08
-2.35489937182411E-08
-0.00000002741158
-1.68954820903582E-08
6.43274596475789E-09
-3.95864082718346E-09
2.30888146711197E-09
6.46631865274611E-09
3.28062112248449E-08
1.47214566023546E-07
5.62379103783461E-07
6.39640895374138E-06
1.83144761763807E-07
5.21199999999999E-08
4.94570325780445E-08
-2.11008440337607E-08
8.45983080338378E-09
-1.32000000000018E-09
4.40026401584084E-09
-2.24399999999999E-08
-2.55989760409581E-08
-1.35298196024053E-08
-8.16666666666677E-09
-2.42833333333333E-08
-1.73466666666666E-08
-1.72360921302623E-08
-2.76295749296165E-08
-2.07852247290406E-08
-1.63374409624467E-08
-2.09776923076923E-08
-2.14389562836065E-08
-2.16463203563104E-08
-1.52495826826773E-08
-1.91030769230769E-08
-1.92853846153846E-08
-1.60680769230769E-08
-1.60680769230769E-08
dMdT Data
0
0
0
0
0
0
0
0
0
0
0
0
0
0
0
0
0
0
0
0
0
0
0
0
0
0
0
0
0
0
0
0
0
0
0
0
0
0
0
0
0
0
0
0
0
0
0
0
0
0
0
0
0
0
0
0
0
0
0
0
0
0
0
0
0
0
0
0
0
0
0
0
0
0
0
0
0
0
0
0
0
0
0
0
0
0
0
0
0
0
0
0
0
0
0
0
0
0
0
0
0
 
*********************************************** Results ***************************************
 
TotalArea 9.19555875026477E-02
AreaFirstQuad 7.24831063045006E-02
AreaSecondQuad 1.92589224724217E-02
AreaThirdQuad 2.13558725724828E-04
AreaFourthQuad 0
Coercivity 137.08544466598
PositiveCoercivity -134.300337330641
NegativeCoercivity -408.4712266626
Retentivity 1.48599741490965E-04
PositiveRetentivity 3.3380204360633E-04
NegativeRetentivity 3.66025606243994E-05
Magnetization 0.00018760961
PositiveMagnetization 0.000374142
NegativeMagnetization -0.00000107722
Flatness 0.953455410949014
Squareness 0.792068921687782
SStar 40.5450965176754
SFD1 -98.8252323981379
SFD2 55.2574649223856
Slope 0
Intercept 0
SlopeAtHc -0.00000002741158
dH1 13684.5863721835
dH2 7574.99415
InitialSlope -1.96188461538462E-08
FieldAtHalfMs 0
FieldAtMs 299.995
MomentMean 1.85234675742574E-04
MomentRMS 1.47372330007689E-04
SFD3 110.717878418922
dH3 -15040.7241508658
UserField1 0
UserField2 0
CenterField 0
ExchangeField 0
ExchangeMoment 0
ExRegionOneIntercept 0
ExRegionOneSlope 0
ExRegionTwoIntercept 0
ExRegionTwoSlope 0
NegativeIntercept 0
NegativeSlope 0
AutoCenterOffset 0
PinningField 0
PinningMoment 0
PinRegionOneIntercept 0
PinRegionOneSlope 0
PinRegionTwoIntercept 0
PinRegionTwoSlope 0
PositiveIntercept 0
PositiveSlope 0
TotalOffset 0
BHMax 0
BCoercivity 0
BRetentivity 0
BNegativeCoercivity 0
BPositiveCoercivity 0
BNegativeRetentivity 0
BPositiveRetentivity 0
MomentYMean -1.19773742574257E-04
MomentYRMS 2.19812191496953E-06
YOffCorrection 0
Mrt 0
Ms1 0
Ms2 0
Ms3 0
Hc2 0
Hex2 0
HsatValue 0
HsatIntercept 0
HsatSlope 0
CenterH 0
Span .00037521922
SpanAsPercentOfRange -28.8630169230769
RMSAsPercentOfRange -11.3363330775145
SpanAsPercentOfMean 202.564243706428
RMSAsPercentOfMean 79.5597959274624
