Version 1.25
******************************************** Units *******************************************
System CGS
TemperatureUnit K
MomentUnit emu
AppliedFieldUnit G
 
******************************************** Setup ********************************************
 
Experiment CustomField
Minor False
Acquisition PointByPoint
EditedPoint No
MaxField 1000
FieldIncrement 30.769
Points 55
MinField 0
RampRate 10
AverageTime 3
TimeInterval 0
TimeConstant 0.3
TimeConstantIndex 1
Sensitivity -0.0015
SensitivityIndex 5
SensitivityY -4
SensitivityIndexY 0
SaturationField 8000
ExperimentTime 165
Use735Domains False
AutoRangeEnabled False
NumberOfVertices 11
VertexPts
0
5
11
16
22
27
32
38
43
49
54
VertexField
1000
500
380
-380
-500
-1000
-500
-380
380
500
1000
StartAngle 0
EndAngle 0
AngleIncrement 0
StartTemp 0
FinishTemp 0
TempIncrement 0
TempPoints 0
LengthofSetPointsArray 55
SetPointArray
1000
900
800
700
600
500
480
460
440
420
400
380
228
76
-76
-228
-380
-400
-420
-440
-460
-480
-500
-600
-700
-800
-900
-1000
-900
-800
-700
-600
-500
-480
-460
-440
-420
-400
-380
-228
-76
76
228
380
400
420
440
460
480
500
600
700
800
900
1000
FieldDomainFile c:\Ideasvsm\Default UserID\Experiments\Jason_1kG\fdomain.ini
TempDomainFile c:\Ideasvsm\Default UserID\Experiments\Jason_1kG\tdomain.ini
NumSelectedResults 0
ResultsSelected 
UserName1 
UserValue1 
UserName2 
UserValue2 
LinearBackgroundCorrection Off
MaxLinearFieldCorrection 
MinLinearFieldCorrection 
AutoLinearCorrection Off
FitOneRegion Off
BackgroundMode Off
BackgroundFilename 
AutoCenter Off
OffsetCorrection 
SmoothDeriv Off
DerivOrder 0
DerivPoints 0
MinExFieldOne 
MaxExFieldOne 
MinExFieldTwo 
MaxExFieldTwo 
MinPinFieldOne 
MaxPinFieldOne 
MinPinFieldTwo 
MaxPinFieldTwo 
HCenterStart 
Mass 
Volume 
Density 
MolarWeight 
NumberOfMoles 
Demagnetization 
SampleArea 
Thickness 
MomentScaling 0
XAxis 0
YAxis 0
SimpleSpinValve False
HsatMax 0
HsatMin 0
FieldAutoRange True
 
*************************************************** Experiment Data ********************************************
 
DataPoints 55
MomentX Data
0.000221929
0.000224875
0.000226458
0.000225908
0.000224693
0.000226752
0.000227876
0.000228519
0.000227457
0.000226787
0.000227964
0.000226501
0.000229631
0.00022877
0.000224942
0.000221823
0.000220874
0.000220825
0.000221854
0.000220247
0.000220062
0.000222911
0.000222309
0.000219904
0.000220297
0.000226418
0.000225341
0.000224833
0.000224958
0.000223229
0.000223311
0.000221057
0.000222076
0.00022093
0.000221572
0.000221018
0.000220809
0.000220953
0.000219302
0.000218919
0.000221342
0.0002236
0.000226877
0.000226201
0.000226693
0.000227604
0.00022488
0.000225002
0.000225026
0.000224285
0.000225603
0.000223506
0.000220978
0.000220303
0.000220385
MomentY Data
-0.000123692
-0.000121164
-0.00012056
-0.000123342
-0.000122229
-0.000120195
-0.000120258
-0.000120576
-0.000120258
-0.000120497
-0.000120513
-0.000119766
-0.000120497
-0.000120481
-0.000120354
-0.000121546
-0.000119591
-0.000118685
-0.000120306
-0.000119861
-0.000120878
-0.000118367
-0.000120719
-0.000120163
-0.000118621
-0.000120672
-0.000118065
-0.000119448
-0.000118701
-0.000119209
-0.000118303
-0.000120513
-0.000120306
-0.000119543
-0.000116666
-0.000118828
-0.000116873
-0.000117143
-0.000119082
-0.00011886
-0.00011886
-0.000119289
-0.000117683
-0.000118065
-0.000119591
-0.000121466
-0.000118717
-0.000118272
-0.000119988
-0.000120544
-0.000122213
-0.000122404
-0.000122325
-0.000122309
-0.000121307
Field Data
1000
899.997
799.999
699.996
599.989
499.997
479.998
459.999
440
419.999
399.996
380.007
227.992
75.9838
-76.0198
-228.019
-380.02
-400.005
-420.008
-440.009
-460.009
-480.012
-500.012
-600.013
-700.019
-800.018
-900.013
-1000.02
-900.002
-800
-700.001
-599.999
-500.003
-480.003
-460.001
-439.998
-419.998
-399.994
-379.996
-227.998
-75.9955
76.0084
228.003
380.01
400.002
420.001
440.004
460.007
480.003
500.003
600.002
700.01
800.004
900.008
1000
Time Data
0
10.421
20.81
31.262
41.668
52.088
62.525
72.93
83.335
93.756
104.146
114.582
127.063
137.483
148.918
159.324
170.79
181.195
191.663
202.083
212.535
222.972
233.393
243.798
254.157
264.562
274.967
285.388
295.84
306.261
316.713
327.149
337.586
348.007
358.412
368.833
379.254
389.69
400.064
411.53
421.936
432.372
442.793
454.228
464.649
475.054
485.49
495.911
506.348
516.737
527.174
537.61
548.031
558.483
568.904
Temperature Data
0
0
0
0
0
0
0
0
0
0
0
0
0
0
0
0
0
0
0
0
0
0
0
0
0
0
0
0
0
0
0
0
0
0
0
0
0
0
0
0
0
0
0
0
0
0
0
0
0
0
0
0
0
0
0
Angle Data
0
0
0
0
0
0
0
0
0
0
0
0
0
0
0
0
0
0
0
0
0
0
0
0
0
0
0
0
0
0
0
0
0
0
0
0
0
0
0
0
0
0
0
0
0
0
0
0
0
0
0
0
0
0
0
Bx Data
0
0
0
0
0
0
0
0
0
0
0
0
0
0
0
0
0
0
0
0
0
0
0
0
0
0
0
0
0
0
0
0
0
0
0
0
0
0
0
0
0
0
0
0
0
0
0
0
0
0
0
0
0
0
0
Hint Data
0
0
0
0
0
0
0
0
0
0
0
0
0
0
0
0
0
0
0
0
0
0
0
0
0
0
0
0
0
0
0
0
0
0
0
0
0
0
0
0
0
0
0
0
0
0
0
0
0
0
0
0
0
0
0
Torque Data
-0.123692
-0.109047236508
-0.09644787944
-0.086338906632
-0.073336055481
-0.060097139415
-0.057723599484
-0.055464839424
-0.05291352
-0.050608619503
-0.048204717948
-0.045511918362
-0.027472352024
-0.0091546042078
0.0091492870092
0.027714797374
0.04544697182
0.047474593425
0.050529482448
0.052739918749
0.055604967902
0.056817580404
0.060360948628
0.072099362119
0.083036953799
0.096539772096
0.106260034845
0.11945038896
0.106831137402
0.0953672
0.082812218303
0.072307679487
0.060153360918
0.057380998629
0.053666476666
0.052284082344
0.049086426254
0.046856497142
0.045250683672
0.02709984228
0.00903282513
-0.0090669660276
-0.026832077049
-0.04486588065
-0.047836639182
-0.051015841466
-0.052235954868
-0.054405947904
-0.057594599964
-0.060272361632
-0.073328044426
-0.08568402404
-0.0978604893
-0.110079078472
-0.121307
dMdH Data
-2.94591162265133E-08
-1.5830316606332E-08
5.49983500494971E-09
1.21491495595308E-08
-2.05916473317863E-08
-5.62028101405082E-08
-3.21516075803784E-08
5.31026551327565E-08
3.34983250837461E-08
-5.88411738239259E-08
7.31902546400519E-08
-2.05900733480249E-08
5.66416811724633E-09
2.51836140722982E-08
2.05198448412886E-08
6.24337997776335E-09
2.45183887916E-09
-5.14422836574524E-08
8.03459827008655E-08
9.24999999999928E-09
-1.42428635704644E-07
3.0100000000001E-08
2.4049759502405E-08
-3.92976421414723E-09
-6.12106121061212E-08
1.07705385269265E-08
5.07964442489029E-09
1.24977504049288E-09
-1.7289654206916E-08
8.20008200081901E-10
-2.25395492090157E-08
1.01904076163046E-08
-5.7300000000001E-08
3.20967903209692E-08
-2.76958456231577E-08
-1.04499999999992E-08
7.19856028794195E-09
-8.25582558255824E-08
-2.51976999697355E-09
1.59405272939589E-08
1.48548820128957E-08
2.15599764728485E-08
-4.44716361746493E-09
2.46098439375747E-08
4.5552277613881E-08
-1.36179573064041E-07
6.09908513722924E-09
1.20024004800952E-09
-3.70499999999993E-08
1.31801318013179E-08
-2.09683225341973E-08
-2.52815168910133E-08
-6.7497300107996E-09
8.20065605248321E-10
8.20065605248321E-10
dMdT Data
0
0
0
0
0
0
0
0
0
0
0
0
0
0
0
0
0
0
0
0
0
0
0
0
0
0
0
0
0
0
0
0
0
0
0
0
0
0
0
0
0
0
0
0
0
0
0
0
0
0
0
0
0
0
0
 
*********************************************** Results ***************************************
 
TotalArea 0.00388841793685
AreaFirstQuad 2.76796633544574E-03
AreaSecondQuad 1.12045160140425E-03
AreaThirdQuad 0
AreaFourthQuad 0
Coercivity 0
PositiveCoercivity 0
NegativeCoercivity 0
Retentivity 2.19277455952114E-06
PositiveRetentivity 2.26856453305053E-04
NegativeRetentivity 2.22470904186011E-04
Magnetization 0.000229631
PositiveMagnetization 0.000229631
NegativeMagnetization 0.000218919
Flatness -102.45635045793
Squareness 9.54912254669947E-03
SStar 0
SFD1 0
SFD2 0
Slope 0
Intercept 0
SlopeAtHc 8.20065605248321E-10
dH1 0
dH2 394.0025
InitialSlope -2.94591162265133E-08
FieldAtHalfMs 0
FieldAtMs 227.992
MomentMean 2.23766890909091E-04
MomentRMS 2.86111928805343E-06
SFD3 0
dH3 0
UserField1 0
UserField2 0
CenterField 0
ExchangeField 0
ExchangeMoment 0
ExRegionOneIntercept 0
ExRegionOneSlope 0
ExRegionTwoIntercept 0
ExRegionTwoSlope 0
NegativeIntercept 0
NegativeSlope 0
AutoCenterOffset 0
PinningField 0
PinningMoment 0
PinRegionOneIntercept 0
PinRegionOneSlope 0
PinRegionTwoIntercept 0
PinRegionTwoSlope 0
PositiveIntercept 0
PositiveSlope 0
TotalOffset 0
BHMax 0
BCoercivity 0
BRetentivity 0
BNegativeCoercivity 0
BPositiveCoercivity 0
BNegativeRetentivity 0
BPositiveRetentivity 0
MomentYMean -1.19970254545455E-04
MomentYRMS 1.53633425204502E-06
YOffCorrection 0
Mrt 0
Ms1 0
Ms2 0
Ms3 0
Hc2 0
Hex2 0
HsatValue 0
HsatIntercept 0
HsatSlope 0
CenterH 0
Span .000010712
SpanAsPercentOfRange -.714133333333333
RMSAsPercentOfRange -.190741285870229
SpanAsPercentOfMean 4.78712465301756
RMSAsPercentOfMean 1.27861600812777
