Version 1.25
******************************************** Units *******************************************
System CGS
TemperatureUnit K
MomentUnit emu
AppliedFieldUnit G
 
******************************************** Setup ********************************************
 
Experiment CustomField
Minor False
Acquisition PointByPoint
EditedPoint No
MaxField 15000
FieldIncrement 750
Points 101
MinField 0
RampRate 10
AverageTime 6
TimeInterval 10
TimeConstant 1
TimeConstantIndex 2
Sensitivity -0.0015
SensitivityIndex 5
SensitivityY -4
SensitivityIndexY 0
SaturationField 8000
ExperimentTime 606
Use735Domains False
AutoRangeEnabled False
NumberOfVertices 11
VertexPts
0
10
15
35
40
50
60
65
85
90
100
VertexField
15000
2000
500
-500
-2000
-15000
-2000
-500
500
2000
15000
StartAngle 0
EndAngle 0
AngleIncrement 0
StartTemp 0
FinishTemp 0
TempIncrement 0
TempPoints 0
LengthofSetPointsArray 101
SetPointArray
15000
13700
12400
11100
9800
8500
7200
5900
4600
3300
2000
1700
1400
1100
800
500
450
400
350
300
250
200
150
100
50
0
-50
-100
-150
-200
-250
-300
-350
-400
-450
-500
-800
-1100
-1400
-1700
-2000
-3300
-4600
-5900
-7200
-8500
-9800
-11100
-12400
-13700
-15000
-13700
-12400
-11100
-9800
-8500
-7200
-5900
-4600
-3300
-2000
-1700
-1400
-1100
-800
-500
-450
-400
-350
-300
-250
-200
-150
-100
-50
0
50
100
150
200
250
300
350
400
450
500
800
1100
1400
1700
2000
3300
4600
5900
7200
8500
9800
11100
12400
13700
15000
FieldDomainFile c:\Ideasvsm\Default UserID\Experiments\Jason_1p5T_cus\fdomain.ini
TempDomainFile c:\Ideasvsm\Default UserID\Experiments\Jason_1p5T_cus\tdomain.ini
NumSelectedResults 0
ResultsSelected 
UserName1 
UserValue1 
UserName2 
UserValue2 
LinearBackgroundCorrection Off
MaxLinearFieldCorrection 
MinLinearFieldCorrection 
AutoLinearCorrection Off
FitOneRegion Off
BackgroundMode Off
BackgroundFilename 
AutoCenter Off
OffsetCorrection 
SmoothDeriv Off
DerivOrder 0
DerivPoints 0
MinExFieldOne 
MaxExFieldOne 
MinExFieldTwo 
MaxExFieldTwo 
MinPinFieldOne 
MaxPinFieldOne 
MinPinFieldTwo 
MaxPinFieldTwo 
HCenterStart 
Mass 
Volume 
Density 
MolarWeight 
NumberOfMoles 
Demagnetization 
SampleArea 
Thickness 
MomentScaling 0
XAxis 0
YAxis 0
SimpleSpinValve False
HsatMax 0
HsatMin 0
FieldAutoRange True
 
*************************************************** Experiment Data ********************************************
 
DataPoints 101
MomentX Data
0.000187044
0.000243275
0.000298087
0.000328355
0.000336148
0.000328676
0.000316442
0.000313424
0.000293108
0.000279836
0.000258598
0.000254974
0.000250567
0.000248116
0.000239508
0.000235983
0.000233157
0.000232708
0.000231031
0.000230181
0.000227407
0.000227922
0.000225637
0.000223951
0.000222621
0.000220666
0.000219792
0.00021703
0.000215796
0.000212739
0.000211262
0.000211811
0.000209303
0.000207226
0.000206631
0.000205937
0.000197876
0.000185109
0.000180604
0.00017618
0.000173655
0.000152459
0.000144936
0.000133827
0.00011201
0.0000965435
0.0000968049
0.00010158
0.000138457
0.000189608
0.000243041
0.000188167
0.000137325
0.000103255
0.0000978699
0.000101479
0.000113578
0.000128209
0.000140714
0.000156439
0.000176055
0.000174529
0.000180397
0.000185187
0.000192506
0.000199748
0.000198768
0.000200426
0.000201134
0.000202706
0.000204236
0.00020514
0.000207216
0.000208757
0.000210073
0.000211153
0.000214269
0.000215926
0.000217807
0.000221094
0.000220489
0.00022218
0.000222671
0.000226129
0.00022653
0.000227047
0.00023534
0.00024892
0.000250501
0.00025808
0.000261175
0.000271842
0.000291234
0.000298635
0.000317404
0.000332796
0.000335347
0.000330772
0.000295453
0.000243058
0.000188851
MomentY Data
-0.000117787
-0.000116467
-0.00012122
-0.000117954
-0.000120703
-0.000120012
-0.000119996
-0.000118931
-0.000118597
-0.000117763
-0.000120703
-0.000122102
-0.000121427
-0.000121593
-0.000122142
-0.000122794
-0.000121506
-0.000122277
-0.000124002
-0.000121649
-0.000120179
-0.000120672
-0.000119456
-0.000119344
-0.000118629
-0.000117636
-0.00011963
-0.000119066
-0.00011909
-0.000119098
-0.000118407
-0.000120584
-0.00011963
-0.000116992
-0.000121705
-0.000120083
-0.000120624
-0.000118836
-0.000121466
-0.000120513
-0.000118105
-0.000115959
-0.000115752
-0.000118518
-0.000117302
-0.000116404
-0.000118995
-0.000118868
-0.000116928
-0.000117779
-0.000117421
-0.000120282
-0.000119567
-0.000121117
-0.000115633
-0.000116531
-0.0001182
-0.000118748
-0.000116801
-0.00011851
-0.000120656
-0.00012064
-0.000121307
-0.00011967
-0.00012219
-0.00012091
-0.000122253
-0.000122348
-0.000122984
-0.00011975
-0.000122134
-0.000121164
-0.000121236
-0.000121514
-0.000118717
-0.000121101
-0.000120052
-0.000119464
-0.000120616
-0.000119956
-0.000120648
-0.000122118
-0.000122245
-0.000120608
-0.000120473
-0.000123103
-0.000120314
-0.000121315
-0.000121991
-0.000120552
-0.000119233
-0.000120282
-0.000118001
-0.000118836
-0.000116197
-0.000119599
-0.000118772
-0.000119281
-0.000117771
-0.000119265
-0.000115991
Field Data
15000
13700
12400
11100
9799.98
8499.97
7199.96
5899.97
4599.97
3299.94
1999.96
1699.97
1399.98
1099.98
799.977
499.979
449.991
399.995
349.987
299.993
249.995
199.992
149.994
99.9944
49.993
-0.0038509
-50.0075
-100.007
-150.007
-200.005
-250.006
-300.006
-350.009
-400.007
-450.006
-500.005
-800.015
-1100.02
-1400.02
-1700.02
-2000.02
-3300.05
-4600.06
-5900.06
-7200.06
-8500.04
-9800.03
-11100
-12400
-13700
-15000
-13700
-12400
-11100
-9799.99
-8499.97
-7199.96
-5899.97
-4599.97
-3299.99
-1999.97
-1699.98
-1399.98
-1099.98
-799.976
-499.985
-449.988
-399.993
-349.99
-299.99
-249.993
-199.996
-149.994
-99.9937
-49.9912
0.00279895
50.0035
100.003
150.003
200.002
250.005
300.006
350.008
399.998
450.004
500.004
800.011
1100.02
1400.02
1700.02
2000.02
3300.04
4600.05
5900.06
7200.07
8500.04
9800.02
11100
12400
13700
15000
Time Data
0
14.571
29.157
43.68
58.22
72.821
87.376
101.947
116.486
132.039
146.579
160.104
173.661
187.186
201.709
215.25
228.729
242.254
256.762
270.288
283.86
297.432
310.988
324.467
337.992
352.547
366.103
379.613
393.138
406.695
420.22
433.745
447.302
461.872
475.444
489.017
502.495
516.067
529.592
543.18
556.705
571.26
586.845
601.4
615.923
630.478
645.033
659.557
674.174
688.698
703.253
717.823
732.394
746.933
761.519
776.09
790.566
805.137
819.707
835.323
849.894
863.388
876.913
890.469
904.01
917.582
931.077
944.602
959.204
972.744
986.285
999.779
1013.31
1026.81
1040.39
1053.91
1067.42
1080.98
1094.49
1109.01
1122.62
1136.16
1149.71
1164.33
1177.84
1191.35
1204.84
1218.4
1231.94
1245.51
1259.07
1273.64
1289.22
1304.79
1319.38
1333.9
1348.5
1363.04
1377.6
1392.14
1406.68
Temperature Data
0
0
0
0
0
0
0
0
0
0
0
0
0
0
0
0
0
0
0
0
0
0
0
0
0
0
0
0
0
0
0
0
0
0
0
0
0
0
0
0
0
0
0
0
0
0
0
0
0
0
0
0
0
0
0
0
0
0
0
0
0
0
0
0
0
0
0
0
0
0
0
0
0
0
0
0
0
0
0
0
0
0
0
0
0
0
0
0
0
0
0
0
0
0
0
0
0
0
0
0
0
Angle Data
0
0
0
0
0
0
0
0
0
0
0
0
0
0
0
0
0
0
0
0
0
0
0
0
0
0
0
0
0
0
0
0
0
0
0
0
0
0
0
0
0
0
0
0
0
0
0
0
0
0
0
0
0
0
0
0
0
0
0
0
0
0
0
0
0
0
0
0
0
0
0
0
0
0
0
0
0
0
0
0
0
0
0
0
0
0
0
0
0
0
0
0
0
0
0
0
0
0
0
0
0
Bx Data
0
0
0
0
0
0
0
0
0
0
0
0
0
0
0
0
0
0
0
0
0
0
0
0
0
0
0
0
0
0
0
0
0
0
0
0
0
0
0
0
0
0
0
0
0
0
0
0
0
0
0
0
0
0
0
0
0
0
0
0
0
0
0
0
0
0
0
0
0
0
0
0
0
0
0
0
0
0
0
0
0
0
0
0
0
0
0
0
0
0
0
0
0
0
0
0
0
0
0
0
0
Hint Data
0
0
0
0
0
0
0
0
0
0
0
0
0
0
0
0
0
0
0
0
0
0
0
0
0
0
0
0
0
0
0
0
0
0
0
0
0
0
0
0
0
0
0
0
0
0
0
0
0
0
0
0
0
0
0
0
0
0
0
0
0
0
0
0
0
0
0
0
0
0
0
0
0
0
0
0
0
0
0
0
0
0
0
0
0
0
0
0
0
0
0
0
0
0
0
0
0
0
0
0
0
Torque Data
-1.766805
-1.5955979
-1.503128
-1.3092894
-1.18288698594
-1.02009839964
-0.86396640016
-0.70168933207
-0.54554264209
-0.38861083422
-0.24140117188
-0.20756973694
-0.16999537146
-0.13374986814
-0.097710790734
-0.061394421326
-0.054676606446
-0.048910188615
-0.043399087974
-0.036493848457
-0.030044149105
-0.024133434624
-0.017917683264
-0.0119337316736
-0.005930619597
4.530044724E-07
0.005982397225
0.011907433462
0.01786433363
0.02382019549
0.029602460442
0.036175923504
0.04187157667
0.046797618944
0.05476798023
0.060042100415
0.09650100936
0.13072197672
0.17005482932
0.20487451026
0.2362123621
0.38267049795
0.53246614512
0.69926331108
0.84458143812
0.98943865616
1.16615456985
1.3194348
1.4499072
1.6135723
1.761315
1.6478634
1.4826308
1.3443987
1.13320224367
0.99051000407
0.851035272
0.70060963756
0.53728109597
0.3910818149
0.24130838032
0.2050855872
0.16982737386
0.1316346066
0.09774906744
0.06045318635
0.055012382964
0.048938343564
0.04304317016
0.0359238025
0.030532645062
0.024232315344
0.018184672584
0.0121506344618
0.0059348052904
-3.3895564395E-07
-0.006003020182
-0.011946758392
-0.018092761848
-0.023991439912
-0.03016260324
-0.036636132708
-0.04278672796
-0.048242958784
-0.054213331892
-0.061551992412
-0.096252523454
-0.1334489263
-0.17078983982
-0.20494081104
-0.23846838466
-0.39693541128
-0.54281050005
-0.70113953016
-0.83662653379
-1.01659628396
-1.16396797544
-1.3240191
-1.4603604
-1.6339305
-1.739865
dMdH Data
-4.32546153846154E-08
-4.21630769230769E-08
-2.32830769230769E-08
-5.99452316118211E-09
5.74764809501462E-09
9.41069684079355E-09
2.32155631966398E-09
1.56276923076923E-08
1.02089951770344E-08
1.6337174418068E-08
1.20804026800894E-08
1.46904896829894E-08
8.16999999999998E-09
2.86930464028692E-08
1.17500783338556E-08
5.65335680563333E-08
8.98071845747651E-09
3.35346344584867E-08
1.70020402448292E-08
5.54822192887718E-08
-1.02993820370779E-08
4.57018280731231E-08
3.37202697621578E-08
2.65992552208541E-08
3.91024627513088E-08
1.7478724367738E-08
5.52405524055243E-08
2.46799999999999E-08
6.11424456978278E-08
2.95394092118158E-08
-0.00000001098
5.01569905805651E-08
4.15416616664669E-08
1.19002380047599E-08
1.38802776055522E-08
2.68691043631879E-08
4.25559574007099E-08
1.50166666666667E-08
1.47466666666667E-08
8.41666666666674E-09
1.63042391329431E-08
5.7868785624726E-09
8.54538461538462E-09
1.67823076923077E-08
1.18974907306266E-08
-2.01078469834386E-10
-3.67323861319877E-09
-2.83669230769231E-08
-3.93469230769231E-08
-4.11023076923077E-08
-4.22107692307692E-08
-3.91092307692308E-08
-2.62076923076923E-08
-4.14235275113268E-09
2.77618805864524E-09
9.30685148575781E-09
1.12547019592458E-08
9.61923076923077E-09
1.20963399436914E-08
1.50889986307903E-08
-5.08683622787421E-09
0.00000001956
1.59666666666666E-08
2.4396341382115E-08
2.41407242217266E-08
-1.96011760705644E-08
3.31633163316332E-08
1.41591504509731E-08
3.14400000000001E-08
3.06018361101665E-08
1.8081084865092E-08
4.15183392664293E-08
3.08198150811096E-08
2.63186840657964E-08
2.16025927647864E-08
6.23191262235313E-08
3.31403314033138E-08
3.76200000000004E-08
6.57413148262962E-08
-1.20992740435571E-08
3.38193236135274E-08
9.81960721571149E-09
6.91738347669532E-08
8.01903771547411E-09
1.03400000000002E-08
2.76426883372722E-08
4.52653087074055E-08
5.26999999999986E-09
2.52633333333334E-08
1.03166666666667E-08
8.20525838064031E-09
1.49168083322436E-08
5.69303313051436E-09
1.4437581249375E-08
1.18402732370747E-08
1.96233788212126E-09
-3.51928491207556E-09
-2.71684615384616E-08
-4.03038461538462E-08
-4.16976923076923E-08
-4.16976923076923E-08
dMdT Data
0
0
0
0
0
0
0
0
0
0
0
0
0
0
0
0
0
0
0
0
0
0
0
0
0
0
0
0
0
0
0
0
0
0
0
0
0
0
0
0
0
0
0
0
0
0
0
0
0
0
0
0
0
0
0
0
0
0
0
0
0
0
0
0
0
0
0
0
0
0
0
0
0
0
0
0
0
0
0
0
0
0
0
0
0
0
0
0
0
0
0
0
0
0
0
0
0
0
0
0
0
 
*********************************************** Results ***************************************
 
TotalArea 3.33314126866077E-02
AreaFirstQuad 0.029148391629697
AreaSecondQuad 4.18302105690983E-03
AreaThirdQuad 0
AreaFourthQuad 0
Coercivity 0
PositiveCoercivity 0
NegativeCoercivity 0
Retentivity 4.75660552212542E-06
PositiveRetentivity 2.20666150579674E-04
NegativeRetentivity 2.11152939535423E-04
Magnetization 0.000336148
PositiveMagnetization 0.000336148
NegativeMagnetization 0.0000965435
Flatness -45.3915179750017
Squareness 0.014150331169977
SStar 0
SFD1 0
SFD2 0
Slope 0
Intercept 0
SlopeAtHc -4.16976923076923E-08
dH1 0
dH2 274.9939
InitialSlope -4.32546153846154E-08
FieldAtHalfMs 0
FieldAtMs 9799.98
MomentMean 2.16101547524753E-04
MomentRMS 5.75487130688769E-05
SFD3 0
dH3 0
UserField1 0
UserField2 0
CenterField 0
ExchangeField 0
ExchangeMoment 0
ExRegionOneIntercept 0
ExRegionOneSlope 0
ExRegionTwoIntercept 0
ExRegionTwoSlope 0
NegativeIntercept 0
NegativeSlope 0
AutoCenterOffset 0
PinningField 0
PinningMoment 0
PinRegionOneIntercept 0
PinRegionOneSlope 0
PinRegionTwoIntercept 0
PinRegionTwoSlope 0
PositiveIntercept 0
PositiveSlope 0
TotalOffset 0
BHMax 0
BCoercivity 0
BRetentivity 0
BNegativeCoercivity 0
BPositiveCoercivity 0
BNegativeRetentivity 0
BPositiveRetentivity 0
MomentYMean -0.000119742
MomentYRMS 1.86721003639119E-06
YOffCorrection 0
Mrt 0
Ms1 0
Ms2 0
Ms3 0
Hc2 0
Hex2 0
HsatValue 0
HsatIntercept 0
HsatSlope 0
CenterH 0
Span .0002396045
SpanAsPercentOfRange -15.9736333333333
RMSAsPercentOfRange -3.83658087125846
SpanAsPercentOfMean 110.875883465182
RMSAsPercentOfMean 26.63040303415
