Version 1.25
******************************************** Units *******************************************
System CGS
TemperatureUnit K
MomentUnit emu
AppliedFieldUnit G
 
******************************************** Setup ********************************************
 
Experiment CustomField
Minor False
Acquisition PointByPoint
EditedPoint No
MaxField 2500
FieldIncrement 100
Points 123
MinField 0
RampRate 7.5187969924812
AverageTime 3
TimeInterval 0
TimeConstant 0.3
TimeConstantIndex 1
Sensitivity -0.0015
SensitivityIndex 5
SensitivityY -0.4
SensitivityIndexY 1
SaturationField 8000
ExperimentTime 369
Use735Domains False
AutoRangeEnabled False
NumberOfVertices 7
VertexPts
0
17
44
61
78
105
122
VertexField
2500
100
-100
-2500
-100
100
2500
StartAngle 0
EndAngle 0
AngleIncrement 0
StartTemp 0
FinishTemp 0
TempIncrement 0
TempPoints 0
LengthofSetPointsArray 123
SetPointArray
2500
2358.82352941176
2217.64705882353
2076.47058823529
1935.29411764706
1794.11764705882
1652.94117647059
1511.76470588235
1370.58823529412
1229.41176470588
1088.23529411765
947.058823529412
805.882352941176
664.705882352941
523.529411764706
382.35294117647
241.176470588235
100
92.5925925925926
85.1851851851852
77.7777777777778
70.3703703703704
62.962962962963
55.5555555555556
48.1481481481482
40.7407407407408
33.3333333333334
25.9259259259259
18.5185185185185
11.1111111111111
3.70370370370372
-3.70370370370368
-11.1111111111111
-18.5185185185185
-25.9259259259259
-33.3333333333333
-40.7407407407407
-48.1481481481481
-55.5555555555555
-62.9629629629629
-70.3703703703703
-77.7777777777777
-85.1851851851851
-92.5925925925926
-100
-241.176470588235
-382.352941176471
-523.529411764706
-664.705882352941
-805.882352941177
-947.058823529412
-1088.23529411765
-1229.41176470588
-1370.58823529412
-1511.76470588235
-1652.94117647059
-1794.11764705882
-1935.29411764706
-2076.47058823529
-2217.64705882353
-2358.82352941176
-2500
-2358.82352941176
-2217.64705882353
-2076.47058823529
-1935.29411764706
-1794.11764705882
-1652.94117647059
-1511.76470588235
-1370.58823529412
-1229.41176470588
-1088.23529411765
-947.058823529412
-805.882352941176
-664.705882352941
-523.529411764706
-382.35294117647
-241.176470588235
-100
-92.5925925925926
-85.1851851851852
-77.7777777777778
-70.3703703703704
-62.962962962963
-55.5555555555556
-48.1481481481482
-40.7407407407408
-33.3333333333334
-25.9259259259259
-18.5185185185185
-11.1111111111111
-3.70370370370372
3.70370370370368
11.1111111111111
18.5185185185185
25.9259259259259
33.3333333333333
40.7407407407407
48.1481481481481
55.5555555555555
62.9629629629629
70.3703703703703
77.7777777777777
85.1851851851851
92.5925925925926
100
241.176470588235
382.352941176471
523.529411764706
664.705882352941
805.882352941177
947.058823529412
1088.23529411765
1229.41176470588
1370.58823529412
1511.76470588235
1652.94117647059
1794.11764705882
1935.29411764706
2076.47058823529
2217.64705882353
2358.82352941176
2500
FieldDomainFile c:\Ideasvsm\Default UserID\Experiments\Hannah_2p5kG\fdomain.ini
TempDomainFile c:\Ideasvsm\Default UserID\Experiments\Hannah_2p5kG\tdomain.ini
NumSelectedResults 0
ResultsSelected 
UserName1 
UserValue1 
UserName2 
UserValue2 
LinearBackgroundCorrection Off
MaxLinearFieldCorrection 
MinLinearFieldCorrection 
AutoLinearCorrection Off
FitOneRegion Off
BackgroundMode Off
BackgroundFilename 
AutoCenter Off
OffsetCorrection 
SmoothDeriv Off
DerivOrder 0
DerivPoints 0
MinExFieldOne 
MaxExFieldOne 
MinExFieldTwo 
MaxExFieldTwo 
MinPinFieldOne 
MaxPinFieldOne 
MinPinFieldTwo 
MaxPinFieldTwo 
HCenterStart 
Mass 
Volume 
Density 
MolarWeight 
NumberOfMoles 
Demagnetization 
SampleArea 
Thickness 
MomentScaling 0
XAxis 0
YAxis 0
SimpleSpinValve False
HsatMax 0
HsatMin 0
FieldAutoRange True
 
*************************************************** Experiment Data ********************************************
 
DataPoints 123
MomentX Data
0.000265033
0.00026492
0.000262093
0.000261234
0.00025995
0.000257289
0.000254019
0.000250214
0.00024758
0.00024514
0.000243205
0.000237666
0.000233078
0.000229198
0.000226613
0.000223008
0.000219134
0.00021431
0.000213396
0.000212499
0.000213106
0.000213293
0.000213562
0.000213423
0.000213059
0.000213865
0.000214205
0.000212495
0.000212557
0.000210763
0.000212526
0.000213346
0.000210911
0.000209457
0.000209888
0.000210125
0.000210424
0.000210574
0.000209802
0.000210994
0.000210597
0.000208764
0.000209696
0.000210357
0.000207701
0.000204435
0.00020163
0.000197087
0.000192469
0.000189726
0.000185169
0.000180535
0.000179384
0.000177699
0.000173992
0.000176502
0.000171633
0.000171917
0.000169483
0.000167762
0.000166809
0.000167137
0.000167846
0.000168639
0.000172333
0.000174336
0.000176062
0.00017766
0.000181707
0.000183872
0.000187819
0.000188383
0.000192606
0.000194967
0.000199522
0.000203491
0.000210103
0.000212161
0.000217266
0.000216612
0.000216342
0.000215827
0.000218972
0.000216403
0.000214981
0.000217686
0.000216214
0.000217585
0.000219246
0.000218291
0.000218891
0.000218395
0.000219237
0.000219133
0.000218918
0.000221342
0.000220131
0.000220615
0.000220617
0.00022188
0.000221027
0.000219342
0.000224069
0.000221601
0.000223569
0.000223345
0.000226287
0.000228933
0.000235598
0.000238569
0.000240751
0.000246082
0.000249073
0.000250609
0.000254892
0.00025733
0.000254417
0.000258498
0.000258322
0.000260947
0.000259506
0.000262311
0.000265069
MomentY Data
-0.000011212
-0.0000114393
-0.0000112772
-0.0000118065
-0.0000118049
-0.0000118653
-0.000011549
-0.000011433
-0.0000116158
-0.0000119877
-0.0000117334
-0.0000115903
-0.0000116762
-0.0000117826
-0.0000118272
-0.000011851
-0.0000119336
-0.0000116905
-0.0000117207
-0.0000116666
-0.0000116762
-0.0000117842
-0.0000119003
-0.0000119638
-0.0000118987
-0.0000122007
-0.0000120481
-0.0000117954
-0.0000118415
-0.0000120417
-0.000012029
-0.0000118049
-0.0000118113
-0.0000120163
-0.0000120274
-0.0000119082
-0.0000119829
-0.0000119034
-0.000012029
-0.0000116825
-0.0000120576
-0.0000119543
-0.0000119702
-0.0000119511
-0.0000121927
-0.000012145
-0.0000120942
-0.0000121625
-0.0000122722
-0.0000120703
-0.0000121387
-0.0000120894
-0.0000122245
-0.0000119988
-0.000012145
-0.0000121355
-0.000012126
-0.0000121593
-0.0000116634
-0.0000116666
-0.0000114107
-0.0000117731
-0.0000115585
-0.0000117795
-0.0000116428
-0.0000120544
-0.0000119813
-0.0000118001
-0.000012064
-0.0000118287
-0.0000116984
-0.0000119861
-0.0000118907
-0.0000118685
-0.0000117334
-0.0000119623
-0.000011762
-0.0000118971
-0.0000119654
-0.0000121387
-0.0000119098
-0.000012056
-0.0000119702
-0.000012064
-0.0000120529
-0.000011967
-0.0000119352
-0.0000120099
-0.0000120974
-0.0000121752
-0.0000120656
-0.0000120115
-0.0000122706
-0.0000120735
-0.0000121625
-0.0000120274
-0.0000120322
-0.0000118399
-0.0000118542
-0.0000120401
-0.0000118637
-0.0000120306
-0.000011878
-0.0000119575
-0.000012037
-0.0000118907
-0.0000121133
-0.0000120322
-0.0000122086
-0.0000120974
-0.0000120783
-0.0000120147
-0.0000120211
-0.0000119607
-0.000012242
-0.0000121975
-0.0000120306
-0.0000118939
-0.000011905
-0.0000119146
-0.0000118637
-0.000011762
-0.0000119448
Field Data
2500.02
2358.82
2217.65
2076.47
1935.3
1794.11
1652.94
1511.76
1370.58
1229.4
1088.23
947.047
805.865
664.696
523.514
382.334
241.161
99.981
92.5906
85.1819
77.7795
70.368
62.9609
55.5513
48.1431
40.7358
33.327
25.9291
18.514
11.1094
3.70758
-3.71005
-11.1129
-18.5223
-25.9279
-33.3292
-40.7443
-48.1455
-55.5661
-62.9628
-70.3759
-77.779
-85.1892
-92.5917
-100.001
-241.184
-382.369
-523.548
-664.727
-805.902
-947.079
-1088.26
-1229.44
-1370.61
-1511.78
-1652.96
-1794.13
-1935.31
-2076.49
-2217.66
-2358.85
-2500.02
-2358.82
-2217.63
-2076.47
-1935.29
-1794.11
-1652.94
-1511.76
-1370.58
-1229.41
-1088.23
-947.053
-805.876
-664.685
-523.516
-382.345
-241.171
-99.986
-92.5909
-85.1773
-77.7739
-70.3642
-62.9636
-55.5507
-48.14
-40.7448
-33.3315
-25.9239
-18.5126
-11.1104
-3.7031
3.70417
11.109
18.5226
25.9261
33.3308
40.7411
48.1487
55.5603
62.9646
70.3657
77.7733
85.1868
92.6
100.007
241.176
382.359
523.538
664.72
805.894
947.076
1088.25
1229.42
1370.61
1511.78
1652.95
1794.13
1935.3
2076.49
2217.67
2358.84
2500.01
Time Data
0
10.405
20.826
31.231
41.683
52.088
62.478
72.899
83.32
93.709
104.146
115.628
126.033
137.468
147.873
158.294
169.729
180.15
190.57
200.991
211.381
221.786
232.207
242.644
253.033
263.438
273.875
284.265
294.701
305.106
315.543
325.932
336.338
346.743
357.164
367.569
378.006
388.426
398.847
409.253
419.658
430.063
440.484
450.905
461.341
471.747
484.242
494.679
505.1
515.536
525.973
536.409
546.861
557.282
567.718
578.077
588.467
598.903
609.324
619.792
630.181
640.586
650.976
661.366
671.787
682.176
692.613
703.034
713.455
723.875
734.296
744.717
755.154
765.559
775.98
786.401
796.837
808.272
818.708
829.082
839.519
849.94
860.392
870.813
881.234
891.67
902.075
912.481
922.948
933.385
943.79
954.195
965.677
976.098
986.487
996.908
1007.33
1017.73
1028.17
1038.58
1048.97
1059.4
1069.84
1080.27
1090.71
1101.13
1111.54
1123
1133.41
1143.85
1154.25
1164.7
1176.15
1186.57
1196.99
1207.42
1217.84
1228.24
1238.68
1249.08
1259.5
1269.96
1280.38
Temperature Data
0
0
0
0
0
0
0
0
0
0
0
0
0
0
0
0
0
0
0
0
0
0
0
0
0
0
0
0
0
0
0
0
0
0
0
0
0
0
0
0
0
0
0
0
0
0
0
0
0
0
0
0
0
0
0
0
0
0
0
0
0
0
0
0
0
0
0
0
0
0
0
0
0
0
0
0
0
0
0
0
0
0
0
0
0
0
0
0
0
0
0
0
0
0
0
0
0
0
0
0
0
0
0
0
0
0
0
0
0
0
0
0
0
0
0
0
0
0
0
0
0
0
0
Angle Data
0
0
0
0
0
0
0
0
0
0
0
0
0
0
0
0
0
0
0
0
0
0
0
0
0
0
0
0
0
0
0
0
0
0
0
0
0
0
0
0
0
0
0
0
0
0
0
0
0
0
0
0
0
0
0
0
0
0
0
0
0
0
0
0
0
0
0
0
0
0
0
0
0
0
0
0
0
0
0
0
0
0
0
0
0
0
0
0
0
0
0
0
0
0
0
0
0
0
0
0
0
0
0
0
0
0
0
0
0
0
0
0
0
0
0
0
0
0
0
0
0
0
0
Bx Data
0
0
0
0
0
0
0
0
0
0
0
0
0
0
0
0
0
0
0
0
0
0
0
0
0
0
0
0
0
0
0
0
0
0
0
0
0
0
0
0
0
0
0
0
0
0
0
0
0
0
0
0
0
0
0
0
0
0
0
0
0
0
0
0
0
0
0
0
0
0
0
0
0
0
0
0
0
0
0
0
0
0
0
0
0
0
0
0
0
0
0
0
0
0
0
0
0
0
0
0
0
0
0
0
0
0
0
0
0
0
0
0
0
0
0
0
0
0
0
0
0
0
0
Hint Data
0
0
0
0
0
0
0
0
0
0
0
0
0
0
0
0
0
0
0
0
0
0
0
0
0
0
0
0
0
0
0
0
0
0
0
0
0
0
0
0
0
0
0
0
0
0
0
0
0
0
0
0
0
0
0
0
0
0
0
0
0
0
0
0
0
0
0
0
0
0
0
0
0
0
0
0
0
0
0
0
0
0
0
0
0
0
0
0
0
0
0
0
0
0
0
0
0
0
0
0
0
0
0
0
0
0
0
0
0
0
0
0
0
0
0
0
0
0
0
0
0
0
0
Torque Data
-0.02803022424
-0.026983249626
-0.02500888258
-0.024515843055
-0.02284602297
-0.021287653383
-0.01908980406
-0.01728395208
-0.015920383164
-0.01473767838
-0.012768637882
-0.0109765588441
-0.009409440913
-0.0078318470896
-0.0061917047808
-0.004531040234
-0.0028779189096
-0.0011688278805
-0.00108522664542
-0.00099378315454
-0.0009081689979
-0.0008292305856
-0.00074925359827
-0.00066460464294
-0.00057284030397
-0.00049700527506
-0.0004015270287
-0.00030584410614
-0.000219233531
-0.00013377606198
-0.00004459847982
0.000043796769245
0.00013125779577
0.00022256951349
0.00031184522446
0.00039689077944
0.00048823487247
0.0005730951447
0.0006684046169
0.000735562911
0.00084856445184
0.0009297934997
0.00101973176184
0.00110657266587
0.0012192821927
0.00292917968
0.0046244471598
0.00636765255
0.0081576626894
0.0097274789106
0.0114963078573
0.013156410444
0.01502928928
0.016445675268
0.0183605681
0.02005949608
0.02175562038
0.023532014883
0.024218933466
0.025872552156
0.026916129695
0.029432985462
0.02726442097
0.026122572585
0.024175924916
0.023328759776
0.021495770143
0.019504857294
0.01823787264
0.016212179646
0.014382129944
0.013043633603
0.0112611231071
0.009564539306
0.007799014979
0.0062624554468
0.00449714189
0.0028692355041
0.0011963724844
0.00112393315783
0.00101444460754
0.0009376421384
0.00084227354684
0.0007595928704
0.00066954703203
0.00057609138
0.00048629733696
0.00040030798185
0.00031361178786
0.00022539460752
0.00013405364224
0.00004447978565
-0.000045452388402
-0.0001341245115
-0.0002252811225
-0.00031182357514
-0.00040104285176
-0.00048237054989
-0.00057076431954
-0.00066895156803
-0.00074699312502
-0.00084654159042
-0.0009237912574
-0.001018621161
-0.0011146262
-0.0011891532349
-0.0029214372408
-0.0046006199598
-0.0063916660268
-0.008041383728
-0.0097338295002
-0.0113788340172
-0.013081962075
-0.014704723794
-0.01677900762
-0.01843993655
-0.01988598027
-0.021339202807
-0.0230397465
-0.024740547754
-0.026309771579
-0.02774467608
-0.029862119448
dMdH Data
8.00283286119296E-10
2.00255011688032E-08
6.08443122255295E-09
9.09541687327334E-09
1.88469438345491E-08
2.31635616632428E-08
2.69514095480947E-08
1.86570335741607E-08
1.72829012608021E-08
1.37068782319188E-08
3.92327688177754E-08
3.24970605317959E-08
2.74847877366844E-08
1.83096995367683E-08
2.55347782972093E-08
2.744150793707E-08
3.41691457713558E-08
1.23673955401602E-07
1.2107387260923E-07
-8.20004322922281E-08
-2.5231059839441E-08
-3.63165071350471E-08
1.87594472036304E-08
4.91347425825416E-08
-1.08811577767878E-07
-4.58913724219829E-08
2.31146676759622E-07
-8.36131677253178E-09
2.42281824811604E-07
-2.38184662691068E-07
-1.105474390068E-07
3.28927372565973E-07
1.96237212189919E-07
-5.8199200604949E-08
-3.20214016456556E-08
-4.03231244352728E-08
-2.02669837323682E-08
1.04034714174054E-07
-1.61152946584285E-07
5.35538438709837E-08
2.47598978806175E-07
-1.25772583735929E-07
-8.92941573792636E-08
3.58468411320907E-07
2.31330967609415E-08
1.98675496688741E-08
3.2179006792795E-08
3.27102472747364E-08
1.94297857269345E-08
3.22786289551415E-08
3.28231135917722E-08
8.15271284884556E-09
1.1935963731671E-08
2.62591202096761E-08
-1.77787221986117E-08
3.44903308068287E-08
-2.01161637625726E-09
1.72404023232753E-08
1.21909754197067E-08
6.7497698137263E-09
-2.32343982432538E-09
5.02124645892349E-09
5.61654508109633E-09
2.61688863700764E-08
1.41875619776173E-08
1.22255276951409E-08
1.13196854855848E-08
2.86655333616659E-08
1.53350332908343E-08
2.79591981299145E-08
3.99490012749674E-09
2.99128044936498E-08
1.67236872861726E-08
3.22612631116714E-08
2.81152377646652E-08
4.68368149265784E-08
1.45777551107143E-08
3.61582321068103E-08
-8.84369379724409E-08
-3.64195532534795E-08
-6.95626333846616E-08
4.24443634695062E-07
-3.47134016160853E-07
-1.91827759716171E-07
3.65012751831812E-07
-1.99048031155344E-07
1.84937881914938E-07
2.24229170041578E-07
-1.28857285496474E-07
8.10569830590925E-08
-6.6960970934079E-08
1.13672108617615E-07
-1.40448869184048E-08
-2.90007553685115E-08
3.27412710204633E-07
-1.63544775615485E-07
6.53144946898205E-08
2.69992980183107E-10
1.70408548761404E-07
-1.15203327796012E-07
-2.27668860034318E-07
6.38128408661374E-07
-3.32906184663113E-07
2.65472400582742E-07
-3.02416632914778E-08
2.08402694642592E-08
1.87416331994645E-08
4.72095708285226E-08
2.10437591194345E-08
1.54561038151502E-08
3.77597710756328E-08
2.11866207658633E-08
1.08804986895233E-08
3.03350095615837E-08
1.72699582064178E-08
-2.06346957568889E-08
2.89063606743166E-08
-1.24672380817459E-09
1.85919682697073E-08
-1.02068281626291E-08
1.98696606927816E-08
1.95367287667352E-08
1.95367287667352E-08
dMdT Data
0
0
0
0
0
0
0
0
0
0
0
0
0
0
0
0
0
0
0
0
0
0
0
0
0
0
0
0
0
0
0
0
0
0
0
0
0
0
0
0
0
0
0
0
0
0
0
0
0
0
0
0
0
0
0
0
0
0
0
0
0
0
0
0
0
0
0
0
0
0
0
0
0
0
0
0
0
0
0
0
0
0
0
0
0
0
0
0
0
0
0
0
0
0
0
0
0
0
0
0
0
0
0
0
0
0
0
0
0
0
0
0
0
0
0
0
0
0
0
0
0
0
0
 
*********************************************** Results ***************************************
 
TotalArea -0.024421983850495
AreaFirstQuad -1.10017245310281E-02
AreaSecondQuad -1.34202593194669E-02
AreaThirdQuad 0
AreaFourthQuad 0
Coercivity 0
PositiveCoercivity 0
NegativeCoercivity 0
Retentivity 2.94003785575454E-06
PositiveRetentivity 2.12935863473913E-04
NegativeRetentivity 2.18815939185422E-04
Magnetization 0.000265069
PositiveMagnetization 0.000265069
NegativeMagnetization 0.000166809
Flatness -71.4262318789989
Squareness 1.10915944744747E-02
SStar 0
SFD1 0
SFD2 0
Slope 0
Intercept 0
SlopeAtHc 1.95367287667352E-08
dH1 0
dH2 18.5102
InitialSlope 8.00283286119296E-10
FieldAtHalfMs 0
FieldAtMs 2500.01
MomentMean 2.15891674796748E-04
MomentRMS 2.5879440836149E-05
SFD3 0
dH3 0
UserField1 0
UserField2 0
CenterField 0
ExchangeField 0
ExchangeMoment 0
ExRegionOneIntercept 0
ExRegionOneSlope 0
ExRegionTwoIntercept 0
ExRegionTwoSlope 0
NegativeIntercept 0
NegativeSlope 0
AutoCenterOffset 0
PinningField 0
PinningMoment 0
PinRegionOneIntercept 0
PinRegionOneSlope 0
PinRegionTwoIntercept 0
PinRegionTwoSlope 0
PositiveIntercept 0
PositiveSlope 0
TotalOffset 0
BHMax 0
BCoercivity 0
BRetentivity 0
BNegativeCoercivity 0
BPositiveCoercivity 0
BNegativeRetentivity 0
BPositiveRetentivity 0
MomentYMean -1.19217422764228E-05
MomentYRMS 2.0096529796196E-07
YOffCorrection 0
Mrt 0
Ms1 0
Ms2 0
Ms3 0
Hc2 0
Hex2 0
HsatValue 0
HsatIntercept 0
HsatSlope 0
CenterH 0
Span .00009826
SpanAsPercentOfRange -6.55066666666667
RMSAsPercentOfRange -1.72529605574327
SpanAsPercentOfMean 45.513566047652
RMSAsPercentOfMean 11.9872342740929
