Version 1.25
******************************************** Units *******************************************
System CGS
TemperatureUnit K
MomentUnit emu
AppliedFieldUnit G
 
******************************************** Setup ********************************************
 
Experiment CustomField
Minor False
Acquisition PointByPoint
EditedPoint No
MaxField 15000
FieldIncrement 750
Points 101
MinField 0
RampRate 10
AverageTime 6
TimeInterval 10
TimeConstant 1
TimeConstantIndex 2
Sensitivity -0.0015
SensitivityIndex 5
SensitivityY -4
SensitivityIndexY 0
SaturationField 8000
ExperimentTime 606
Use735Domains False
AutoRangeEnabled False
NumberOfVertices 11
VertexPts
0
10
15
35
40
50
60
65
85
90
100
VertexField
15000
2000
500
-500
-2000
-15000
-2000
-500
500
2000
15000
StartAngle 0
EndAngle 0
AngleIncrement 0
StartTemp 0
FinishTemp 0
TempIncrement 0
TempPoints 0
LengthofSetPointsArray 101
SetPointArray
15000
13700
12400
11100
9800
8500
7200
5900
4600
3300
2000
1700
1400
1100
800
500
450
400
350
300
250
200
150
100
50
0
-50
-100
-150
-200
-250
-300
-350
-400
-450
-500
-800
-1100
-1400
-1700
-2000
-3300
-4600
-5900
-7200
-8500
-9800
-11100
-12400
-13700
-15000
-13700
-12400
-11100
-9800
-8500
-7200
-5900
-4600
-3300
-2000
-1700
-1400
-1100
-800
-500
-450
-400
-350
-300
-250
-200
-150
-100
-50
0
50
100
150
200
250
300
350
400
450
500
800
1100
1400
1700
2000
3300
4600
5900
7200
8500
9800
11100
12400
13700
15000
FieldDomainFile c:\Ideasvsm\Default UserID\Experiments\Jason_1p5T_cus\fdomain.ini
TempDomainFile c:\Ideasvsm\Default UserID\Experiments\Jason_1p5T_cus\tdomain.ini
NumSelectedResults 0
ResultsSelected 
UserName1 
UserValue1 
UserName2 
UserValue2 
LinearBackgroundCorrection Off
MaxLinearFieldCorrection 
MinLinearFieldCorrection 
AutoLinearCorrection Off
FitOneRegion Off
BackgroundMode Off
BackgroundFilename 
AutoCenter Off
OffsetCorrection 
SmoothDeriv Off
DerivOrder 0
DerivPoints 0
MinExFieldOne 
MaxExFieldOne 
MinExFieldTwo 
MaxExFieldTwo 
MinPinFieldOne 
MaxPinFieldOne 
MinPinFieldTwo 
MaxPinFieldTwo 
HCenterStart 
Mass 
Volume 
Density 
MolarWeight 
NumberOfMoles 
Demagnetization 
SampleArea 
Thickness 
MomentScaling 0
XAxis 0
YAxis 0
SimpleSpinValve False
HsatMax 0
HsatMin 0
FieldAutoRange True
 
*************************************************** Experiment Data ********************************************
 
DataPoints 101
MomentX Data
-0.0000821905
-0.0000427232
-0.00000343446
0.0000346683
0.000071556
0.000112632
0.000155795
0.000193033
0.000239071
0.000265385
0.000263131
0.000256106
0.000250124
0.000242425
0.000233736
0.000225123
0.00022686
0.000224525
0.000222177
0.000220961
0.000219638
0.000218283
0.000217362
0.000214956
0.000213527
0.000212499
0.000210264
0.000209029
0.00020577
0.000205131
0.000203649
0.000203025
0.000201082
0.000198186
0.000196764
0.000197293
0.000187281
0.000179448
0.00017335
0.000171555
0.000165501
0.000161595
0.000187763
0.000229789
0.000268019
0.000318955
0.000349391
0.00039856
0.000439132
0.000474393
0.000515122
0.00047334
0.000433978
0.00039284
0.00036053
0.000312634
0.000272777
0.000228938
0.000195986
0.000160631
0.000170147
0.00017629
0.000179616
0.000187871
0.000196322
0.000202937
0.000206524
0.000205963
0.000209185
0.00020848
0.000210179
0.000212069
0.000214228
0.00021664
0.000217047
0.000219037
0.000221059
0.000222859
0.000225314
0.000224724
0.000228437
0.000228787
0.000230748
0.000232037
0.000233474
0.000235595
0.000241775
0.000250567
0.000256574
0.000259082
0.00026273
0.000267315
0.000236811
0.000196795
0.00016122
0.00012065
0.0000779862
0.0000362506
-0.00000492668
-0.0000433412
-0.0000834902
MomentY Data
-0.000116762
-0.000119511
-0.000117024
-0.000115387
-0.000116309
-0.000118748
-0.000119265
-0.000118343
-0.000117429
-0.000116237
-0.000117795
-0.000118939
-0.000121021
-0.00011754
-0.000117723
-0.000120139
-0.000117588
-0.000118359
-0.00012002
-0.000117795
-0.000119336
-0.000117771
-0.000118025
-0.00011793
-0.000117763
-0.000117151
-0.000119956
-0.000118232
-0.000116952
-0.000116801
-0.000116642
-0.000118049
-0.000116889
-0.000116682
-0.000115911
-0.000118518
-0.000118685
-0.000117103
-0.000117946
-0.000117278
-0.000118383
-0.000115339
-0.000115498
-0.000115824
-0.000115029
-0.000118589
-0.000118041
-0.000119829
-0.000119074
-0.000116976
-0.000114489
-0.000117008
-0.000115434
-0.000113575
-0.000114711
-0.000118152
-0.000118327
-0.000117691
-0.000116563
-0.000117517
-0.000119146
-0.000118065
-0.000119845
-0.000118065
-0.00011936
-0.000118295
-0.000117079
-0.000118446
-0.000116833
-0.000117954
-0.000119638
-0.000117477
-0.000120536
-0.000117866
-0.000118264
-0.00011843
-0.000120385
-0.000119408
-0.000117938
-0.00011723
-0.000116475
-0.00011886
-0.000118828
-0.000119956
-0.000120648
-0.000119114
-0.000118915
-0.000121101
-0.000120036
-0.000120234
-0.000120123
-0.00011696
-0.000117469
-0.000115689
-0.000118041
-0.000117699
-0.000117318
-0.000115514
-0.000117381
-0.00011576
-0.000114902
Field Data
15000
13700
12400
11100
9799.97
8499.97
7199.96
5899.96
4599.97
3299.95
1999.96
1699.98
1399.98
1099.98
799.98
499.979
449.996
399.99
349.988
299.995
249.991
199.993
149.995
99.9898
49.9956
-0.00468534
-50.0069
-100.006
-150.005
-200.008
-250.007
-300.01
-350.002
-400.007
-450.006
-500.007
-800.013
-1100.01
-1400.02
-1700.02
-2000.02
-3300.05
-4600.06
-5900.07
-7200.06
-8500.04
-9800.02
-11100
-12400
-13700
-15000
-13700
-12400
-11100
-9799.98
-8499.97
-7199.96
-5899.97
-4599.96
-3299.99
-1999.96
-1699.97
-1399.98
-1099.98
-799.979
-499.977
-449.991
-399.992
-349.996
-299.99
-249.99
-199.994
-149.991
-99.9912
-49.9959
0.00588286
50.0036
100.002
150.003
200.003
250.006
300.006
350.006
400.003
450.006
500.004
800.011
1100.02
1400.01
1700.02
2000.02
3300.04
4600.06
5900.06
7200.06
8500.04
9800.03
11100
12400
13700
15000
Time Data
0
14.524
29.032
43.571
58.157
72.712
87.314
102.914
117.469
133.069
147.577
161.18
174.69
188.2
201.772
215.344
228.807
242.363
256.918
270.428
283.984
297.51
311.066
324.638
338.21
351.689
365.23
379.769
393.357
406.851
420.438
433.979
447.489
462.091
475.631
489.188
502.682
516.207
529.748
543.305
556.83
571.369
586.985
601.54
616.11
630.634
645.22
659.744
674.268
688.838
703.346
717.917
732.456
747.042
761.612
776.152
791.705
806.276
820.799
836.368
850.861
864.386
877.911
891.421
904.946
918.487
932.059
945.647
960.233
973.743
987.252
1000.81
1014.35
1027.87
1041.42
1054.94
1068.5
1082.07
1095.58
1109.14
1122.69
1136.22
1149.77
1164.36
1177.85
1191.43
1204.95
1218.45
1232.03
1245.56
1259.13
1273.69
1289.27
1303.81
1318.36
1332.92
1347.52
1362.11
1376.63
1391.17
1405.68
Temperature Data
0
0
0
0
0
0
0
0
0
0
0
0
0
0
0
0
0
0
0
0
0
0
0
0
0
0
0
0
0
0
0
0
0
0
0
0
0
0
0
0
0
0
0
0
0
0
0
0
0
0
0
0
0
0
0
0
0
0
0
0
0
0
0
0
0
0
0
0
0
0
0
0
0
0
0
0
0
0
0
0
0
0
0
0
0
0
0
0
0
0
0
0
0
0
0
0
0
0
0
0
0
Angle Data
0
0
0
0
0
0
0
0
0
0
0
0
0
0
0
0
0
0
0
0
0
0
0
0
0
0
0
0
0
0
0
0
0
0
0
0
0
0
0
0
0
0
0
0
0
0
0
0
0
0
0
0
0
0
0
0
0
0
0
0
0
0
0
0
0
0
0
0
0
0
0
0
0
0
0
0
0
0
0
0
0
0
0
0
0
0
0
0
0
0
0
0
0
0
0
0
0
0
0
0
0
Bx Data
0
0
0
0
0
0
0
0
0
0
0
0
0
0
0
0
0
0
0
0
0
0
0
0
0
0
0
0
0
0
0
0
0
0
0
0
0
0
0
0
0
0
0
0
0
0
0
0
0
0
0
0
0
0
0
0
0
0
0
0
0
0
0
0
0
0
0
0
0
0
0
0
0
0
0
0
0
0
0
0
0
0
0
0
0
0
0
0
0
0
0
0
0
0
0
0
0
0
0
0
0
Hint Data
0
0
0
0
0
0
0
0
0
0
0
0
0
0
0
0
0
0
0
0
0
0
0
0
0
0
0
0
0
0
0
0
0
0
0
0
0
0
0
0
0
0
0
0
0
0
0
0
0
0
0
0
0
0
0
0
0
0
0
0
0
0
0
0
0
0
0
0
0
0
0
0
0
0
0
0
0
0
0
0
0
0
0
0
0
0
0
0
0
0
0
0
0
0
0
0
0
0
0
0
0
Torque Data
-1.75143
-1.6373007
-1.4510976
-1.2807957
-1.13982471073
-1.00935443756
-0.8587032294
-0.69821896628
-0.54016987713
-0.38357628815
-0.2355852882
-0.20219392122
-0.16942697958
-0.1292916492
-0.09417604554
-0.060066977081
-0.052914129648
-0.04734241641
-0.04200555976
-0.035337911025
-0.029832925976
-0.023553375603
-0.017703159875
-0.011791797114
-0.0058876318428
5.4889226634E-07
0.0059986276964
0.011823909392
0.01754338476
0.023361134408
0.029161316494
0.03541588049
0.040911383778
0.046673616774
0.052160645466
0.059259829626
0.094949542905
0.12881447103
0.16512675892
0.19937494556
0.23676836766
0.38062446695
0.53129772988
0.68336970768
0.82821570174
1.00801124356
1.15680416082
1.3301019
1.4765176
1.6025712
1.717335
1.6030096
1.4313816
1.2606825
1.12416550578
1.00428845544
0.85194966692
0.69437336927
0.53618513748
0.38780492483
0.23828723416
0.20070695805
0.1677806031
0.1298691387
0.09548549344
0.059144779215
0.052684496289
0.047377452432
0.040891082668
0.03538502046
0.02990830362
0.023494695138
0.018079315176
0.0117855627792
0.0059127151176
-6.967071098E-07
-0.006019683386
-0.011941038816
-0.017691053814
-0.02344635169
-0.02911944885
-0.03565871316
-0.041590512968
-0.047982759868
-0.054292323888
-0.059557476456
-0.095133308065
-0.13321352202
-0.16805160036
-0.20440020468
-0.24024840246
-0.3859726784
-0.54036444814
-0.68257204134
-0.84990228246
-1.00044620796
-1.14971991954
-1.2822054
-1.4555244
-1.585912
-1.72353
dMdH Data
-3.03594615384615E-08
-3.02221076923077E-08
-2.93098153846154E-08
-2.83744990500219E-08
-3.15969230769231E-08
-3.32020522919055E-08
-2.86446153846154E-08
-3.54141185701428E-08
-2.02412270580452E-08
1.73385949122684E-09
2.34182278818589E-08
1.99399999999999E-08
2.56633333333334E-08
2.89633333333333E-08
2.8709904300319E-08
-3.47518156173099E-08
4.66943966723996E-08
4.6958121675133E-08
2.43234052767389E-08
2.64578833693302E-08
2.71010840433618E-08
1.84207368294732E-08
4.81149960404116E-08
2.85833156646172E-08
2.05598826688617E-08
4.46980201816527E-08
2.47004446080026E-08
6.51813036260726E-08
1.27792332460053E-08
2.96405928118562E-08
1.24792512449256E-08
3.8866218594975E-08
5.79142085791422E-08
2.84405688113763E-08
-1.05797884042321E-08
3.33726658800157E-08
2.6110261102611E-08
2.03259891336955E-08
5.9833333333334E-09
0.00000002018
3.00454604893733E-09
-2.01290759301851E-08
-3.2327443635049E-08
-2.94079185224502E-08
-3.91821412637117E-08
-2.34126678871983E-08
-3.78228895829167E-08
-3.12092307692308E-08
-2.71238461538461E-08
-0.00000003133
-0.00000003214
-3.02784615384615E-08
-3.16446153846154E-08
-2.48534637928647E-08
-3.6842793516973E-08
-3.06589949308083E-08
-3.372256709667E-08
-2.53474973269436E-08
-2.71967814641876E-08
7.31983108082121E-09
2.04773492449749E-08
1.10870362345412E-08
2.75166666666666E-08
2.8169906100313E-08
2.204985300098E-08
7.17600928259911E-08
-1.1220224404488E-08
6.44451556124488E-08
-1.40983082030154E-08
0.00000003398
3.78030242419393E-08
4.31774093554388E-08
4.82401929607719E-08
8.14076523193149E-09
3.97985808940413E-08
4.04418464614726E-08
3.6001152036865E-08
4.90990180196397E-08
-1.17999999999999E-08
7.42555446673199E-08
6.99999999999963E-09
3.92200000000001E-08
2.57815468928134E-08
2.87382757034582E-08
4.24216968678747E-08
2.05995193445486E-08
2.93057874930418E-08
2.00240008000266E-08
8.35972134262199E-09
1.21599999999999E-08
3.52686881740284E-09
-2.34642543960862E-08
-3.07815384615385E-08
-2.73653846153846E-08
-3.1208172433422E-08
-3.28185601427703E-08
-3.21050485780441E-08
-3.16748307692308E-08
-2.95496307692308E-08
-3.08838461538462E-08
-3.08838461538462E-08
dMdT Data
0
0
0
0
0
0
0
0
0
0
0
0
0
0
0
0
0
0
0
0
0
0
0
0
0
0
0
0
0
0
0
0
0
0
0
0
0
0
0
0
0
0
0
0
0
0
0
0
0
0
0
0
0
0
0
0
0
0
0
0
0
0
0
0
0
0
0
0
0
0
0
0
0
0
0
0
0
0
0
0
0
0
0
0
0
0
0
0
0
0
0
0
0
0
0
0
0
0
0
0
0
 
*********************************************** Results ***************************************
 
TotalArea -6.35301204442095E-02
AreaFirstQuad -4.49184632541823E-02
AreaSecondQuad -2.20178233409011E-02
AreaThirdQuad 0
AreaFourthQuad 3.40616615087187E-03
Coercivity 19.1807287577003
PositiveCoercivity 12244.4607317433
NegativeCoercivity 12282.8221892587
Retentivity 3.26883477023987E-06
PositiveRetentivity 2.12499096330041E-04
NegativeRetentivity 2.1903676587052E-04
Magnetization 0.0002993061
PositiveMagnetization 0.000515122
NegativeMagnetization -0.0000834902
Flatness -63.8109246461065
Squareness 1.09213770459067E-02
SStar 6.81453222888191
SFD1 3.90726611444093
SFD2 11.7299244904694
Slope 0
Intercept 0
SlopeAtHc -2.93098153846154E-08
dH1 -55.7634827675447
dH2 224.9885
InitialSlope -3.03594615384615E-08
FieldAtHalfMs 0
FieldAtMs -15000
MomentMean 2.12262305544554E-04
MomentRMS 1.01786019617573E-04
SFD3 6.81453222888195
dH3 -111.526965535091
UserField1 0
UserField2 0
CenterField 0
ExchangeField 0
ExchangeMoment 0
ExRegionOneIntercept 0
ExRegionOneSlope 0
ExRegionTwoIntercept 0
ExRegionTwoSlope 0
NegativeIntercept 0
NegativeSlope 0
AutoCenterOffset 0
PinningField 0
PinningMoment 0
PinRegionOneIntercept 0
PinRegionOneSlope 0
PinRegionTwoIntercept 0
PinRegionTwoSlope 0
PositiveIntercept 0
PositiveSlope 0
TotalOffset 0
BHMax 0
BCoercivity 0
BRetentivity 0
BNegativeCoercivity 0
BPositiveCoercivity 0
BNegativeRetentivity 0
BPositiveRetentivity 0
MomentYMean -1.17850356435644E-04
MomentYRMS 1.5448458083845E-06
YOffCorrection 0
Mrt 0
Ms1 0
Ms2 0
Ms3 0
Hc2 0
Hex2 0
HsatValue 0
HsatIntercept 0
HsatSlope 0
CenterH 0
Span .0005986122
SpanAsPercentOfRange -39.90748
RMSAsPercentOfRange -6.78573464117156
SpanAsPercentOfMean 282.015310473649
RMSAsPercentOfMean 47.9529416946846
