Version 1.25
******************************************** Units *******************************************
System CGS
TemperatureUnit K
MomentUnit emu
AppliedFieldUnit G
 
******************************************** Setup ********************************************
 
Experiment CustomField
Minor False
Acquisition PointByPoint
EditedPoint No
MaxField 15000
FieldIncrement 750
Points 101
MinField 0
RampRate 10
AverageTime 6
TimeInterval 10
TimeConstant 1
TimeConstantIndex 2
Sensitivity -0.0015
SensitivityIndex 5
SensitivityY -4
SensitivityIndexY 0
SaturationField 8000
ExperimentTime 606
Use735Domains False
AutoRangeEnabled False
NumberOfVertices 11
VertexPts
0
10
15
35
40
50
60
65
85
90
100
VertexField
15000
2000
500
-500
-2000
-15000
-2000
-500
500
2000
15000
StartAngle 0
EndAngle 0
AngleIncrement 0
StartTemp 0
FinishTemp 0
TempIncrement 0
TempPoints 0
LengthofSetPointsArray 101
SetPointArray
15000
13700
12400
11100
9800
8500
7200
5900
4600
3300
2000
1700
1400
1100
800
500
450
400
350
300
250
200
150
100
50
0
-50
-100
-150
-200
-250
-300
-350
-400
-450
-500
-800
-1100
-1400
-1700
-2000
-3300
-4600
-5900
-7200
-8500
-9800
-11100
-12400
-13700
-15000
-13700
-12400
-11100
-9800
-8500
-7200
-5900
-4600
-3300
-2000
-1700
-1400
-1100
-800
-500
-450
-400
-350
-300
-250
-200
-150
-100
-50
0
50
100
150
200
250
300
350
400
450
500
800
1100
1400
1700
2000
3300
4600
5900
7200
8500
9800
11100
12400
13700
15000
FieldDomainFile c:\Ideasvsm\Default UserID\Experiments\Jason_1p5T_cus\fdomain.ini
TempDomainFile c:\Ideasvsm\Default UserID\Experiments\Jason_1p5T_cus\tdomain.ini
NumSelectedResults 0
ResultsSelected 
UserName1 
UserValue1 
UserName2 
UserValue2 
LinearBackgroundCorrection Off
MaxLinearFieldCorrection 
MinLinearFieldCorrection 
AutoLinearCorrection Off
FitOneRegion Off
BackgroundMode Off
BackgroundFilename 
AutoCenter Off
OffsetCorrection 
SmoothDeriv Off
DerivOrder 0
DerivPoints 0
MinExFieldOne 
MaxExFieldOne 
MinExFieldTwo 
MaxExFieldTwo 
MinPinFieldOne 
MaxPinFieldOne 
MinPinFieldTwo 
MaxPinFieldTwo 
HCenterStart 
Mass 
Volume 
Density 
MolarWeight 
NumberOfMoles 
Demagnetization 
SampleArea 
Thickness 
MomentScaling 0
XAxis 0
YAxis 0
SimpleSpinValve False
HsatMax 0
HsatMin 0
FieldAutoRange True
 
*************************************************** Experiment Data ********************************************
 
DataPoints 101
MomentX Data
-0.000473717
-0.000403128
-0.000333431
-0.000261779
-0.000188649
-0.000116783
-0.0000399242
0.0000283771
0.000104738
0.000168768
0.000233128
0.000245373
0.000250781
0.000256165
0.000254324
0.0002504
0.000247786
0.00024624
0.00024652
0.000242419
0.000240037
0.000237407
0.000234155
0.000230193
0.000226584
0.000222694
0.000220063
0.000215828
0.000211402
0.000208856
0.00020573
0.000200282
0.000199835
0.000196599
0.000194416
0.000191561
0.000183927
0.000181538
0.000186292
0.000193723
0.000202075
0.000265706
0.000330626
0.000403306
0.000476661
0.000556892
0.000624913
0.00069948
0.000767906
0.000841263
0.000913565
0.000837036
0.000768171
0.000698862
0.000625399
0.000552597
0.000485934
0.000412969
0.000333696
0.000261515
0.000201366
0.000194529
0.000184539
0.0001817
0.000182615
0.00018823
0.000188333
0.000188572
0.00019125
0.000193428
0.000195539
0.000199334
0.000200402
0.000202642
0.000208327
0.000213786
0.000215697
0.00022014
0.000223068
0.000226125
0.000229155
0.000232281
0.000235112
0.000238919
0.000239668
0.000242415
0.000249668
0.000252061
0.000249108
0.000240998
0.000231107
0.00016839
0.0000967715
0.000022129
-0.0000496533
-0.000126223
-0.000186063
-0.000259017
-0.000334039
-0.000405178
-0.000474765
MomentY Data
-0.000115561
-0.000111739
-0.000114942
-0.000116372
-0.000113845
-0.000113169
-0.000113336
-0.000114338
-0.000114862
-0.000116285
-0.000118303
-0.000120171
-0.000118756
-0.000120767
-0.000121188
-0.000120536
-0.000121586
-0.000118415
-0.000120155
-0.000119726
-0.000119829
-0.000121228
-0.000120481
-0.00012122
-0.000120926
-0.000118184
-0.000118899
-0.000117175
-0.000116404
-0.000118065
-0.000119066
-0.000118709
-0.000118097
-0.000118836
-0.000118717
-0.000119559
-0.000119932
-0.00012029
-0.000117445
-0.000120234
-0.000119273
-0.000118836
-0.000117175
-0.000118574
-0.000116523
-0.000117048
-0.000116897
-0.000119813
-0.00011727
-0.000116507
-0.000116181
-0.000117334
-0.000115911
-0.00011785
-0.000117977
-0.000118121
-0.000119241
-0.000117842
-0.000118454
-0.000117294
-0.000121593
-0.000120838
-0.000122492
-0.000120536
-0.000118756
-0.000119559
-0.000121291
-0.000119209
-0.000120568
-0.000118017
-0.000119424
-0.000118947
-0.000121983
-0.000120314
-0.000121299
-0.000118796
-0.000118089
-0.000119567
-0.000120966
-0.000117842
-0.000121204
-0.00012149
-0.000121522
-0.000121768
-0.00011998
-0.000119623
-0.000118828
-0.000118836
-0.000121411
-0.000122499
-0.000121419
-0.000115856
-0.000118176
-0.000118971
-0.000118542
-0.000117938
-0.000116706
-0.000116897
-0.000118184
-0.00011646
-0.000116078
Field Data
15000
13700
12400
11100
9799.97
8499.96
7199.95
5899.96
4599.96
3299.94
1999.96
1699.98
1399.98
1099.98
799.978
499.977
449.987
399.995
349.992
299.997
249.997
199.991
149.993
99.9933
49.9952
-0.00809239
-50.0047
-100.004
-150.003
-200.005
-250.006
-300.004
-350.006
-400.007
-450.006
-500.004
-800.012
-1100.01
-1400.02
-1700.02
-2000.02
-3300.05
-4600.06
-5900.07
-7200.05
-8500.04
-9800.02
-11100
-12400
-13700
-15000
-13700
-12400
-11100
-9799.98
-8499.98
-7199.96
-5899.97
-4599.97
-3299.98
-1999.96
-1699.98
-1399.98
-1099.98
-799.982
-499.98
-449.992
-399.993
-349.991
-299.991
-249.994
-199.993
-149.989
-99.9942
-49.9943
0.0043211
50.0017
100.004
150.008
200.005
250.006
300.004
350.005
400.002
450.006
500.003
800.014
1100.01
1400.02
1700.01
2000.02
3300.04
4600.05
5900.07
7200.07
8500.05
9800.03
11100
12400
13700
15000
Time Data
0
14.57
29.141
43.68
59.249
73.804
88.328
102.836
117.406
132.944
148.482
162.007
175.563
189.104
202.661
216.186
230.741
244.297
258.79
272.315
285.841
299.366
313.921
327.462
340.987
354.559
368.147
381.672
395.244
408.8
422.341
435.835
449.376
463.916
477.425
490.935
504.492
518.064
531.573
545.099
558.655
573.257
588.81
603.365
617.904
632.475
646.983
661.522
676.061
690.679
705.249
719.788
734.39
748.945
763.5
778.055
792.579
807.149
821.688
837.288
851.828
865.369
878.91
892.419
905.96
920.515
934.04
947.628
962.23
975.802
990.372
1003.9
1017.42
1030.95
1044.51
1058.05
1071.63
1085.24
1098.76
1112.29
1125.81
1140.38
1153.92
1168.43
1181.97
1195.48
1208.99
1222.5
1236.03
1249.62
1263.17
1277.79
1293.39
1308.01
1322.58
1337.15
1351.67
1366.23
1380.75
1395.32
1409.88
Temperature Data
0
0
0
0
0
0
0
0
0
0
0
0
0
0
0
0
0
0
0
0
0
0
0
0
0
0
0
0
0
0
0
0
0
0
0
0
0
0
0
0
0
0
0
0
0
0
0
0
0
0
0
0
0
0
0
0
0
0
0
0
0
0
0
0
0
0
0
0
0
0
0
0
0
0
0
0
0
0
0
0
0
0
0
0
0
0
0
0
0
0
0
0
0
0
0
0
0
0
0
0
0
Angle Data
0
0
0
0
0
0
0
0
0
0
0
0
0
0
0
0
0
0
0
0
0
0
0
0
0
0
0
0
0
0
0
0
0
0
0
0
0
0
0
0
0
0
0
0
0
0
0
0
0
0
0
0
0
0
0
0
0
0
0
0
0
0
0
0
0
0
0
0
0
0
0
0
0
0
0
0
0
0
0
0
0
0
0
0
0
0
0
0
0
0
0
0
0
0
0
0
0
0
0
0
0
Bx Data
0
0
0
0
0
0
0
0
0
0
0
0
0
0
0
0
0
0
0
0
0
0
0
0
0
0
0
0
0
0
0
0
0
0
0
0
0
0
0
0
0
0
0
0
0
0
0
0
0
0
0
0
0
0
0
0
0
0
0
0
0
0
0
0
0
0
0
0
0
0
0
0
0
0
0
0
0
0
0
0
0
0
0
0
0
0
0
0
0
0
0
0
0
0
0
0
0
0
0
0
0
Hint Data
0
0
0
0
0
0
0
0
0
0
0
0
0
0
0
0
0
0
0
0
0
0
0
0
0
0
0
0
0
0
0
0
0
0
0
0
0
0
0
0
0
0
0
0
0
0
0
0
0
0
0
0
0
0
0
0
0
0
0
0
0
0
0
0
0
0
0
0
0
0
0
0
0
0
0
0
0
0
0
0
0
0
0
0
0
0
0
0
0
0
0
0
0
0
0
0
0
0
0
0
0
Torque Data
-1.733415
-1.5308243
-1.4252808
-1.2917292
-1.11567758465
-0.96193197324
-0.8160135332
-0.67458962648
-0.52836060552
-0.3837335229
-0.23660126788
-0.20428829658
-0.16625602488
-0.13284128466
-0.096947733864
-0.060265227672
-0.054712119382
-0.047365407925
-0.04205328876
-0.035917440822
-0.029956890513
-0.024244508948
-0.018071306633
-0.012121187826
-0.0060457195552
9.5639101976E-07
0.0059455088253
0.0117179687
0.017460949212
0.023613590325
0.029767214396
0.035613174836
0.041334658582
0.047535231852
0.053423362302
0.059779978236
0.095947039184
0.1323202029
0.1644253489
0.20440020468
0.23854838546
0.3921647418
0.5390120305
0.69959490018
0.83897142615
0.99491268192
1.14559293794
1.3299243
1.454148
1.5961459
1.742715
1.6074758
1.4372964
1.308135
1.15617224046
1.00402613758
0.85853043036
0.69526426474
0.54488484638
0.38706785412
0.24318113628
0.20542218324
0.17148635016
0.13258718928
0.095002662392
0.05977710882
0.054579979672
0.047682765537
0.042197714888
0.035404037847
0.029855283456
0.023788567371
0.018296108187
0.0120307021788
0.0060642585957
-5.133293956E-07
-0.0059046507513
-0.011957178268
-0.018145867728
-0.02356898921
-0.030301727224
-0.03644748596
-0.04253330761
-0.048707443536
-0.05399171988
-0.059811858869
-0.095064063592
-0.13072078836
-0.16997782822
-0.20824952499
-0.24284042838
-0.38232943424
-0.5436155088
-0.70193722797
-0.85351069794
-1.0024788969
-1.14372230118
-1.2975567
-1.4654816
-1.595502
-1.74117
dMdH Data
-5.42992307692308E-08
-5.36130769230769E-08
-5.51169230769231E-08
-5.62525480181226E-08
-5.5281113222206E-08
-5.91216990638534E-08
-5.25398656912746E-08
-5.87391538461538E-08
-4.92530884140244E-08
-4.9508453976215E-08
-4.08193879591973E-08
-1.80266666666666E-08
-1.79466666666666E-08
6.13662575582824E-09
1.30799564001453E-08
5.22904580916186E-08
3.09249479916787E-08
-5.59966402015915E-09
8.20282028202822E-08
4.76400000000004E-08
5.2593688757349E-08
6.50426017040682E-08
7.92404754428524E-08
7.21827429442321E-08
7.77948773784732E-08
5.26235703934795E-08
8.47011858166015E-08
8.85217704354088E-08
5.09179632814687E-08
6.25187496250074E-08
1.08964358574343E-07
8.9396424143038E-09
6.47187056258873E-08
4.36608732174644E-08
5.71022840913633E-08
2.54459881069839E-08
7.96338642257613E-09
-1.58461384620513E-08
-0.00000002477
-0.00000002784
-4.89457935586102E-08
-4.99380773994046E-08
-5.59072622518289E-08
-5.64277911967877E-08
-6.17166285894506E-08
-5.23246511484792E-08
-5.73601132325113E-08
-5.26353846153845E-08
-5.64284615384616E-08
-5.56169230769231E-08
-5.88684615384615E-08
-5.29730769230769E-08
-5.33146153846154E-08
-5.65091306287595E-08
-5.60015384615384E-08
-5.12784418701251E-08
-5.61273548258063E-08
-6.09792307692308E-08
-5.55242732636405E-08
-4.62677497269273E-08
-2.27915194346289E-08
-0.0000000333
-9.46333333333335E-09
3.05002033346894E-09
1.87165418897207E-08
2.06049451868439E-09
4.78009560191195E-09
5.35578576856924E-08
4.35600000000001E-08
4.22225333520013E-08
7.58984820303597E-08
2.13582913366927E-08
4.48046596846073E-08
1.13700227400455E-07
1.09183011049078E-07
3.82220036738766E-08
8.88559126280191E-08
5.85553155747545E-08
6.11436686201171E-08
6.05987880242396E-08
6.25225009000359E-08
5.66188676226473E-08
7.61445686741207E-08
1.49788016958644E-08
5.49432965977957E-08
2.41757802213918E-08
7.97677302364032E-09
-9.84300523315884E-09
-2.70342344744825E-08
-3.29689010366321E-08
-4.82431039522469E-08
-5.50907300713071E-08
-5.74164243627021E-08
-5.52171538461538E-08
-5.89006753950061E-08
-4.60314774073447E-08
-5.61197566097679E-08
-5.77092307692308E-08
-5.47223076923077E-08
-5.35284615384615E-08
-5.35284615384615E-08
dMdT Data
0
0
0
0
0
0
0
0
0
0
0
0
0
0
0
0
0
0
0
0
0
0
0
0
0
0
0
0
0
0
0
0
0
0
0
0
0
0
0
0
0
0
0
0
0
0
0
0
0
0
0
0
0
0
0
0
0
0
0
0
0
0
0
0
0
0
0
0
0
0
0
0
0
0
0
0
0
0
0
0
0
0
0
0
0
0
0
0
0
0
0
0
0
0
0
0
0
0
0
0
0
 
*********************************************** Results ***************************************
 
TotalArea 3.70912313720494E-02
AreaFirstQuad 2.80543680447988E-02
AreaSecondQuad -5.89058172588263E-03
AreaThirdQuad 0
AreaFourthQuad 1.49274450531344E-02
Coercivity 69.6164610266219
PositiveCoercivity 6300.83314077426
NegativeCoercivity 6440.0660628275
Retentivity 4.4545506685984E-06
PositiveRetentivity 2.22694629546488E-04
NegativeRetentivity 2.13785528209291E-04
Magnetization 0.000694165
PositiveMagnetization 0.000913565
NegativeMagnetization -0.000474765
Flatness -48.3598627882716
Squareness 6.41713521799342E-03
SStar 2.21787580588271
SFD1 1.60893790294135
SFD2 2.15466281663813
Slope 0
Intercept 0
SlopeAtHc -5.25398656912746E-08
dH1 -42.3921017877492
dH2 150
InitialSlope -5.42992307692308E-08
FieldAtHalfMs 0
FieldAtMs -15000
MomentMean 2.10789783168317E-04
MomentRMS 2.59895262940467E-04
SFD3 2.21787580588271
dH3 -84.7842035754993
UserField1 0
UserField2 0
CenterField 0
ExchangeField 0
ExchangeMoment 0
ExRegionOneIntercept 0
ExRegionOneSlope 0
ExRegionTwoIntercept 0
ExRegionTwoSlope 0
NegativeIntercept 0
NegativeSlope 0
AutoCenterOffset 0
PinningField 0
PinningMoment 0
PinRegionOneIntercept 0
PinRegionOneSlope 0
PinRegionTwoIntercept 0
PinRegionTwoSlope 0
PositiveIntercept 0
PositiveSlope 0
TotalOffset 0
BHMax 0
BCoercivity 0
BRetentivity 0
BNegativeCoercivity 0
BPositiveCoercivity 0
BNegativeRetentivity 0
BPositiveRetentivity 0
MomentYMean -1.18652900990099E-04
MomentYRMS 2.17106146621854E-06
YOffCorrection 0
Mrt 0
Ms1 0
Ms2 0
Ms3 0
Hc2 0
Hex2 0
HsatValue 0
HsatIntercept 0
HsatSlope 0
CenterH 0
Span .00138833
SpanAsPercentOfRange -92.5553333333333
RMSAsPercentOfRange -17.3263508626978
SpanAsPercentOfMean 658.632491163678
RMSAsPercentOfMean 123.295948709686
