Version 1.25
******************************************** Units *******************************************
System CGS
TemperatureUnit K
MomentUnit emu
AppliedFieldUnit G
 
******************************************** Setup ********************************************
 
Experiment CustomField
Minor False
Acquisition PointByPoint
EditedPoint No
MaxField 15000
FieldIncrement 833.333333333333
Points 61
MinField 0
RampRate 133.333333333333
AverageTime 6
TimeInterval 0
TimeConstant 1
TimeConstantIndex 2
Sensitivity -0.0015
SensitivityIndex 5
SensitivityY -4
SensitivityIndexY 0
SaturationField 8000
ExperimentTime 366
Use735Domains False
AutoRangeEnabled False
NumberOfVertices 7
VertexPts
0
10
20
30
40
50
60
VertexField
15000
2000
-2000
-15000
-2000
2000
15000
StartAngle 0
EndAngle 0
AngleIncrement 0
StartTemp 0
FinishTemp 0
TempIncrement 0
TempPoints 0
LengthofSetPointsArray 61
SetPointArray
15000
13700
12400
11100
9800
8500
7200
5900
4600
3300
2000
1600
1200
800
400
0
-400
-800
-1200
-1600
-2000
-3300
-4600
-5900
-7200
-8500
-9800
-11100
-12400
-13700
-15000
-13700
-12400
-11100
-9800
-8500
-7200
-5900
-4600
-3300
-2000
-1600
-1200
-800
-400
0
400
800
1200
1600
2000
3300
4600
5900
7200
8500
9800
11100
12400
13700
15000
FieldDomainFile c:\Ideasvsm\Default UserID\Experiments\Jason_1p5T_fast\fdomain.ini
TempDomainFile c:\Ideasvsm\Default UserID\Experiments\Jason_1p5T_fast\tdomain.ini
NumSelectedResults 0
ResultsSelected 
UserName1 
UserValue1 
UserName2 
UserValue2 
LinearBackgroundCorrection Off
MaxLinearFieldCorrection 
MinLinearFieldCorrection 
AutoLinearCorrection Off
FitOneRegion Off
BackgroundMode Off
BackgroundFilename 
AutoCenter Off
OffsetCorrection 
SmoothDeriv Off
DerivOrder 0
DerivPoints 0
MinExFieldOne 
MaxExFieldOne 
MinExFieldTwo 
MaxExFieldTwo 
MinPinFieldOne 
MaxPinFieldOne 
MinPinFieldTwo 
MaxPinFieldTwo 
HCenterStart 
Mass 
Volume 
Density 
MolarWeight 
NumberOfMoles 
Demagnetization 
SampleArea 
Thickness 
MomentScaling 0
XAxis 0
YAxis 0
SimpleSpinValve False
HsatMax 0
HsatMin 0
FieldAutoRange True
 
*************************************************** Experiment Data ********************************************
 
DataPoints 61
MomentX Data
-0.000218841
-0.000150083
-0.0000793133
-0.00000947855
0.0000539306
0.000111848
0.000147228
0.000166409
0.000180239
0.000199308
0.000215603
0.000219068
0.000220128
0.000226242
0.000227796
0.0002283
0.000220716
0.000220009
0.000225318
0.00022608
0.00021706
0.000234869
0.000245491
0.000264257
0.000289057
0.000325401
0.00037862
0.000442574
0.00051397
0.000584149
0.000652949
0.000583125
0.000515459
0.000444729
0.000375183
0.000316499
0.000281461
0.000263836
0.000246502
0.000230937
0.000215353
0.000214208
0.000213865
0.000207295
0.000205849
0.00020708
0.000213572
0.000211986
0.000210543
0.000216657
0.000214055
0.000204846
0.000184129
0.000174722
0.000150007
0.000109826
0.0000497027
-0.0000114731
-0.0000803327
-0.000149881
-0.000221989
MomentY Data
-0.000113861
-0.000114751
-0.000114155
-0.000115426
-0.000117906
-0.000116388
-0.000114131
-0.00011754
-0.000116324
-0.000116205
-0.000116857
-0.00011673
-0.000115919
-0.000118486
-0.000119869
-0.000118454
-0.000117977
-0.00011793
-0.000117914
-0.000119344
-0.00011793
-0.000116595
-0.000118669
-0.000117715
-0.000116634
-0.000117079
-0.000118621
-0.000118589
-0.000116046
-0.000117787
-0.000117652
-0.000120846
-0.000118208
-0.000119241
-0.00011882
-0.000115593
-0.000114187
-0.000119813
-0.000118478
-0.000118566
-0.000122754
-0.000121323
-0.000121959
-0.000123183
-0.000120783
-0.000123167
-0.000121609
-0.000121435
-0.000122674
-0.000124351
-0.000124415
-0.00012122
-0.000121967
-0.000121148
-0.00012118
-0.000121562
-0.000117985
-0.000120242
-0.000117962
-0.000116388
-0.000117707
Field Data
15000
13700
12400
11100
9799.98
8499.97
7199.97
5899.96
4599.96
3299.95
1999.96
1599.97
1199.97
799.971
399.976
-0.0323087
-400.028
-800.032
-1200.03
-1600.03
-2000.03
-3300.06
-4600.07
-5900.07
-7200.06
-8500.04
-9800.03
-11100
-12400
-13700
-15000
-13700
-12400
-11100
-9799.99
-8499.98
-7199.96
-5899.96
-4599.97
-3299.99
-1999.96
-1599.97
-1199.97
-799.974
-399.975
0.0241185
400.028
800.028
1200.03
1600.03
2000.03
3300.05
4600.06
5900.07
7200.07
8500.05
9800.02
11100
12400
13700
15000
Time Data
0
15.522
30.046
44.585
59.109
73.711
88.219
102.742
117.235
132.835
147.343
160.821
174.362
187.903
201.46
215.983
230.585
244.142
257.698
271.208
284.764
299.335
314.935
329.49
344.076
358.646
373.232
387.741
402.311
416.85
431.436
446.038
460.655
475.242
489.781
505.381
519.905
534.522
549.046
564.63
579.138
592.71
606.22
619.761
633.302
647.841
662.396
675.984
689.509
703.003
716.528
731.114
746.73
761.254
775.777
790.332
804.872
819.458
833.997
848.552
863.107
Temperature Data
0
0
0
0
0
0
0
0
0
0
0
0
0
0
0
0
0
0
0
0
0
0
0
0
0
0
0
0
0
0
0
0
0
0
0
0
0
0
0
0
0
0
0
0
0
0
0
0
0
0
0
0
0
0
0
0
0
0
0
0
0
Angle Data
0
0
0
0
0
0
0
0
0
0
0
0
0
0
0
0
0
0
0
0
0
0
0
0
0
0
0
0
0
0
0
0
0
0
0
0
0
0
0
0
0
0
0
0
0
0
0
0
0
0
0
0
0
0
0
0
0
0
0
0
0
Bx Data
0
0
0
0
0
0
0
0
0
0
0
0
0
0
0
0
0
0
0
0
0
0
0
0
0
0
0
0
0
0
0
0
0
0
0
0
0
0
0
0
0
0
0
0
0
0
0
0
0
0
0
0
0
0
0
0
0
0
0
0
0
Hint Data
0
0
0
0
0
0
0
0
0
0
0
0
0
0
0
0
0
0
0
0
0
0
0
0
0
0
0
0
0
0
0
0
0
0
0
0
0
0
0
0
0
0
0
0
0
0
0
0
0
0
0
0
0
0
0
0
0
0
0
0
0
Torque Data
-1.707915
-1.5720887
-1.415522
-1.2812286
-1.15547644188
-0.98929450836
-0.82173977607
-0.6934812984
-0.53508574704
-0.38347068975
-0.23370932572
-0.1867644981
-0.13909932243
-0.094785363906
-0.047944723144
3.8270947498E-06
0.047194103356
0.09434777376
0.14150033742
0.19095398032
0.2358635379
0.3847704957
0.54588570683
0.69452674005
0.83977179804
0.99517618316
1.16248935863
1.3163379
1.4389704
1.6136819
1.76478
1.6555902
1.4657792
1.3235751
1.1644348118
0.98253818814
0.82214183252
0.70689190748
0.54499524566
0.39126661434
0.24550308984
0.19411316031
0.14634714123
0.098543197242
0.048310180425
-2.9706032895E-06
-0.048647005052
-0.09715140018
-0.14721248022
-0.19896533053
-0.24883373245
-0.400032061
-0.56105551802
-0.71478168036
-0.8725044826
-1.0332830781
-1.1562553597
-1.3346862
-1.4627288
-1.5945156
-1.765605
dMdH Data
-5.28907692307692E-08
-5.44382307692308E-08
-5.37190384615385E-08
-4.87755188381717E-08
-4.45515034499735E-08
-2.72153846153846E-08
-1.4754501888447E-08
-1.06384615384615E-08
-1.466834870501E-08
-1.25347118054754E-08
-8.66271656791419E-09
-2.64999999999998E-09
-1.52850382125956E-08
-3.88504856310702E-09
-1.25997382813862E-09
1.89602042345799E-08
1.7674823251768E-09
-1.32725663628319E-08
-1.90499999999998E-09
0.00000002255
-1.36989146404314E-08
-8.17070637918173E-09
-1.44353846153846E-08
-1.9077069823614E-08
-2.79573531900491E-08
-4.09380072154401E-08
-4.91965199196905E-08
-0.00000005492
-5.39838461538461E-08
-5.2923076923077E-08
-5.37107692307692E-08
-5.20507692307692E-08
-5.44076923076923E-08
-5.34965115652956E-08
-4.5141191221606E-08
-2.69518930477993E-08
-1.35576923076923E-08
-1.33339487226825E-08
-1.19732611270943E-08
-1.19874156750229E-08
-2.86257156428912E-09
-8.57499999999949E-10
-1.64251642516425E-08
-3.61500903752259E-09
3.07750678205558E-09
1.62298425096658E-08
-3.96500000000002E-09
-3.6074819625902E-09
0.000000015285
-6.50500000000003E-09
-7.08373717327424E-09
-1.5936031261298E-08
-7.23609818386012E-09
-1.90115384615385E-08
-3.09089370605702E-08
-4.62497596098371E-08
-4.70590316774104E-08
-5.29689230769231E-08
-5.34986923076923E-08
-5.54676923076923E-08
-5.54676923076923E-08
dMdT Data
0
0
0
0
0
0
0
0
0
0
0
0
0
0
0
0
0
0
0
0
0
0
0
0
0
0
0
0
0
0
0
0
0
0
0
0
0
0
0
0
0
0
0
0
0
0
0
0
0
0
0
0
0
0
0
0
0
0
0
0
0
 
*********************************************** Results ***************************************
 
TotalArea 5.78838272847404E-02
AreaFirstQuad -4.84438305916913E-04
AreaSecondQuad 5.31443405284138E-02
AreaThirdQuad 0
AreaFourthQuad 5.22392506224427E-03
Coercivity 24.7361132121478
PositiveCoercivity 10856.1977033729
NegativeCoercivity 10905.6699297972
Retentivity 1.06100167583654E-05
PositiveRetentivity 2.28299959291884E-04
NegativeRetentivity 2.07079925775153E-04
Magnetization 0.000437469
PositiveMagnetization 0.000652949
NegativeMagnetization -0.000221989
Flatness -20.4843073721793
Squareness 2.42531853876856E-02
SStar 9.79392408429785
SFD1 5.39696204214895
SFD2 56.5975942943399
Slope 0
Intercept 0
SlopeAtHc -4.87755188381717E-08
dH1 -108.763750864113
dH2 1400.0045
InitialSlope -5.28907692307692E-08
FieldAtHalfMs 0
FieldAtMs -15000
MomentMean 2.09453354918033E-04
MomentRMS 1.75621985825378E-04
SFD3 9.79392408429782
dH3 -217.527501728224
UserField1 0
UserField2 0
CenterField 0
ExchangeField 0
ExchangeMoment 0
ExRegionOneIntercept 0
ExRegionOneSlope 0
ExRegionTwoIntercept 0
ExRegionTwoSlope 0
NegativeIntercept 0
NegativeSlope 0
AutoCenterOffset 0
PinningField 0
PinningMoment 0
PinRegionOneIntercept 0
PinRegionOneSlope 0
PinRegionTwoIntercept 0
PinRegionTwoSlope 0
PositiveIntercept 0
PositiveSlope 0
TotalOffset 0
BHMax 0
BCoercivity 0
BRetentivity 0
BNegativeCoercivity 0
BPositiveCoercivity 0
BNegativeRetentivity 0
BPositiveRetentivity 0
MomentYMean -1.18659836065574E-04
MomentYRMS 2.61130273478155E-06
YOffCorrection 0
Mrt 0
Ms1 0
Ms2 0
Ms3 0
Hc2 0
Hex2 0
HsatValue 0
HsatIntercept 0
HsatSlope 0
CenterH 0
Span .000874938
SpanAsPercentOfRange -58.3292
RMSAsPercentOfRange -11.7081323883585
SpanAsPercentOfMean 417.72450975655
RMSAsPercentOfMean 83.8477788499047
