Version 1.25
******************************************** Units *******************************************
System CGS
TemperatureUnit K
MomentUnit emu
AppliedFieldUnit G
 
******************************************** Setup ********************************************
 
Experiment CustomField
Minor False
Acquisition PointByPoint
EditedPoint No
MaxField 500
FieldIncrement 16.6666666666667
Points 143
MinField 0
RampRate 500
AverageTime 3
TimeInterval 0
TimeConstant 0.3
TimeConstantIndex 1
Sensitivity -0.0015
SensitivityIndex 5
SensitivityY -4
SensitivityIndexY 0
SaturationField 8000
ExperimentTime 429
Use735Domains False
AutoRangeEnabled False
NumberOfVertices 7
VertexPts
0
27
44
71
98
115
142
VertexField
500
50
-50
-500
-50
50
500
StartAngle 0
EndAngle 0
AngleIncrement 0
StartTemp 0
FinishTemp 0
TempIncrement 0
TempPoints 0
LengthofSetPointsArray 143
SetPointArray
500
483.333333333333
466.666666666667
450
433.333333333333
416.666666666667
400
383.333333333333
366.666666666667
350
333.333333333333
316.666666666666
300
283.333333333333
266.666666666666
250
233.333333333333
216.666666666666
200
183.333333333333
166.666666666666
150
133.333333333333
116.666666666666
99.9999999999998
83.3333333333331
66.6666666666665
50
44.1176470588235
38.2352941176471
32.3529411764706
26.4705882352941
20.5882352941176
14.7058823529412
8.8235294117647
2.94117647058823
-2.94117647058824
-8.82352941176471
-14.7058823529412
-20.5882352941177
-26.4705882352941
-32.3529411764706
-38.2352941176471
-44.1176470588235
-50
-66.6666666666667
-83.3333333333333
-100
-116.666666666667
-133.333333333333
-150
-166.666666666667
-183.333333333333
-200
-216.666666666667
-233.333333333333
-250
-266.666666666667
-283.333333333333
-300
-316.666666666667
-333.333333333333
-350
-366.666666666667
-383.333333333333
-400
-416.666666666667
-433.333333333333
-450
-466.666666666667
-483.333333333334
-500
-483.333333333333
-466.666666666667
-450
-433.333333333333
-416.666666666667
-400
-383.333333333333
-366.666666666667
-350
-333.333333333333
-316.666666666666
-300
-283.333333333333
-266.666666666666
-250
-233.333333333333
-216.666666666666
-200
-183.333333333333
-166.666666666666
-150
-133.333333333333
-116.666666666666
-99.9999999999998
-83.3333333333331
-66.6666666666665
-50
-44.1176470588235
-38.2352941176471
-32.3529411764706
-26.4705882352941
-20.5882352941176
-14.7058823529412
-8.8235294117647
-2.94117647058823
2.94117647058824
8.82352941176471
14.7058823529412
20.5882352941177
26.4705882352941
32.3529411764706
38.2352941176471
44.1176470588235
50
66.6666666666667
83.3333333333333
100
116.666666666667
133.333333333333
150
166.666666666667
183.333333333333
200
216.666666666667
233.333333333333
250
266.666666666667
283.333333333333
300
316.666666666667
333.333333333333
350
366.666666666667
383.333333333333
400
416.666666666667
433.333333333333
450
466.666666666667
483.333333333334
500
FieldDomainFile c:\Ideasvsm\Default UserID\Experiments\Jason_500G\fdomain.ini
TempDomainFile c:\Ideasvsm\Default UserID\Experiments\Jason_500G\tdomain.ini
NumSelectedResults 0
ResultsSelected 
UserName1 
UserValue1 
UserName2 
UserValue2 
LinearBackgroundCorrection Off
MaxLinearFieldCorrection 
MinLinearFieldCorrection 
AutoLinearCorrection Off
FitOneRegion Off
BackgroundMode Off
BackgroundFilename 
AutoCenter Off
OffsetCorrection 
SmoothDeriv Off
DerivOrder 0
DerivPoints 0
MinExFieldOne 
MaxExFieldOne 
MinExFieldTwo 
MaxExFieldTwo 
MinPinFieldOne 
MaxPinFieldOne 
MinPinFieldTwo 
MaxPinFieldTwo 
HCenterStart 
Mass 
Volume 
Density 
MolarWeight 
NumberOfMoles 
Demagnetization 
SampleArea 
Thickness 
MomentScaling 0
XAxis 0
YAxis 0
SimpleSpinValve False
HsatMax 0
HsatMin 0
FieldAutoRange False
 
*************************************************** Experiment Data ********************************************
 
DataPoints 143
MomentX Data
0.000246969
0.000247023
0.000244886
0.0002436
0.000244082
0.000244391
0.000242295
0.000243407
0.000240562
0.000240107
0.00024131
0.000238429
0.00023675
0.000237665
0.000237594
0.000236836
0.000234984
0.000232884
0.000232271
0.000231733
0.000232124
0.000232141
0.000226767
0.000227532
0.000226718
0.000225031
0.000223973
0.000222029
0.000222385
0.000222869
0.000222789
0.000221789
0.000222537
0.000221284
0.000219841
0.000220724
0.000216896
0.000217648
0.000218044
0.000219288
0.000218105
0.000215658
0.000215728
0.000216628
0.000214717
0.000214628
0.00021447
0.000210751
0.000212229
0.0002078
0.000206821
0.000207201
0.000204112
0.000207042
0.000204749
0.000203002
0.000203042
0.000200851
0.000199003
0.000198263
0.000197483
0.000198442
0.00019687
0.000197098
0.000193108
0.000193353
0.000192551
0.00019243
0.000191523
0.000190211
0.000191435
0.000188424
0.000189502
0.000191214
0.000190434
0.000191914
0.000190808
0.000192406
0.000194714
0.000193629
0.000197165
0.00019877
0.000196502
0.00019834
0.000199101
0.000199726
0.000200376
0.000200721
0.000203167
0.000203269
0.000205498
0.00020626
0.000206786
0.000207665
0.000210459
0.000209925
0.00021201
0.000212119
0.000212001
0.000213574
0.000213382
0.000214735
0.000215975
0.000215415
0.000215857
0.000216062
0.000215826
0.000214358
0.000216886
0.000217659
0.000217839
0.000218901
0.000219138
0.000218719
0.000219427
0.000221323
0.000222042
0.000223019
0.000223046
0.000224712
0.00022899
0.000226076
0.000228272
0.000228378
0.000231585
0.000233887
0.000232545
0.000232798
0.000233337
0.000237698
0.000236512
0.000238311
0.000239954
0.00024207
0.00024115
0.000241221
0.000241559
0.000241799
0.00024274
0.000242986
0.000243033
0.000246167
0.0002466
MomentY Data
-0.000110165
-0.000112883
-0.000113376
-0.000112279
-0.000111977
-0.00011282
-0.00011425
-0.000111198
-0.000112295
-0.000112724
-0.000111866
-0.000114838
-0.00011433
-0.000112518
-0.000111771
-0.000112693
-0.000114441
-0.000113265
-0.0001146
-0.000113805
-0.000113042
-0.000115379
-0.000115856
-0.000113901
-0.000112724
-0.000112534
-0.000112247
-0.000113757
-0.000113122
-0.000111246
-0.000113185
-0.000111707
-0.000114187
-0.000111675
-0.000113519
-0.000114171
-0.000113376
-0.000113805
-0.000112724
-0.000113567
-0.000116189
-0.000114091
-0.000112597
-0.000113614
-0.000116428
-0.000115283
-0.000112279
-0.000114012
-0.000115856
-0.000113138
-0.00011309
-0.000113821
-0.00011425
-0.000116142
-0.000112057
-0.000115236
-0.000115585
-0.000113344
-0.000114107
-0.000113789
-0.000114091
-0.000113138
-0.000113471
-0.000116205
-0.000115681
-0.000114107
-0.000116078
-0.000114552
-0.000113932
-0.000116603
-0.000115458
-0.000116571
-0.000117461
-0.000117111
-0.000115744
-0.000114361
-0.000115156
-0.000114648
-0.000114918
-0.000115999
-0.000116221
-0.000116539
-0.000117191
-0.00011638
-0.000114091
-0.000114552
-0.000113599
-0.000115983
-0.00011727
-0.000115188
-0.00011727
-0.000117302
-0.000114743
-0.000118065
-0.000116332
-0.000118097
-0.000117715
-0.000117493
-0.000118208
-0.000118987
-0.000118272
-0.000116857
-0.000116523
-0.000117064
-0.000116332
-0.000117318
-0.000116857
-0.000118065
-0.000117636
-0.000118383
-0.000116793
-0.000117461
-0.000116014
-0.000117334
-0.000118685
-0.000119209
-0.000115633
-0.000115204
-0.000117032
-0.000115506
-0.000117715
-0.000117302
-0.000116603
-0.000116412
-0.000118097
-0.000117254
-0.000119479
-0.000117779
-0.000115697
-0.000116412
-0.000120036
-0.000118526
-0.00011754
-0.000115935
-0.000118335
-0.000118351
-0.000115983
-0.000115013
-0.00011638
-0.000116793
-0.000116428
-0.000116936
-0.000116857
Field Data
499.985
483.337
466.67
449.996
433.322
416.658
399.999
383.334
366.659
350.001
333.325
316.667
299.993
283.331
266.661
249.994
233.323
216.664
199.999
183.322
166.659
149.98
133.33
116.673
99.9941
83.3112
66.6569
49.9807
44.103
38.239
32.3567
26.4599
20.5717
14.7093
8.82502
2.93976
-2.95418
-8.83277
-14.7079
-20.5872
-26.4756
-32.3492
-38.25
-44.1319
-50.0152
-66.6697
-83.3417
-100.005
-116.681
-133.348
-150.006
-166.675
-183.343
-200.019
-216.685
-233.347
-250.006
-266.686
-283.344
-299.993
-316.673
-333.344
-350.006
-366.663
-383.342
-400.014
-416.667
-433.335
-450.014
-466.662
-483.338
-500.01
-483.341
-466.669
-453.197
-433.333
-416.677
-400.011
-383.332
-366.67
-350.002
-333.336
-316.679
-300.003
-283.342
-266.678
-250.004
-233.328
-216.672
-199.997
-183.332
-166.666
-150.004
-133.331
-116.681
-100.003
-83.3484
-66.662
-50.011
-44.1086
-38.2363
-32.3522
-26.4743
-20.5832
-14.7204
-8.83277
-2.93567
2.92879
8.82552
14.7053
20.595
26.4544
32.3506
38.2379
44.1224
50.0035
66.6821
83.3351
100.002
116.664
133.327
150.007
166.676
183.333
199.988
216.668
233.336
250.004
266.672
283.33
300.001
316.663
333.325
349.994
366.669
383.342
399.996
416.657
433.33
449.997
466.658
483.334
500.003
Time Data
0
11.419
21.793
32.167
42.557
52.947
63.336
73.726
84.1
94.505
104.895
115.3
125.69
136.111
146.485
156.875
167.311
177.716
188.122
198.527
208.932
219.353
229.789
240.195
250.6
261.005
271.426
281.816
292.205
302.611
314.03
324.466
334.872
345.261
355.682
366.134
376.54
386.96
397.366
407.771
418.176
428.582
438.987
449.392
459.813
470.265
480.67
491.107
501.481
511.886
522.291
532.681
543.102
553.492
563.897
574.333
584.754
595.191
605.596
616.001
626.375
636.765
647.186
657.56
667.965
678.355
688.76
699.165
709.555
719.976
730.381
740.818
751.223
762.689
771.144
781.549
791.955
802.344
812.765
823.202
833.623
845.057
855.494
865.915
876.32
886.71
897.115
907.52
917.941
928.378
938.767
949.219
959.64
970.061
980.482
990.887
1001.32
1011.7
1022.1
1032.51
1042.95
1054.35
1064.79
1075.17
1085.6
1096.03
1106.42
1116.8
1127.2
1137.64
1148.04
1158.45
1168.82
1179.23
1189.63
1200.04
1210.46
1220.86
1231.29
1241.69
1252.13
1262.53
1272.94
1283.36
1293.75
1305.17
1315.57
1326.01
1336.41
1346.82
1357.19
1367.58
1378
1388.39
1398.78
1409.19
1419.58
1429.98
1440.39
1450.81
1461.18
1471.57
1481.99
Temperature Data
0
0
0
0
0
0
0
0
0
0
0
0
0
0
0
0
0
0
0
0
0
0
0
0
0
0
0
0
0
0
0
0
0
0
0
0
0
0
0
0
0
0
0
0
0
0
0
0
0
0
0
0
0
0
0
0
0
0
0
0
0
0
0
0
0
0
0
0
0
0
0
0
0
0
0
0
0
0
0
0
0
0
0
0
0
0
0
0
0
0
0
0
0
0
0
0
0
0
0
0
0
0
0
0
0
0
0
0
0
0
0
0
0
0
0
0
0
0
0
0
0
0
0
0
0
0
0
0
0
0
0
0
0
0
0
0
0
0
0
0
0
0
0
Angle Data
0
0
0
0
0
0
0
0
0
0
0
0
0
0
0
0
0
0
0
0
0
0
0
0
0
0
0
0
0
0
0
0
0
0
0
0
0
0
0
0
0
0
0
0
0
0
0
0
0
0
0
0
0
0
0
0
0
0
0
0
0
0
0
0
0
0
0
0
0
0
0
0
0
0
0
0
0
0
0
0
0
0
0
0
0
0
0
0
0
0
0
0
0
0
0
0
0
0
0
0
0
0
0
0
0
0
0
0
0
0
0
0
0
0
0
0
0
0
0
0
0
0
0
0
0
0
0
0
0
0
0
0
0
0
0
0
0
0
0
0
0
0
0
Bx Data
0
0
0
0
0
0
0
0
0
0
0
0
0
0
0
0
0
0
0
0
0
0
0
0
0
0
0
0
0
0
0
0
0
0
0
0
0
0
0
0
0
0
0
0
0
0
0
0
0
0
0
0
0
0
0
0
0
0
0
0
0
0
0
0
0
0
0
0
0
0
0
0
0
0
0
0
0
0
0
0
0
0
0
0
0
0
0
0
0
0
0
0
0
0
0
0
0
0
0
0
0
0
0
0
0
0
0
0
0
0
0
0
0
0
0
0
0
0
0
0
0
0
0
0
0
0
0
0
0
0
0
0
0
0
0
0
0
0
0
0
0
0
0
Hint Data
0
0
0
0
0
0
0
0
0
0
0
0
0
0
0
0
0
0
0
0
0
0
0
0
0
0
0
0
0
0
0
0
0
0
0
0
0
0
0
0
0
0
0
0
0
0
0
0
0
0
0
0
0
0
0
0
0
0
0
0
0
0
0
0
0
0
0
0
0
0
0
0
0
0
0
0
0
0
0
0
0
0
0
0
0
0
0
0
0
0
0
0
0
0
0
0
0
0
0
0
0
0
0
0
0
0
0
0
0
0
0
0
0
0
0
0
0
0
0
0
0
0
0
0
0
0
0
0
0
0
0
0
0
0
0
0
0
0
0
0
0
0
0
Torque Data
-0.055080847525
-0.054560530571
-0.05290917792
-0.050525100884
-0.048522097594
-0.04700735556
-0.04569988575
-0.042625974132
-0.041173972405
-0.039453512724
-0.03728773445
-0.036365404946
-0.03429819969
-0.031879837458
-0.029804966631
-0.028172573842
-0.026701717443
-0.02454044796
-0.0229198854
-0.02086296021
-0.018839466678
-0.01730454242
-0.01544708048
-0.013289171373
-0.0112717349284
-0.0093753425808
-0.0074820370543
-0.0056856544899
-0.004989019566
-0.004253935794
-0.0036622930895
-0.0029557560493
-0.0023490207079
-0.0016426610775
-0.00100180744538
-0.00033563533896
0.00033493311168
0.00100521338985
0.0016579333196
0.0023380265424
0.0030761734884
0.0036907525772
0.00430683525
0.0050140016866
0.0058231697056
0.0076858830251
0.0093575227343
0.01140177006
0.013518193936
0.015086726024
0.01696417854
0.018971115175
0.02094693775
0.023230606698
0.024281071045
0.026889974892
0.02889694351
0.030227257984
0.032331533808
0.034135903477
0.036129539243
0.037713873472
0.039715530826
0.042608073915
0.044345385902
0.045644397498
0.048365872026
0.04963939092
0.051270995048
0.054414189186
0.055805238804
0.05828666571
0.056773717201
0.054652073259
0.052454833568
0.049556395213
0.047982856612
0.045860461128
0.044051746776
0.04253335333
0.040677582442
0.038846644104
0.037111928689
0.03491434914
0.032326772122
0.030548498256
0.028400204396
0.027062081424
0.02540912544
0.023037254436
0.02149934364
0.019550255132
0.017211908972
0.015741724515
0.013573734092
0.011810054291
0.009811356906
0.007832318366
0.005911700288
0.0052483499882
0.0045222836736
0.0037805810354
0.0030848648589
0.0024095517248
0.0017124535728
0.00103624291086
0.00034305358919
-0.00034578759135
-0.00103819887072
-0.0017408575299
-0.002405351835
-0.0031073602784
-0.0037531225084
-0.0044866057586
-0.005236667044
-0.0059608672315
-0.0077106512693
-0.0096005368604
-0.011703434064
-0.013475391984
-0.015694587805
-0.017596121114
-0.019434921628
-0.021342161196
-0.023617982836
-0.025405189672
-0.027878751944
-0.029445221116
-0.030853150384
-0.03298301196
-0.036010920036
-0.037532798738
-0.0391790205
-0.04057655439
-0.043389776115
-0.045368909042
-0.046392736068
-0.047920971541
-0.0504309454
-0.052556499621
-0.054332057624
-0.056519144624
-0.058428850571
dMdH Data
-3.24363286881529E-09
1.28217435651289E-07
7.71260645316044E-08
-2.89072807964496E-08
-1.85429668746991E-08
1.25817876223062E-07
-6.67266726672666E-08
1.70614692653674E-07
2.73142033857594E-08
-7.21396018229789E-08
1.72949933965663E-07
1.00695693894685E-07
-5.49153763053648E-08
4.25914817036632E-09
4.54790904181905E-08
1.11091116309759E-07
1.26057986673871E-07
3.67836783678353E-08
3.22599988007444E-08
-2.34651623357141E-08
-1.01924575813877E-09
3.22762762762763E-07
-4.59266374497198E-08
4.88041777335433E-08
1.01121507651547E-07
6.3527137135754E-08
1.16573320060926E-07
-6.05679092161891E-08
-8.25375170532067E-08
1.36001224010992E-08
1.69583502916841E-07
-1.27033728473899E-07
2.13734989082969E-07
2.4522966276248E-07
-1.50035852281802E-07
6.494806530097E-07
-1.27921831595671E-07
-6.74027638537362E-08
-2.11589815114043E-07
2.0090347123157E-07
4.16609915554347E-07
-1.18627982646405E-08
-1.53011781907206E-07
3.24817704349596E-07
5.34390104776601E-09
9.47696737044111E-09
2.23185083386845E-07
-8.8630366994484E-08
2.65734685306293E-07
5.87705606915608E-08
-2.27968084468186E-08
1.85325173986082E-07
-1.75701607100024E-07
1.37585503420137E-07
1.04849357820189E-07
-2.4011045080741E-09
1.31354916067148E-07
1.1093768759755E-07
4.4447113940777E-08
4.67625899280577E-08
-5.75250434886931E-08
9.43464169967595E-08
-1.36879390046217E-08
2.39222974998501E-07
-1.4695297504799E-08
4.81594907824415E-08
7.25941924646075E-09
5.43797589783557E-08
7.88082652570883E-08
-7.33988966178938E-08
1.80602207293667E-07
6.46709460675509E-08
1.02687140115162E-07
-5.78978622327774E-08
7.45066451872732E-08
-6.64024975984638E-08
9.58838353534146E-08
1.38377600575573E-07
-6.51182331052684E-08
2.12143028557714E-07
9.63038521540867E-08
-1.36158972203877E-07
1.10218277764451E-07
4.56755296800913E-08
3.75060009601538E-08
3.89828475470786E-08
2.06884144878875E-08
1.46853986551393E-07
6.1169415292358E-09
1.33753375337533E-07
4.57218288731544E-08
3.15688392749979E-08
5.27199664127625E-08
1.67807807807808E-07
-3.20182276052288E-08
1.25190638021928E-07
6.53226579729652E-09
-7.08666146177495E-09
2.66501761995124E-07
-3.26958772542299E-08
2.29941707312928E-07
2.10959696490244E-07
-9.50586477907366E-08
7.53905983489106E-08
3.48187640867382E-08
-4.00196706855916E-08
-2.50321427718834E-07
4.28712184549744E-07
1.314675038862E-07
3.05618282764807E-08
1.81247226678499E-07
4.01953800753012E-08
-7.11701459072891E-08
1.20316084629112E-07
3.22388668786448E-07
4.31091338601572E-08
5.8668107848435E-08
1.619977320317E-09
9.99879966390602E-08
2.56736482026044E-07
-1.74700239808153E-07
1.31741556182136E-07
6.36369094074494E-09
1.92554788351846E-07
1.38009592326139E-07
-8.05135589152877E-08
1.51787856971442E-08
3.23374130069595E-08
2.61796133989676E-07
-7.11415032091656E-08
1.07970231664866E-07
9.86076101308358E-08
1.26942228088068E-07
-5.51724137931027E-08
4.25838181491073E-09
2.02954245226361E-08
1.44048976652068E-08
5.64385533497265E-08
1.47597048059037E-08
2.82095912610337E-09
1.87934756536339E-07
2.5976363309136E-08
2.5976363309136E-08
dMdT Data
0
0
0
0
0
0
0
0
0
0
0
0
0
0
0
0
0
0
0
0
0
0
0
0
0
0
0
0
0
0
0
0
0
0
0
0
0
0
0
0
0
0
0
0
0
0
0
0
0
0
0
0
0
0
0
0
0
0
0
0
0
0
0
0
0
0
0
0
0
0
0
0
0
0
0
0
0
0
0
0
0
0
0
0
0
0
0
0
0
0
0
0
0
0
0
0
0
0
0
0
0
0
0
0
0
0
0
0
0
0
0
0
0
0
0
0
0
0
0
0
0
0
0
0
0
0
0
0
0
0
0
0
0
0
0
0
0
0
0
0
0
0
0
 
*********************************************** Results ***************************************
 
TotalArea 0.001445788601845
AreaFirstQuad 8.78105355372439E-04
AreaSecondQuad 5.67683246472566E-04
AreaThirdQuad 0
AreaFourthQuad 0
Coercivity 0
PositiveCoercivity 0
NegativeCoercivity 0
Retentivity 1.86177193060978E-06
PositiveRetentivity 2.18814682755508E-04
NegativeRetentivity 2.15091138894289E-04
Magnetization 0.000247023
PositiveMagnetization 0.000247023
NegativeMagnetization 0.000188424
Flatness -116.530337179292
Squareness 7.53683636993227E-03
SStar 0
SFD1 0
SFD2 0
Slope 0
Intercept 0
SlopeAtHc 2.5976363309136E-08
dH1 0
dH2 25.98281
InitialSlope -3.24363286881529E-09
FieldAtHalfMs 0
FieldAtMs 483.337
MomentMean 2.18237475524476E-04
MomentRMS 1.67505081868809E-05
SFD3 0
dH3 0
UserField1 0
UserField2 0
CenterField 0
ExchangeField 0
ExchangeMoment 0
ExRegionOneIntercept 0
ExRegionOneSlope 0
ExRegionTwoIntercept 0
ExRegionTwoSlope 0
NegativeIntercept 0
NegativeSlope 0
AutoCenterOffset 0
PinningField 0
PinningMoment 0
PinRegionOneIntercept 0
PinRegionOneSlope 0
PinRegionTwoIntercept 0
PinRegionTwoSlope 0
PositiveIntercept 0
PositiveSlope 0
TotalOffset 0
BHMax 0
BCoercivity 0
BRetentivity 0
BNegativeCoercivity 0
BPositiveCoercivity 0
BNegativeRetentivity 0
BPositiveRetentivity 0
MomentYMean -1.15267678321678E-04
MomentYRMS 2.07630909528775E-06
YOffCorrection 0
Mrt 0
Ms1 0
Ms2 0
Ms3 0
Hc2 0
Hex2 0
HsatValue 0
HsatIntercept 0
HsatSlope 0
CenterH 0
Span .000058599
SpanAsPercentOfRange -3.9066
RMSAsPercentOfRange -1.11670054579206
SpanAsPercentOfMean 26.8510254066919
RMSAsPercentOfMean 7.6753582979392
