Version 1.25
******************************************** Units *******************************************
System CGS
TemperatureUnit K
MomentUnit emu
AppliedFieldUnit G
 
******************************************** Setup ********************************************
 
Experiment CustomField
Minor False
Acquisition PointByPoint
EditedPoint No
MaxField 1000
FieldIncrement 30.769
Points 55
MinField 0
RampRate 10
AverageTime 3
TimeInterval 0
TimeConstant 0.3
TimeConstantIndex 1
Sensitivity -0.0015
SensitivityIndex 5
SensitivityY -4
SensitivityIndexY 0
SaturationField 8000
ExperimentTime 165
Use735Domains False
AutoRangeEnabled False
NumberOfVertices 11
VertexPts
0
5
11
16
22
27
32
38
43
49
54
VertexField
1000
500
380
-380
-500
-1000
-500
-380
380
500
1000
StartAngle 0
EndAngle 0
AngleIncrement 0
StartTemp 0
FinishTemp 0
TempIncrement 0
TempPoints 0
LengthofSetPointsArray 55
SetPointArray
1000
900
800
700
600
500
480
460
440
420
400
380
228
76
-76
-228
-380
-400
-420
-440
-460
-480
-500
-600
-700
-800
-900
-1000
-900
-800
-700
-600
-500
-480
-460
-440
-420
-400
-380
-228
-76
76
228
380
400
420
440
460
480
500
600
700
800
900
1000
FieldDomainFile c:\Ideasvsm\Default UserID\Experiments\Jason_1kG\fdomain.ini
TempDomainFile c:\Ideasvsm\Default UserID\Experiments\Jason_1kG\tdomain.ini
NumSelectedResults 0
ResultsSelected 
UserName1 
UserValue1 
UserName2 
UserValue2 
LinearBackgroundCorrection Off
MaxLinearFieldCorrection 
MinLinearFieldCorrection 
AutoLinearCorrection Off
FitOneRegion Off
BackgroundMode Off
BackgroundFilename 
AutoCenter Off
OffsetCorrection 
SmoothDeriv Off
DerivOrder 0
DerivPoints 0
MinExFieldOne 
MaxExFieldOne 
MinExFieldTwo 
MaxExFieldTwo 
MinPinFieldOne 
MaxPinFieldOne 
MinPinFieldTwo 
MaxPinFieldTwo 
HCenterStart 
Mass 
Volume 
Density 
MolarWeight 
NumberOfMoles 
Demagnetization 
SampleArea 
Thickness 
MomentScaling 0
XAxis 0
YAxis 0
SimpleSpinValve False
HsatMax 0
HsatMin 0
FieldAutoRange True
 
*************************************************** Experiment Data ********************************************
 
DataPoints 55
MomentX Data
0.000253441
0.000254674
0.000252945
0.000253855
0.000251746
0.000247852
0.000249315
0.000248637
0.000248409
0.000247774
0.000245013
0.00024373
0.000239034
0.000227415
0.000218273
0.00020943
0.000196985
0.000196921
0.000196759
0.000195693
0.000193354
0.000194048
0.000192523
0.000191845
0.000187601
0.000184399
0.00018139
0.000183375
0.000182775
0.000182158
0.000184495
0.000186817
0.000187702
0.00018686
0.000189899
0.000190819
0.000189714
0.000190495
0.000190522
0.000197913
0.000207395
0.000218287
0.000228995
0.000237508
0.000240727
0.000241337
0.000241578
0.000242487
0.000243512
0.000242905
0.000245848
0.000248718
0.000250876
0.000250498
0.000251647
MomentY Data
-0.000121005
-0.00012118
-0.000120735
-0.000120846
-0.000117222
-0.000120227
-0.000122007
-0.000120751
-0.000121721
-0.000120831
-0.000121514
-0.000121053
-0.000121991
-0.000122484
-0.000123612
-0.000121832
-0.000121435
-0.000120989
-0.000122992
-0.000122086
-0.000122579
-0.000123119
-0.000122245
-0.000123437
-0.000119861
-0.000118732
-0.000123787
-0.000122054
-0.000119766
-0.000120751
-0.000122674
-0.000120751
-0.000121435
-0.000122007
-0.000121148
-0.000120974
-0.000120179
-0.000121164
-0.000119416
-0.000123771
-0.000121784
-0.00012029
-0.000120989
-0.000120576
-0.000120974
-0.000120195
-0.000124629
-0.000120767
-0.000119464
-0.000120131
-0.000122515
-0.00012339
-0.000122547
-0.000120433
-0.000121053
Field Data
1000
900.002
799.997
699.998
599.993
499.985
479.996
459.994
440.001
420.002
399.995
380.004
227.981
75.9865
-76.0159
-228.021
-380.017
-400.011
-420.006
-440.006
-460.007
-480.001
-500.001
-600.019
-700.02
-800.016
-900.01
-1000.02
-900.006
-799.999
-699.992
-600.001
-499.991
-480.006
-460.001
-439.999
-419.995
-399.992
-379.991
-228.002
-75.9964
76.0043
228.01
380.01
400.002
419.997
440.005
460.006
480.004
500.005
600.009
700.005
800.009
900.005
1000.02
Time Data
0
10.436
20.873
31.309
41.746
52.182
62.587
73.024
83.492
93.944
104.318
114.707
126.158
136.563
146.968
157.405
168.824
179.229
189.666
200.102
210.539
220.944
231.365
241.801
252.253
262.659
273.08
283.485
293.921
304.342
314.763
325.215
335.652
346.072
356.493
366.93
377.366
387.787
398.255
409.69
420.111
430.547
440.952
452.372
462.792
473.198
483.634
494.055
504.476
514.897
525.333
535.77
546.206
556.658
567.11
Temperature Data
0
0
0
0
0
0
0
0
0
0
0
0
0
0
0
0
0
0
0
0
0
0
0
0
0
0
0
0
0
0
0
0
0
0
0
0
0
0
0
0
0
0
0
0
0
0
0
0
0
0
0
0
0
0
0
Angle Data
0
0
0
0
0
0
0
0
0
0
0
0
0
0
0
0
0
0
0
0
0
0
0
0
0
0
0
0
0
0
0
0
0
0
0
0
0
0
0
0
0
0
0
0
0
0
0
0
0
0
0
0
0
0
0
Bx Data
0
0
0
0
0
0
0
0
0
0
0
0
0
0
0
0
0
0
0
0
0
0
0
0
0
0
0
0
0
0
0
0
0
0
0
0
0
0
0
0
0
0
0
0
0
0
0
0
0
0
0
0
0
0
0
Hint Data
0
0
0
0
0
0
0
0
0
0
0
0
0
0
0
0
0
0
0
0
0
0
0
0
0
0
0
0
0
0
0
0
0
0
0
0
0
0
0
0
0
0
0
0
0
0
0
0
0
0
0
0
0
0
0
Torque Data
-0.121005
-0.10906224236
-0.096587637795
-0.084591958308
-0.070332379446
-0.060111696595
-0.058562871972
-0.055544735494
-0.053557361721
-0.050749261662
-0.04860499243
-0.046000624212
-0.027811630171
-0.009307130466
0.0093964774308
0.027780254472
0.046147364395
0.048396930879
0.051657377952
0.053718572516
0.056387198053
0.059097243119
0.061122622245
0.074064545303
0.08390509722
0.094987499712
0.11140953787
0.12205644108
0.107790118596
0.096600679249
0.085870818608
0.072450720751
0.060716407085
0.058564092042
0.055728201148
0.053228439026
0.050474579105
0.048464630688
0.045377005256
0.028220035542
0.0092551455776
-0.009142557247
-0.02758670189
-0.04582008576
-0.048389841948
-0.050481539415
-0.054837383145
-0.055553544602
-0.057343197856
-0.060066100655
-0.073510102635
-0.08637361695
-0.098038702923
-0.108390302165
-0.12105542106
dMdH Data
-1.23302466049322E-08
1.72891355432224E-08
-9.10009100090964E-09
2.10889455527221E-08
3.89368850491961E-08
-7.31902546400517E-08
3.3896610338966E-08
1.14039913969895E-08
3.17515875793802E-08
1.38001699405208E-07
6.41788804962224E-08
3.08900626878827E-08
7.64435555233907E-08
6.01437872033599E-08
5.81756796318018E-08
8.18771546619648E-08
3.20096028808666E-09
8.10202550637676E-09
5.3299999999999E-08
1.16944152792361E-07
-3.47104131239374E-08
7.62499999999998E-08
6.77877981963242E-09
4.24395756042441E-08
3.20212808512341E-08
3.00918055083305E-08
-1.98480151984802E-08
-5.99916011758341E-09
-6.169568130231E-09
2.33683642145048E-08
2.32220899880992E-08
8.84911508849118E-09
-4.21315986990244E-08
1.51912021994501E-07
4.59954004599547E-08
-5.52389522095579E-08
3.90441433784928E-08
1.3499325033744E-09
4.86285191691505E-08
6.23792807633403E-08
7.16575647348993E-08
7.04447267437998E-08
5.60065789473683E-08
1.61014405762305E-07
3.05076269067271E-08
1.20451819272291E-08
4.54477276136194E-08
5.12551255125517E-08
-3.03484825758721E-08
2.94288228470863E-08
2.87011480459216E-08
2.15791368345265E-08
-3.78015120604813E-09
1.14882767584866E-08
1.14882767584866E-08
dMdT Data
0
0
0
0
0
0
0
0
0
0
0
0
0
0
0
0
0
0
0
0
0
0
0
0
0
0
0
0
0
0
0
0
0
0
0
0
0
0
0
0
0
0
0
0
0
0
0
0
0
0
0
0
0
0
0
 
*********************************************** Results ***************************************
 
TotalArea 0.0118821916739
AreaFirstQuad 6.18692807283922E-03
AreaSecondQuad 5.69526360106078E-03
AreaThirdQuad 0
AreaFourthQuad 0
Coercivity 0
PositiveCoercivity 0
NegativeCoercivity 0
Retentivity 5.00208358052629E-06
PositiveRetentivity 2.22844884113672E-04
NegativeRetentivity 2.12840716952619E-04
Magnetization 0.000254674
PositiveMagnetization 0.000254674
NegativeMagnetization 0.00018139
Flatness -43.5504119485795
Squareness 1.96411238702274E-02
SStar 0
SFD1 0
SFD2 0
Slope 0
Intercept 0
SlopeAtHc 1.14882767584866E-08
dH1 0
dH2 393.999
InitialSlope -1.23302466049322E-08
FieldAtHalfMs 0
FieldAtMs 900.002
MomentMean 2.18889509090909E-04
MomentRMS 2.77568750455015E-05
SFD3 0
dH3 0
UserField1 0
UserField2 0
CenterField 0
ExchangeField 0
ExchangeMoment 0
ExRegionOneIntercept 0
ExRegionOneSlope 0
ExRegionTwoIntercept 0
ExRegionTwoSlope 0
NegativeIntercept 0
NegativeSlope 0
AutoCenterOffset 0
PinningField 0
PinningMoment 0
PinRegionOneIntercept 0
PinRegionOneSlope 0
PinRegionTwoIntercept 0
PinRegionTwoSlope 0
PositiveIntercept 0
PositiveSlope 0
TotalOffset 0
BHMax 0
BCoercivity 0
BRetentivity 0
BNegativeCoercivity 0
BPositiveCoercivity 0
BNegativeRetentivity 0
BPositiveRetentivity 0
MomentYMean -1.21383636363636E-04
MomentYRMS 1.3621574712312E-06
YOffCorrection 0
Mrt 0
Ms1 0
Ms2 0
Ms3 0
Hc2 0
Hex2 0
HsatValue 0
HsatIntercept 0
HsatSlope 0
CenterH 0
Span .000073284
SpanAsPercentOfRange -4.8856
RMSAsPercentOfRange -1.85045833636677
SpanAsPercentOfMean 33.4799051376938
RMSAsPercentOfMean 12.6807699285275
