Version 1.25
******************************************** Units *******************************************
System CGS
TemperatureUnit K
MomentUnit emu
AppliedFieldUnit G
 
******************************************** Setup ********************************************
 
Experiment CustomField
Minor False
Acquisition PointByPoint
EditedPoint No
MaxField 15000
FieldIncrement 750
Points 101
MinField 0
RampRate 10
AverageTime 6
TimeInterval 10
TimeConstant 1
TimeConstantIndex 2
Sensitivity -0.0015
SensitivityIndex 5
SensitivityY -4
SensitivityIndexY 0
SaturationField 8000
ExperimentTime 606
Use735Domains False
AutoRangeEnabled False
NumberOfVertices 11
VertexPts
0
10
15
35
40
50
60
65
85
90
100
VertexField
15000
2000
500
-500
-2000
-15000
-2000
-500
500
2000
15000
StartAngle 0
EndAngle 0
AngleIncrement 0
StartTemp 0
FinishTemp 0
TempIncrement 0
TempPoints 0
LengthofSetPointsArray 101
SetPointArray
15000
13700
12400
11100
9800
8500
7200
5900
4600
3300
2000
1700
1400
1100
800
500
450
400
350
300
250
200
150
100
50
0
-50
-100
-150
-200
-250
-300
-350
-400
-450
-500
-800
-1100
-1400
-1700
-2000
-3300
-4600
-5900
-7200
-8500
-9800
-11100
-12400
-13700
-15000
-13700
-12400
-11100
-9800
-8500
-7200
-5900
-4600
-3300
-2000
-1700
-1400
-1100
-800
-500
-450
-400
-350
-300
-250
-200
-150
-100
-50
0
50
100
150
200
250
300
350
400
450
500
800
1100
1400
1700
2000
3300
4600
5900
7200
8500
9800
11100
12400
13700
15000
FieldDomainFile c:\Ideasvsm\Default UserID\Experiments\Jason_1p5T_cus\fdomain.ini
TempDomainFile c:\Ideasvsm\Default UserID\Experiments\Jason_1p5T_cus\tdomain.ini
NumSelectedResults 0
ResultsSelected 
UserName1 
UserValue1 
UserName2 
UserValue2 
LinearBackgroundCorrection Off
MaxLinearFieldCorrection 
MinLinearFieldCorrection 
AutoLinearCorrection Off
FitOneRegion Off
BackgroundMode Off
BackgroundFilename 
AutoCenter Off
OffsetCorrection 
SmoothDeriv Off
DerivOrder 0
DerivPoints 0
MinExFieldOne 
MaxExFieldOne 
MinExFieldTwo 
MaxExFieldTwo 
MinPinFieldOne 
MaxPinFieldOne 
MinPinFieldTwo 
MaxPinFieldTwo 
HCenterStart 
Mass 
Volume 
Density 
MolarWeight 
NumberOfMoles 
Demagnetization 
SampleArea 
Thickness 
MomentScaling 0
XAxis 0
YAxis 0
SimpleSpinValve False
HsatMax 0
HsatMin 0
FieldAutoRange True
 
*************************************************** Experiment Data ********************************************
 
DataPoints 101
MomentX Data
0.000172022
0.000226637
0.000278208
0.000313633
0.000321337
0.00030863
0.000301406
0.000291358
0.000274358
0.000267198
0.000242303
0.000243714
0.000238378
0.000234661
0.000227923
0.000221527
0.000222719
0.00022098
0.00022009
0.000219436
0.000217032
0.000217612
0.000215892
0.000213845
0.000212638
0.000213124
0.000210428
0.000208155
0.000206612
0.000206267
0.000205151
0.000203214
0.000202148
0.000201534
0.00019971
0.000198438
0.000190149
0.000181225
0.000170015
0.000167077
0.000162817
0.000151706
0.000142595
0.000119579
0.000103257
0.0000997985
0.000093716
0.0000961926
0.000130526
0.000182475
0.0002363
0.000185777
0.000129633
0.000098887
0.0000901812
0.000096073
0.000108964
0.000118105
0.000136026
0.00015064
0.000168544
0.00017391
0.000177729
0.00018407
0.000188423
0.000194797
0.000196231
0.000196459
0.000196919
0.000201862
0.00020223
0.000203801
0.000204023
0.000204211
0.000207334
0.000209662
0.000211228
0.000213465
0.000215928
0.00021697
0.000218437
0.000219775
0.000221307
0.000222983
0.000224551
0.000225147
0.000233067
0.000241856
0.000251935
0.000254267
0.000258648
0.000275012
0.000287871
0.000299125
0.000315997
0.000329628
0.000334032
0.000328982
0.000293817
0.000240869
0.000189049
MomentY Data
-0.000116467
-0.000117127
-0.000114504
-0.000115363
-0.000117326
-0.000117517
-0.000119781
-0.000119781
-0.000119265
-0.000118375
-0.000121276
-0.000121617
-0.000120131
-0.000120322
-0.000118518
-0.000119861
-0.000119074
-0.000120393
-0.000121021
-0.000121355
-0.000120099
-0.000119297
-0.000120465
-0.000119829
-0.00011936
-0.000118907
-0.000118764
-0.000116642
-0.000119893
-0.000118383
-0.000118852
-0.000120433
-0.000118399
-0.000120592
-0.000118287
-0.000119654
-0.000117723
-0.000119408
-0.000119464
-0.000118844
-0.00011723
-0.000116976
-0.000117509
-0.000117373
-0.000116587
-0.00011874
-0.000119472
-0.000120036
-0.00011936
-0.000120656
-0.000121005
-0.000122174
-0.000117326
-0.000116364
-0.000117612
-0.000119233
-0.000121657
-0.00011913
-0.000118423
-0.000120028
-0.000121299
-0.000120322
-0.000121435
-0.00012087
-0.000121578
-0.000120703
-0.000123334
-0.000120385
-0.000121442
-0.000120457
-0.000121228
-0.000122579
-0.000121983
-0.000120012
-0.000119853
-0.00012025
-0.000120044
-0.000120401
-0.000119344
-0.000117691
-0.000117215
-0.000120433
-0.000119718
-0.000119638
-0.000120354
-0.000122889
-0.000119821
-0.000120004
-0.000120521
-0.00012149
-0.000121355
-0.000117898
-0.000117779
-0.000118907
-0.000119535
-0.000118812
-0.000120036
-0.000117882
-0.000116833
-0.000116173
-0.000113885
Field Data
15000
13700
12400
11100
9799.99
8499.96
7199.96
5899.96
4599.96
3299.95
1999.96
1699.98
1399.98
1099.98
799.98
499.979
449.991
399.989
349.997
299.989
249.996
199.991
149.997
99.9948
49.9906
-0.00632705
-50.0043
-100.001
-150.011
-200.005
-250.005
-300.002
-350.005
-400.005
-450.002
-500.008
-800.012
-1100.02
-1400.02
-1700.02
-2000.02
-3300.04
-4600.06
-5900.07
-7200.07
-8500.06
-9800.03
-11100
-12400
-13700
-15000
-13700
-12400
-11100
-9799.99
-8499.97
-7199.97
-5899.98
-4599.97
-3299.97
-1999.96
-1699.97
-1399.98
-1099.98
-799.982
-499.981
-449.994
-399.99
-349.989
-299.993
-249.991
-199.992
-149.989
-99.9967
-49.9965
0.00594933
50.0095
100.006
150.003
200.01
250.006
300.003
350.005
400.005
450.007
500.003
800.013
1100.01
1400.02
1700.02
2000.02
3300.05
4600.06
5900.06
7200.07
8500.05
9800.03
11100
12400
13700
15000
Time Data
0
14.524
29.047
43.571
58.095
72.681
87.283
101.869
116.47
131.993
146.563
161.118
174.721
188.231
201.787
215.266
228.807
242.332
256.871
270.412
283.953
297.51
311.035
324.56
338.07
351.611
365.12
378.63
392.171
406.726
420.314
433.823
447.38
461.903
475.46
489.999
503.525
517.05
530.591
544.1
557.641
572.181
587.781
602.336
616.922
632.506
647.045
661.616
676.155
690.695
706.279
720.818
735.389
749.897
764.436
778.96
793.515
808.038
822.593
838.162
852.686
866.242
879.721
893.277
906.865
920.375
933.9
947.457
961.996
975.537
989.093
1002.65
1017.22
1030.76
1044.33
1057.86
1071.45
1085
1098.54
1112.05
1125.59
1139.13
1152.69
1167.31
1180.85
1194.36
1207.88
1221.44
1234.98
1248.54
1262.03
1276.57
1292.14
1306.71
1321.25
1335.8
1350.39
1364.99
1379.53
1394.09
1408.61
Temperature Data
0
0
0
0
0
0
0
0
0
0
0
0
0
0
0
0
0
0
0
0
0
0
0
0
0
0
0
0
0
0
0
0
0
0
0
0
0
0
0
0
0
0
0
0
0
0
0
0
0
0
0
0
0
0
0
0
0
0
0
0
0
0
0
0
0
0
0
0
0
0
0
0
0
0
0
0
0
0
0
0
0
0
0
0
0
0
0
0
0
0
0
0
0
0
0
0
0
0
0
0
0
Angle Data
0
0
0
0
0
0
0
0
0
0
0
0
0
0
0
0
0
0
0
0
0
0
0
0
0
0
0
0
0
0
0
0
0
0
0
0
0
0
0
0
0
0
0
0
0
0
0
0
0
0
0
0
0
0
0
0
0
0
0
0
0
0
0
0
0
0
0
0
0
0
0
0
0
0
0
0
0
0
0
0
0
0
0
0
0
0
0
0
0
0
0
0
0
0
0
0
0
0
0
0
0
Bx Data
0
0
0
0
0
0
0
0
0
0
0
0
0
0
0
0
0
0
0
0
0
0
0
0
0
0
0
0
0
0
0
0
0
0
0
0
0
0
0
0
0
0
0
0
0
0
0
0
0
0
0
0
0
0
0
0
0
0
0
0
0
0
0
0
0
0
0
0
0
0
0
0
0
0
0
0
0
0
0
0
0
0
0
0
0
0
0
0
0
0
0
0
0
0
0
0
0
0
0
0
0
Hint Data
0
0
0
0
0
0
0
0
0
0
0
0
0
0
0
0
0
0
0
0
0
0
0
0
0
0
0
0
0
0
0
0
0
0
0
0
0
0
0
0
0
0
0
0
0
0
0
0
0
0
0
0
0
0
0
0
0
0
0
0
0
0
0
0
0
0
0
0
0
0
0
0
0
0
0
0
0
0
0
0
0
0
0
0
0
0
0
0
0
0
0
0
0
0
0
0
0
0
0
0
0
Torque Data
-1.747005
-1.6046399
-1.4198496
-1.2805293
-1.14979362674
-0.99888979932
-0.86241840876
-0.70670310876
-0.5486142294
-0.39063158125
-0.24254714896
-0.20674646766
-0.16818099738
-0.13235179356
-0.09481202964
-0.059927982919
-0.053582228334
-0.048155875677
-0.042356986937
-0.036405165095
-0.030024269604
-0.023858326327
-0.018069388605
-0.0119822768892
-0.005966878016
7.5233053435E-07
0.0059387106852
0.011664316642
0.017985268823
0.023677191915
0.02971359426
0.036130140866
0.041440241995
0.04823740296
0.053229386574
0.059827957232
0.094179812676
0.13135118816
0.16725198928
0.20203717688
0.2344623446
0.38602547904
0.54054845054
0.69250891611
0.83943456109
1.0092971244
1.17082918416
1.3323996
1.480064
1.6529872
1.815075
1.6737838
1.4548424
1.2916404
1.15259642388
1.01347692301
0.87592675029
0.7028646174
0.54474224731
0.39608879916
0.24259314804
0.20454379034
0.1700065713
0.1329545826
0.097260211596
0.060349206643
0.055499559996
0.04815279615
0.042503364138
0.036136256801
0.030305908948
0.024514819368
0.018296108187
0.0120008039604
0.0059922305145
-7.154069325E-07
-0.006003340418
-0.012040822406
-0.017901958032
-0.02353937691
-0.02930445329
-0.036130261299
-0.04190189859
-0.04785579819
-0.054160142478
-0.061444868667
-0.095858357673
-0.13200560004
-0.16873181042
-0.2065354298
-0.2427124271
-0.3890692949
-0.54179046674
-0.70155843442
-0.86066036745
-1.0099079406
-1.17635640108
-1.3084902
-1.4487292
-1.5915701
-1.708275
dMdH Data
-4.20115384615385E-08
-0.00000003967
-0.00000002725
-5.92610826070567E-09
9.77438982177333E-09
5.55692307692309E-09
7.72923076923075E-09
1.30769230769231E-08
5.50764994115428E-09
1.91501473088255E-08
-4.70364690979395E-09
1.77866666666666E-08
0.00000001239
0.00000002246
2.13199289335702E-08
-2.38457229735133E-08
3.47786088556459E-08
1.78028484557529E-08
1.30779075347944E-08
4.80867321424997E-08
-1.15988401159884E-08
3.44041284954195E-08
4.09381987192564E-08
2.41379724103176E-08
-9.7205974181969E-09
5.39221860593451E-08
4.5463000558037E-08
3.08538292341528E-08
6.90082809937215E-09
2.23200000000002E-08
3.87423245394719E-08
2.13187208767475E-08
1.22799999999998E-08
3.64821889313362E-08
2.5436947566292E-08
2.76296316049119E-08
2.97458734433748E-08
3.73666666666667E-08
9.7933333333333E-09
1.42000000000001E-08
8.54679158782173E-09
7.0083537176351E-09
1.77044791963139E-08
1.25553846153846E-08
2.66040508003908E-09
4.67895412971069E-09
-1.9051208874051E-09
-2.64103076923077E-08
-3.99607692307692E-08
-4.14038461538461E-08
-3.88638461538461E-08
-4.31876923076923E-08
-2.36507692307692E-08
-6.69671771755602E-09
4.53208412178274E-09
9.91615384615385E-09
7.03159255071192E-09
1.37852785747802E-08
1.12415384615385E-08
1.37722017522942E-08
1.78872629087636E-08
1.27304243474783E-08
2.11366666666666E-08
1.45100967339783E-08
2.12465958446805E-08
2.86874587392722E-08
4.55963522918191E-09
9.19981600367949E-09
9.88679094327549E-08
7.35970561177541E-09
3.14206284125686E-08
4.43973361598302E-09
3.76057912918547E-09
6.24597501609994E-08
4.65577192956281E-08
3.13177760182443E-08
4.47431320192416E-08
4.92629557773465E-08
2.0837082808407E-08
2.93423473877911E-08
2.67616056963414E-08
3.0638774449022E-08
3.35200000000003E-08
3.13587456501739E-08
1.19209536762942E-08
2.63991200293323E-08
2.92969596362631E-08
3.35955468151062E-08
7.77333333333339E-09
1.46033333333332E-08
1.25874018291886E-08
9.89146237336635E-09
8.65692307692311E-09
1.29783617049099E-08
1.04855459314759E-08
3.38774442683734E-09
-3.88470503165457E-09
-0.00000002705
-4.07292307692308E-08
-3.98615384615385E-08
-3.98615384615385E-08
dMdT Data
0
0
0
0
0
0
0
0
0
0
0
0
0
0
0
0
0
0
0
0
0
0
0
0
0
0
0
0
0
0
0
0
0
0
0
0
0
0
0
0
0
0
0
0
0
0
0
0
0
0
0
0
0
0
0
0
0
0
0
0
0
0
0
0
0
0
0
0
0
0
0
0
0
0
0
0
0
0
0
0
0
0
0
0
0
0
0
0
0
0
0
0
0
0
0
0
0
0
0
0
0
 
*********************************************** Results ***************************************
 
TotalArea -0.194945684039512
AreaFirstQuad -0.195187680322151
AreaSecondQuad 2.41996282638663E-04
AreaThirdQuad 0
AreaFourthQuad 0
Coercivity 0
PositiveCoercivity 0
NegativeCoercivity 0
Retentivity 1.73110774226512E-06
PositiveRetentivity 2.13123938497294E-04
NegativeRetentivity 2.09661723012764E-04
Magnetization 0.000334032
PositiveMagnetization 0.000334032
NegativeMagnetization 0.0000901812
Flatness -122.114196357545
Squareness 5.18246078898164E-03
SStar 0
SFD1 0
SFD2 0
Slope 0
Intercept 0
SlopeAtHc -3.98615384615385E-08
dH1 0
dH2 199.9915
InitialSlope -4.20115384615385E-08
FieldAtHalfMs 0
FieldAtMs 9800.03
MomentMean 2.09447359405941E-04
MomentRMS 5.64364480125392E-05
SFD3 0
dH3 0
UserField1 0
UserField2 0
CenterField 0
ExchangeField 0
ExchangeMoment 0
ExRegionOneIntercept 0
ExRegionOneSlope 0
ExRegionTwoIntercept 0
ExRegionTwoSlope 0
NegativeIntercept 0
NegativeSlope 0
AutoCenterOffset 0
PinningField 0
PinningMoment 0
PinRegionOneIntercept 0
PinRegionOneSlope 0
PinRegionTwoIntercept 0
PinRegionTwoSlope 0
PositiveIntercept 0
PositiveSlope 0
TotalOffset 0
BHMax 0
BCoercivity 0
BRetentivity 0
BNegativeCoercivity 0
BPositiveCoercivity 0
BNegativeRetentivity 0
BPositiveRetentivity 0
MomentYMean -1.19362851485148E-04
MomentYRMS 1.76790022561308E-06
YOffCorrection 0
Mrt 0
Ms1 0
Ms2 0
Ms3 0
Hc2 0
Hex2 0
HsatValue 0
HsatIntercept 0
HsatSlope 0
CenterH 0
Span .0002438508
SpanAsPercentOfRange -16.25672
RMSAsPercentOfRange -3.76242986750261
SpanAsPercentOfMean 116.42581729922
RMSAsPercentOfMean 26.9454091818636
