Version 1.25
******************************************** Units *******************************************
System CGS
TemperatureUnit K
MomentUnit emu
AppliedFieldUnit G
 
******************************************** Setup ********************************************
 
Experiment CustomField
Minor False
Acquisition PointByPoint
EditedPoint No
MaxField 15000
FieldIncrement 750
Points 81
MinField 0
RampRate 10
AverageTime 6
TimeInterval 10
TimeConstant 1
TimeConstantIndex 2
Sensitivity -0.0015
SensitivityIndex 5
SensitivityY -4
SensitivityIndexY 0
SaturationField 8000
ExperimentTime 486
Use735Domains False
AutoRangeEnabled False
NumberOfVertices 11
VertexPts
0
10
15
25
30
40
50
55
65
70
80
VertexField
15000
2000
500
-500
-2000
-15000
-2000
-500
500
2000
15000
StartAngle 0
EndAngle 0
AngleIncrement 0
StartTemp 0
FinishTemp 0
TempIncrement 0
TempPoints 0
LengthofSetPointsArray 81
SetPointArray
15000
13700
12400
11100
9800
8500
7200
5900
4600
3300
2000
1700
1400
1100
800
500
400
300
200
100
0
-100
-200
-300
-400
-500
-800
-1100
-1400
-1700
-2000
-3300
-4600
-5900
-7200
-8500
-9800
-11100
-12400
-13700
-15000
-13700
-12400
-11100
-9800
-8500
-7200
-5900
-4600
-3300
-2000
-1700
-1400
-1100
-800
-500
-400
-300
-200
-100
0
100
200
300
400
500
800
1100
1400
1700
2000
3300
4600
5900
7200
8500
9800
11100
12400
13700
15000
FieldDomainFile c:\Ideasvsm\Default UserID\Experiments\Jason_1p5T_cus\fdomain.ini
TempDomainFile c:\Ideasvsm\Default UserID\Experiments\Jason_1p5T_cus\tdomain.ini
NumSelectedResults 0
ResultsSelected 
UserName1 
UserValue1 
UserName2 
UserValue2 
LinearBackgroundCorrection Off
MaxLinearFieldCorrection 
MinLinearFieldCorrection 
AutoLinearCorrection Off
FitOneRegion Off
BackgroundMode Off
BackgroundFilename 
AutoCenter Off
OffsetCorrection 
SmoothDeriv Off
DerivOrder 0
DerivPoints 0
MinExFieldOne 
MaxExFieldOne 
MinExFieldTwo 
MaxExFieldTwo 
MinPinFieldOne 
MaxPinFieldOne 
MinPinFieldTwo 
MaxPinFieldTwo 
HCenterStart 
Mass 
Volume 
Density 
MolarWeight 
NumberOfMoles 
Demagnetization 
SampleArea 
Thickness 
MomentScaling 0
XAxis 0
YAxis 0
SimpleSpinValve False
HsatMax 0
HsatMin 0
FieldAutoRange True
 
*************************************************** Experiment Data ********************************************
 
DataPoints 81
MomentX Data
-0.00029393
-0.000252897
-0.000212948
-0.000177042
-0.000137369
-0.0000928747
-0.0000490463
-0.0000068186
0.0000295843
0.0000765905
0.000122604
0.0001346
0.00014318
0.000153134
0.000164917
0.00017337
0.000179271
0.000182017
0.000185113
0.000189116
0.000176442
0.000165788
0.000169685
0.000173215
0.000177084
0.000180348
0.000190192
0.000203216
0.0002116
0.000221919
0.000233048
0.000280225
0.000318822
0.000361602
0.0003926
0.000455112
0.00048664
0.000524048
0.000569628
0.000607222
0.000648527
0.00060605
0.000570449
0.000531133
0.000490504
0.000452338
0.000412561
0.000365488
0.000326203
0.000278004
0.000235271
0.000223851
0.000218126
0.000206219
0.000197373
0.00018714
0.000184455
0.000180053
0.000176758
0.000175669
0.000184144
0.000196213
0.000194103
0.000190974
0.000189191
0.000185376
0.000175913
0.000164264
0.000154926
0.000144344
0.000135778
0.0000900127
0.0000558724
0.00000357468
-0.0000359497
-0.0000764658
-0.00011223
-0.000158449
-0.00020112
-0.000236235
-0.000277517
MomentY Data
-0.000114981
-0.000113225
-0.000113551
-0.00011212
-0.000114791
-0.000113742
-0.000116436
-0.000114401
-0.00011541
-0.00011522
-0.000114878
-0.000115824
-0.000114854
-0.000114648
-0.000115259
-0.000114592
-0.000114544
-0.000114163
-0.000115466
-0.000116809
-0.000115736
-0.000115585
-0.000116189
-0.000115689
-0.000116666
-0.000119082
-0.000119249
-0.000117612
-0.000118279
-0.000119178
-0.000117858
-0.000116022
-0.000116706
-0.000115458
-0.000115474
-0.000115871
-0.000116158
-0.000116928
-0.000117413
-0.000115482
-0.000115228
-0.000116984
-0.000117143
-0.000117501
-0.000116913
-0.00011673
-0.000115935
-0.000119718
-0.000117739
-0.000117938
-0.000118391
-0.000119305
-0.000119527
-0.000118629
-0.000120131
-0.000118383
-0.00011874
-0.000118407
-0.000117024
-0.000118065
-0.000118264
-0.000118041
-0.000118017
-0.000118399
-0.000118248
-0.00011851
-0.000118526
-0.000118701
-0.000118732
-0.000117906
-0.000118597
-0.000117739
-0.000117747
-0.000117779
-0.000115752
-0.000116746
-0.00011282
-0.000115188
-0.000112232
-0.000115768
-0.000117644
Field Data
15000
13700
12400
11100
9799.98
8499.96
7199.96
5899.96
4599.97
3299.94
1999.96
1699.98
1399.98
1099.97
799.977
499.978
399.99
299.987
199.992
99.9918
-0.00984824
-100.009
-200.011
-300.009
-400.013
-500.008
-800.019
-1100.02
-1400.02
-1700.02
-2000.02
-3300.05
-4600.05
-5900.06
-7200.07
-8500.05
-9800.02
-11100
-12400
-13700
-15000
-13700
-12400
-11100
-9799.99
-8499.97
-7199.96
-5899.97
-4599.96
-3299.98
-1999.97
-1699.98
-1399.98
-1099.98
-799.979
-499.98
-399.988
-299.99
-199.989
-99.9871
0.0100329
100.014
200.009
300.01
400.006
500.01
800.016
1100.02
1400.02
1700.02
2000.02
3300.04
4600.05
5900.06
7200.07
8500.04
9800.02
11100
12400
13700
15000
Time Data
0
14.555
29.094
43.649
58.189
72.712
87.252
101.806
117.375
132.913
147.515
161.024
174.565
188.137
201.647
215.157
228.729
243.237
256.762
270.272
283.828
297.369
310.879
324.451
338.975
352.516
366.041
379.535
393.06
406.586
420.173
434.713
450.313
464.899
479.407
493.946
509.531
524.039
538.578
553.133
567.719
582.243
596.782
611.353
625.876
640.431
655.002
669.572
684.096
699.665
714.22
727.76
741.301
754.827
768.414
781.986
795.527
810.067
823.592
837.148
850.658
864.183
877.709
891.203
905.804
919.33
932.886
946.427
959.999
973.556
987.081
1001.62
1017.25
1031.77
1047.37
1061.91
1076.48
1091.02
1105.59
1120.1
1134.64
Temperature Data
0
0
0
0
0
0
0
0
0
0
0
0
0
0
0
0
0
0
0
0
0
0
0
0
0
0
0
0
0
0
0
0
0
0
0
0
0
0
0
0
0
0
0
0
0
0
0
0
0
0
0
0
0
0
0
0
0
0
0
0
0
0
0
0
0
0
0
0
0
0
0
0
0
0
0
0
0
0
0
0
0
Angle Data
0
0
0
0
0
0
0
0
0
0
0
0
0
0
0
0
0
0
0
0
0
0
0
0
0
0
0
0
0
0
0
0
0
0
0
0
0
0
0
0
0
0
0
0
0
0
0
0
0
0
0
0
0
0
0
0
0
0
0
0
0
0
0
0
0
0
0
0
0
0
0
0
0
0
0
0
0
0
0
0
0
Bx Data
0
0
0
0
0
0
0
0
0
0
0
0
0
0
0
0
0
0
0
0
0
0
0
0
0
0
0
0
0
0
0
0
0
0
0
0
0
0
0
0
0
0
0
0
0
0
0
0
0
0
0
0
0
0
0
0
0
0
0
0
0
0
0
0
0
0
0
0
0
0
0
0
0
0
0
0
0
0
0
0
0
Hint Data
0
0
0
0
0
0
0
0
0
0
0
0
0
0
0
0
0
0
0
0
0
0
0
0
0
0
0
0
0
0
0
0
0
0
0
0
0
0
0
0
0
0
0
0
0
0
0
0
0
0
0
0
0
0
0
0
0
0
0
0
0
0
0
0
0
0
0
0
0
0
0
0
0
0
0
0
0
0
0
0
0
Torque Data
-1.724715
-1.5511825
-1.4080324
-1.244532
-1.12494950418
-0.96680245032
-0.83833454256
-0.67496132396
-0.5308825377
-0.3802190868
-0.22975140488
-0.19689848352
-0.16079330292
-0.12610936056
-0.092204549043
-0.057293478976
-0.04581645456
-0.034247415881
-0.023092276272
-0.0116799421662
1.13979590464E-06
0.011559540265
0.023239078079
0.034707741201
0.046667916658
0.059541952656
0.095401465731
0.12937555224
0.16559296558
0.20260498356
0.23571835716
0.3828784011
0.5368534353
0.68120912748
0.83142088318
0.98490929355
1.13835072316
1.2979008
1.4559212
1.5821034
1.72842
1.6026808
1.4525732
1.3042611
1.14574623087
0.9922014981
0.8347273626
0.70633260846
0.54159469044
0.38919304124
0.23677844827
0.2028161139
0.16733540946
0.13048952742
0.096102277249
0.05918913234
0.04749457512
0.03552091593
0.023403512736
0.0118049769615
-1.1865308856E-06
-0.011805752574
-0.023604462153
-0.03552088399
-0.047299909488
-0.0592561851
-0.094822696416
-0.13057347402
-0.16622717464
-0.20044255812
-0.23719637194
-0.38854340956
-0.54164208735
-0.69490316674
-0.83342250264
-0.99234566984
-1.1056382564
-1.2785868
-1.3916768
-1.5860216
-1.76466
dMdH Data
-3.15638461538462E-08
-0.00000003073
-0.00000002762
-3.05172228119567E-08
-3.42258580637221E-08
-3.37141538461539E-08
-3.24828461538462E-08
-2.80024461726629E-08
-3.61577809742852E-08
-3.53955445468392E-08
-3.99893326221748E-08
-0.0000000286
-3.31788940368655E-08
-3.92775831436067E-08
-2.8176760589202E-08
-5.90170820498459E-08
-2.74591762247133E-08
-3.09615480774037E-08
-4.00299199401602E-08
1.26737911055055E-07
1.06540903722562E-07
-3.89692206155879E-08
-3.53007060141202E-08
-3.86884524619014E-08
-3.26416320816041E-08
-3.28121302218919E-08
-4.34131886227046E-08
-2.79466666666667E-08
-3.43966666666667E-08
-3.70966666666666E-08
-3.62891625577871E-08
-0.00000002969
-3.29074391735448E-08
-2.3844431965908E-08
-4.80868936445176E-08
-2.42528673738625E-08
-2.87758273204204E-08
-3.50615384615384E-08
-2.89184615384616E-08
-3.17730769230769E-08
-3.26746153846154E-08
-2.73853846153846E-08
-3.02430769230769E-08
-3.12528365166422E-08
-2.93580098767711E-08
-3.05974569426389E-08
-3.62102785406041E-08
-3.02189983153976E-08
-3.70767242572963E-08
-3.28712856054953E-08
-3.80679355978532E-08
-1.90833333333334E-08
-0.00000003969
-2.94865683781054E-08
-3.4110113700379E-08
-2.68521481718537E-08
-4.40208804176084E-08
-3.2949670503295E-08
-1.08897930939314E-08
8.47524299369187E-08
1.20685212296943E-07
-2.11010550527528E-08
-3.12896871031289E-08
-1.78307132285291E-08
-3.81484740610376E-08
-3.15427024792838E-08
-3.88294822735697E-08
-3.11266666666667E-08
-3.52733333333333E-08
-2.85533333333333E-08
-3.52035353302257E-08
-2.62615672187137E-08
-4.02287059330313E-08
-3.04031353604972E-08
-3.11669500065386E-08
-2.75113463284051E-08
-3.55536239019062E-08
-3.28238461538462E-08
-2.70115384615385E-08
-3.17553846153846E-08
-3.17553846153846E-08
dMdT Data
0
0
0
0
0
0
0
0
0
0
0
0
0
0
0
0
0
0
0
0
0
0
0
0
0
0
0
0
0
0
0
0
0
0
0
0
0
0
0
0
0
0
0
0
0
0
0
0
0
0
0
0
0
0
0
0
0
0
0
0
0
0
0
0
0
0
0
0
0
0
0
0
0
0
0
0
0
0
0
0
0
 
*********************************************** Results ***************************************
 
TotalArea -0.33289930703764
AreaFirstQuad -0.100974901073936
AreaSecondQuad -5.97106051389732E-02
AreaThirdQuad 0
AreaFourthQuad -0.172213800824731
Coercivity 180.58809353211
PositiveCoercivity 6017.63603147222
NegativeCoercivity 5656.459844408
Retentivity 3.84995077099025E-06
PositiveRetentivity 1.76443248145365E-04
NegativeRetentivity 1.84143149687346E-04
Magnetization 0.0004712285
PositiveMagnetization 0.000648527
NegativeMagnetization -0.00029393
Flatness -42.4210123979088
Squareness 8.17002955252124E-03
SStar 1.76132500144333
SFD1 1.38066250072167
SFD2 1.10749516570115
Slope 0
Intercept 0
SlopeAtHc -2.80024461726629E-08
dH1 -68.7431152844911
dH2 200.00044057
InitialSlope -3.15638461538462E-08
FieldAtHalfMs 0
FieldAtMs -15000
MomentMean 1.75825907160494E-04
MomentRMS 2.12328232656355E-04
SFD3 1.76132500144334
dH3 -137.486230568983
UserField1 0
UserField2 0
CenterField 0
ExchangeField 0
ExchangeMoment 0
ExRegionOneIntercept 0
ExRegionOneSlope 0
ExRegionTwoIntercept 0
ExRegionTwoSlope 0
NegativeIntercept 0
NegativeSlope 0
AutoCenterOffset 0
PinningField 0
PinningMoment 0
PinRegionOneIntercept 0
PinRegionOneSlope 0
PinRegionTwoIntercept 0
PinRegionTwoSlope 0
PositiveIntercept 0
PositiveSlope 0
TotalOffset 0
BHMax 0
BCoercivity 0
BRetentivity 0
BNegativeCoercivity 0
BPositiveCoercivity 0
BNegativeRetentivity 0
BPositiveRetentivity 0
MomentYMean -1.16683160493827E-04
MomentYRMS 1.82386859077614E-06
YOffCorrection 0
Mrt 0
Ms1 0
Ms2 0
Ms3 0
Hc2 0
Hex2 0
HsatValue 0
HsatIntercept 0
HsatSlope 0
CenterH 0
Span .000942457
SpanAsPercentOfRange -62.8304666666667
RMSAsPercentOfRange -14.1552155104237
SpanAsPercentOfMean 536.017140602451
RMSAsPercentOfMean 120.760493197707
