Version 1.25
******************************************** Units *******************************************
System CGS
TemperatureUnit K
MomentUnit emu
AppliedFieldUnit G
 
******************************************** Setup ********************************************
 
Experiment CustomField
Minor False
Acquisition PointByPoint
EditedPoint No
MaxField 15000
FieldIncrement 750
Points 81
MinField 0
RampRate 10
AverageTime 6
TimeInterval 10
TimeConstant 1
TimeConstantIndex 2
Sensitivity -0.0015
SensitivityIndex 5
SensitivityY -4
SensitivityIndexY 0
SaturationField 8000
ExperimentTime 486
Use735Domains False
AutoRangeEnabled False
NumberOfVertices 11
VertexPts
0
10
15
25
30
40
50
55
65
70
80
VertexField
15000
2000
500
-500
-2000
-15000
-2000
-500
500
2000
15000
StartAngle 0
EndAngle 0
AngleIncrement 0
StartTemp 0
FinishTemp 0
TempIncrement 0
TempPoints 0
LengthofSetPointsArray 81
SetPointArray
15000
13700
12400
11100
9800
8500
7200
5900
4600
3300
2000
1700
1400
1100
800
500
400
300
200
100
0
-100
-200
-300
-400
-500
-800
-1100
-1400
-1700
-2000
-3300
-4600
-5900
-7200
-8500
-9800
-11100
-12400
-13700
-15000
-13700
-12400
-11100
-9800
-8500
-7200
-5900
-4600
-3300
-2000
-1700
-1400
-1100
-800
-500
-400
-300
-200
-100
0
100
200
300
400
500
800
1100
1400
1700
2000
3300
4600
5900
7200
8500
9800
11100
12400
13700
15000
FieldDomainFile c:\Ideasvsm\Default UserID\Experiments\Jason_1p5T_cus\fdomain.ini
TempDomainFile c:\Ideasvsm\Default UserID\Experiments\Jason_1p5T_cus\tdomain.ini
NumSelectedResults 0
ResultsSelected 
UserName1 
UserValue1 
UserName2 
UserValue2 
LinearBackgroundCorrection Off
MaxLinearFieldCorrection 
MinLinearFieldCorrection 
AutoLinearCorrection Off
FitOneRegion Off
BackgroundMode Off
BackgroundFilename 
AutoCenter Off
OffsetCorrection 
SmoothDeriv Off
DerivOrder 0
DerivPoints 0
MinExFieldOne 
MaxExFieldOne 
MinExFieldTwo 
MaxExFieldTwo 
MinPinFieldOne 
MaxPinFieldOne 
MinPinFieldTwo 
MaxPinFieldTwo 
HCenterStart 
Mass 
Volume 
Density 
MolarWeight 
NumberOfMoles 
Demagnetization 
SampleArea 
Thickness 
MomentScaling 0
XAxis 0
YAxis 0
SimpleSpinValve False
HsatMax 0
HsatMin 0
FieldAutoRange True
 
*************************************************** Experiment Data ********************************************
 
DataPoints 81
MomentX Data
-0.000278705
-0.000236925
-0.000197506
-0.000155344
-0.000111648
-0.0000793943
-0.0000428825
0.00000717072
0.0000495855
0.0000962691
0.000139174
0.000147608
0.000157706
0.000168575
0.000180412
0.000189838
0.000193335
0.000195183
0.00020112
0.000200784
0.000190621
0.000180859
0.000182083
0.000187503
0.000190346
0.000194761
0.000204507
0.00021489
0.000225494
0.000236087
0.000245917
0.000289625
0.000334004
0.000369172
0.000415771
0.000455598
0.000512624
0.000539221
0.000582195
0.000622322
0.000661012
0.000620513
0.000581779
0.000542339
0.000504017
0.000462899
0.000426546
0.000376553
0.000335186
0.000287567
0.000248956
0.000237348
0.000226728
0.000216988
0.000205643
0.000196799
0.000195789
0.000191137
0.00018964
0.00018434
0.00019452
0.000208571
0.000204986
0.000201264
0.000199421
0.000194472
0.000184614
0.000173628
0.000163794
0.000153135
0.000142054
0.000100816
0.00004928
0.0000094477
-0.0000257436
-0.0000731527
-0.000110961
-0.000152615
-0.000191095
-0.000232055
-0.000271871
MomentY Data
-0.00011634
-0.000114751
-0.000116714
-0.000117858
-0.000116205
-0.000117389
-0.000118224
-0.00011766
-0.000116968
-0.000116189
-0.000122237
-0.0001218
-0.000120028
-0.000119241
-0.00011886
-0.000118232
-0.000116738
-0.000119503
-0.000116396
-0.000118669
-0.000118701
-0.00012037
-0.000118963
-0.00012029
-0.000122205
-0.000120894
-0.000121935
-0.000120719
-0.000121665
-0.000121975
-0.000121109
-0.00011905
-0.000118764
-0.000116301
-0.000118581
-0.000118272
-0.000117819
-0.000117342
-0.000117246
-0.000118407
-0.000121339
-0.000120282
-0.000121864
-0.000121299
-0.000119074
-0.000118597
-0.000117675
-0.000119162
-0.000120624
-0.000121419
-0.000121935
-0.000121975
-0.000121331
-0.000122078
-0.000122444
-0.000122929
-0.000121784
-0.000118677
-0.000119694
-0.000119702
-0.000121792
-0.000122444
-0.000120632
-0.000120513
-0.000122237
-0.000120393
-0.000121101
-0.000120846
-0.000121967
-0.000120592
-0.000121744
-0.000116849
-0.000117056
-0.000117962
-0.000117485
-0.000118025
-0.000117103
-0.000117246
-0.000115355
-0.000118327
-0.000118184
Field Data
15000
13700
12400
11100
9799.97
8499.97
7199.97
5899.97
4599.95
3299.96
1999.96
1699.98
1399.98
1099.98
799.979
499.98
399.987
299.985
199.989
99.9903
-0.0126908
-100.006
-200.01
-300.01
-400.014
-500.005
-800.013
-1100.01
-1400.02
-1700.02
-2000.02
-3300.05
-4600.06
-5900.06
-7200.06
-8500.05
-9800.02
-11100
-12400
-13700
-15000
-13700
-12400
-11100
-9799.98
-8499.97
-7199.96
-5899.97
-4599.96
-3299.99
-1999.96
-1699.98
-1399.98
-1099.98
-799.982
-499.978
-399.985
-299.987
-199.988
-99.9878
0.0095362
100.012
200.009
300.008
400.007
500.008
800.016
1100.02
1400.02
1700.02
2000.02
3300.05
4600.06
5900.07
7200.07
8500.05
9800.03
11100
12400
13700
15000
Time Data
0
14.586
30.186
44.788
59.327
73.898
88.452
102.992
117.5
133.069
147.624
161.118
174.643
188.231
201.803
215.328
228.869
243.393
256.902
271.442
284.967
298.477
312.002
326.557
341.112
354.653
368.225
381.781
395.384
409.939
423.449
438.004
453.573
468.143
482.745
497.331
511.87
526.441
540.98
555.566
570.121
584.692
599.262
613.864
628.419
643.036
657.575
672.161
686.763
702.332
717.917
731.442
746.012
759.6
773.188
786.713
800.207
814.746
828.318
841.844
855.416
868.941
882.466
896.023
910.531
924.056
937.582
951.091
964.601
978.204
991.761
1006.33
1021.92
1036.5
1051.07
1065.66
1080.2
1094.74
1110.35
1124.89
1139.45
Temperature Data
0
0
0
0
0
0
0
0
0
0
0
0
0
0
0
0
0
0
0
0
0
0
0
0
0
0
0
0
0
0
0
0
0
0
0
0
0
0
0
0
0
0
0
0
0
0
0
0
0
0
0
0
0
0
0
0
0
0
0
0
0
0
0
0
0
0
0
0
0
0
0
0
0
0
0
0
0
0
0
0
0
Angle Data
0
0
0
0
0
0
0
0
0
0
0
0
0
0
0
0
0
0
0
0
0
0
0
0
0
0
0
0
0
0
0
0
0
0
0
0
0
0
0
0
0
0
0
0
0
0
0
0
0
0
0
0
0
0
0
0
0
0
0
0
0
0
0
0
0
0
0
0
0
0
0
0
0
0
0
0
0
0
0
0
0
Bx Data
0
0
0
0
0
0
0
0
0
0
0
0
0
0
0
0
0
0
0
0
0
0
0
0
0
0
0
0
0
0
0
0
0
0
0
0
0
0
0
0
0
0
0
0
0
0
0
0
0
0
0
0
0
0
0
0
0
0
0
0
0
0
0
0
0
0
0
0
0
0
0
0
0
0
0
0
0
0
0
0
0
Hint Data
0
0
0
0
0
0
0
0
0
0
0
0
0
0
0
0
0
0
0
0
0
0
0
0
0
0
0
0
0
0
0
0
0
0
0
0
0
0
0
0
0
0
0
0
0
0
0
0
0
0
0
0
0
0
0
0
0
0
0
0
0
0
0
0
0
0
0
0
0
0
0
0
0
0
0
0
0
0
0
0
0
Torque Data
-1.7451
-1.5720887
-1.4472536
-1.3082238
-1.13880551385
-0.99780297833
-0.85120925328
-0.6941904702
-0.5380469516
-0.38341905244
-0.24446911052
-0.207057564
-0.16803679944
-0.13116271518
-0.09508550394
-0.05911363536
-0.046693682406
-0.035849107455
-0.023277919644
-0.0118657489107
1.5064106508E-06
0.01203772222
0.02379378963
0.0360882029
0.04888371087
0.06044760447
0.097549585155
0.13279210719
0.1703334333
0.2073599395
0.24222042218
0.3928709525
0.54632152584
0.68618287806
0.85379031486
1.0053179136
1.15462855638
1.3024962
1.4538504
1.6221759
1.820085
1.6478634
1.5111136
1.3464189
1.16692281852
1.00807094209
0.847255293
0.70305222514
0.55486557504
0.40068148581
0.2438651226
0.2073550605
0.16986097338
0.13428335844
0.097952996008
0.061461795562
0.04871177324
0.035601557199
0.023937363672
0.0119687396356
-1.1614328704E-06
-0.012245869328
-0.024127485688
-0.036154864104
-0.048895655659
-0.060197463144
-0.096882737616
-0.13293301692
-0.17075623934
-0.20500881184
-0.24349043488
-0.38560754245
-0.53846462336
-0.69598405734
-0.84590022395
-1.00321840125
-1.14761291309
-1.3014306
-1.430402
-1.6210799
-1.77276
dMdH Data
-3.21384615384616E-08
-3.03223076923077E-08
-3.24323076923077E-08
-3.36115320415683E-08
-2.48105384615385E-08
-0.000000028086
-3.85024769230769E-08
-3.26262519038169E-08
-3.5910737774906E-08
-3.30037692307692E-08
-2.81152076805121E-08
-0.00000003366
-0.00000003623
-3.94565351448829E-08
-3.14201047336825E-08
-3.49724480713648E-08
-1.8479630407392E-08
-5.93723748949957E-08
3.3600436805679E-09
1.01626960540864E-07
9.76265319960027E-08
-1.22395104195832E-08
-5.41999999999999E-08
-2.84288628454863E-08
-4.41539738576471E-08
-3.24858003786566E-08
-3.4610346103461E-08
-3.53454884837172E-08
-0.00000003531
-3.27666666666667E-08
-3.36207625977862E-08
-3.41374297120791E-08
-2.70523076923077E-08
-3.58453846153846E-08
-3.06363895106886E-08
-4.38671661653731E-08
-2.04595455314697E-08
-3.30569230769231E-08
-3.08669230769231E-08
-2.97615384615384E-08
-3.11530769230769E-08
-2.97953846153846E-08
-3.03384615384616E-08
-2.94780080306456E-08
-3.16289874693272E-08
-2.7963631048992E-08
-3.84564496649974E-08
-3.18205244575042E-08
-3.66308453271998E-08
-2.9700083844219E-08
-3.86959130608707E-08
-0.0000000354
-3.24666666666667E-08
-3.78169187794585E-08
-2.94796069385742E-08
-1.01007070494934E-08
-4.65209304186085E-08
-1.49701497014969E-08
-5.29998940002122E-08
1.01802711820638E-07
1.40506538199912E-07
-3.58510755322661E-08
-3.72203722037221E-08
-1.84301843018429E-08
-4.94895051049489E-08
-3.28591237566999E-08
-3.66195117398434E-08
-0.00000003278
-3.55300000000001E-08
-3.69366666666667E-08
-3.17208064429282E-08
-3.96427719786771E-08
-3.0639995076961E-08
-2.70702307692308E-08
-3.64690995246081E-08
-2.90837551346943E-08
-3.20422778987207E-08
-0.0000000296
-3.15076923076923E-08
-3.06276923076923E-08
-3.06276923076923E-08
dMdT Data
0
0
0
0
0
0
0
0
0
0
0
0
0
0
0
0
0
0
0
0
0
0
0
0
0
0
0
0
0
0
0
0
0
0
0
0
0
0
0
0
0
0
0
0
0
0
0
0
0
0
0
0
0
0
0
0
0
0
0
0
0
0
0
0
0
0
0
0
0
0
0
0
0
0
0
0
0
0
0
0
0
 
*********************************************** Results ***************************************
 
TotalArea -8.95888033823311E-02
AreaFirstQuad -1.90690313089607E-02
AreaSecondQuad -2.82055379292174E-02
AreaThirdQuad 0
AreaFourthQuad -4.23142341441534E-02
Coercivity 81.4332566309154
PositiveCoercivity 6249.07699888893
NegativeCoercivity 6086.2104856271
Retentivity 1.94836973077435E-06
PositiveRetentivity 1.90622289727431E-04
NegativeRetentivity 1.9451902918898E-04
Magnetization 0.0004698585
PositiveMagnetization 0.000661012
NegativeMagnetization -0.000278705
Flatness -93.7765207068218
Squareness 4.14671593846732E-03
SStar 1.62141381128346
SFD1 1.31070690564172
SFD2 2.45599429243595
Slope 0
Intercept 0
SlopeAtHc -3.85024769230769E-08
dH1 -25.30187518412
dH2 199.9996135
InitialSlope -3.21384615384616E-08
FieldAtHalfMs 0
FieldAtMs -15000
MomentMean 1.87805480493827E-04
MomentRMS 2.12990665432483E-04
SFD3 1.62141381128346
dH3 -50.603750368241
UserField1 0
UserField2 0
CenterField 0
ExchangeField 0
ExchangeMoment 0
ExRegionOneIntercept 0
ExRegionOneSlope 0
ExRegionTwoIntercept 0
ExRegionTwoSlope 0
NegativeIntercept 0
NegativeSlope 0
AutoCenterOffset 0
PinningField 0
PinningMoment 0
PinRegionOneIntercept 0
PinRegionOneSlope 0
PinRegionTwoIntercept 0
PinRegionTwoSlope 0
PositiveIntercept 0
PositiveSlope 0
TotalOffset 0
BHMax 0
BCoercivity 0
BRetentivity 0
BNegativeCoercivity 0
BPositiveCoercivity 0
BNegativeRetentivity 0
BPositiveRetentivity 0
MomentYMean -1.19411691358025E-04
MomentYRMS 2.05309929522402E-06
YOffCorrection 0
Mrt 0
Ms1 0
Ms2 0
Ms3 0
Hc2 0
Hex2 0
HsatValue 0
HsatIntercept 0
HsatSlope 0
CenterH 0
Span .000939717
SpanAsPercentOfRange -62.6478
RMSAsPercentOfRange -14.1993776954989
SpanAsPercentOfMean 500.367187117783
RMSAsPercentOfMean 113.410250261298
