Version 1.25
******************************************** Units *******************************************
System CGS
TemperatureUnit K
MomentUnit emu
AppliedFieldUnit G
 
******************************************** Setup ********************************************
 
Experiment CustomField
Minor False
Acquisition PointByPoint
EditedPoint No
MaxField 500
FieldIncrement 16.6666666666667
Points 143
MinField 0
RampRate 500
AverageTime 3
TimeInterval 0
TimeConstant 0.3
TimeConstantIndex 1
Sensitivity -0.0015
SensitivityIndex 5
SensitivityY -4
SensitivityIndexY 0
SaturationField 8000
ExperimentTime 429
Use735Domains False
AutoRangeEnabled False
NumberOfVertices 7
VertexPts
0
27
44
71
98
115
142
VertexField
500
50
-50
-500
-50
50
500
StartAngle 0
EndAngle 0
AngleIncrement 0
StartTemp 0
FinishTemp 0
TempIncrement 0
TempPoints 0
LengthofSetPointsArray 143
SetPointArray
500
483.333333333333
466.666666666667
450
433.333333333333
416.666666666667
400
383.333333333333
366.666666666667
350
333.333333333333
316.666666666666
300
283.333333333333
266.666666666666
250
233.333333333333
216.666666666666
200
183.333333333333
166.666666666666
150
133.333333333333
116.666666666666
99.9999999999998
83.3333333333331
66.6666666666665
50
44.1176470588235
38.2352941176471
32.3529411764706
26.4705882352941
20.5882352941176
14.7058823529412
8.8235294117647
2.94117647058823
-2.94117647058824
-8.82352941176471
-14.7058823529412
-20.5882352941177
-26.4705882352941
-32.3529411764706
-38.2352941176471
-44.1176470588235
-50
-66.6666666666667
-83.3333333333333
-100
-116.666666666667
-133.333333333333
-150
-166.666666666667
-183.333333333333
-200
-216.666666666667
-233.333333333333
-250
-266.666666666667
-283.333333333333
-300
-316.666666666667
-333.333333333333
-350
-366.666666666667
-383.333333333333
-400
-416.666666666667
-433.333333333333
-450
-466.666666666667
-483.333333333334
-500
-483.333333333333
-466.666666666667
-450
-433.333333333333
-416.666666666667
-400
-383.333333333333
-366.666666666667
-350
-333.333333333333
-316.666666666666
-300
-283.333333333333
-266.666666666666
-250
-233.333333333333
-216.666666666666
-200
-183.333333333333
-166.666666666666
-150
-133.333333333333
-116.666666666666
-99.9999999999998
-83.3333333333331
-66.6666666666665
-50
-44.1176470588235
-38.2352941176471
-32.3529411764706
-26.4705882352941
-20.5882352941176
-14.7058823529412
-8.8235294117647
-2.94117647058823
2.94117647058824
8.82352941176471
14.7058823529412
20.5882352941177
26.4705882352941
32.3529411764706
38.2352941176471
44.1176470588235
50
66.6666666666667
83.3333333333333
100
116.666666666667
133.333333333333
150
166.666666666667
183.333333333333
200
216.666666666667
233.333333333333
250
266.666666666667
283.333333333333
300
316.666666666667
333.333333333333
350
366.666666666667
383.333333333333
400
416.666666666667
433.333333333333
450
466.666666666667
483.333333333334
500
FieldDomainFile c:\Ideasvsm\Default UserID\Experiments\Jason_500G\fdomain.ini
TempDomainFile c:\Ideasvsm\Default UserID\Experiments\Jason_500G\tdomain.ini
NumSelectedResults 0
ResultsSelected 
UserName1 
UserValue1 
UserName2 
UserValue2 
LinearBackgroundCorrection Off
MaxLinearFieldCorrection 
MinLinearFieldCorrection 
AutoLinearCorrection Off
FitOneRegion Off
BackgroundMode Off
BackgroundFilename 
AutoCenter Off
OffsetCorrection 
SmoothDeriv Off
DerivOrder 0
DerivPoints 0
MinExFieldOne 
MaxExFieldOne 
MinExFieldTwo 
MaxExFieldTwo 
MinPinFieldOne 
MaxPinFieldOne 
MinPinFieldTwo 
MaxPinFieldTwo 
HCenterStart 
Mass 
Volume 
Density 
MolarWeight 
NumberOfMoles 
Demagnetization 
SampleArea 
Thickness 
MomentScaling 0
XAxis 0
YAxis 0
SimpleSpinValve False
HsatMax 0
HsatMin 0
FieldAutoRange False
 
*************************************************** Experiment Data ********************************************
 
DataPoints 143
MomentX Data
0.000227454
0.000229144
0.000228089
0.000229918
0.0002291
0.000229873
0.000231896
0.000231623
0.000230588
0.000230255
0.000230269
0.000230752
0.000230751
0.000229543
0.00023028
0.00022982
0.000231845
0.000230304
0.000231838
0.000230396
0.000231492
0.00022999
0.000229524
0.000229886
0.000231912
0.000230005
0.000230222
0.000230396
0.000230991
0.000228134
0.000231878
0.000230356
0.000229415
0.000230148
0.000229667
0.000229921
0.000229192
0.000229202
0.000229566
0.000229104
0.000229691
0.000229021
0.000225996
0.000222942
0.000217288
0.0002019
0.000200208
0.000201568
0.00020238
0.000202996
0.00020045
0.000201401
0.000200269
0.000201225
0.000203251
0.000201049
0.000202461
0.000202856
0.000201694
0.000201428
0.000200041
0.000201529
0.000203363
0.000201555
0.000203095
0.000203062
0.00020274
0.000201578
0.000203993
0.000201328
0.000202741
0.000202631
0.000202816
0.000202765
0.000199957
0.000203099
0.000202567
0.000202648
0.000203883
0.000201591
0.000202253
0.000202578
0.000204536
0.000204048
0.000201517
0.000202943
0.000203745
0.000200996
0.000203674
0.000201541
0.000203115
0.000202319
0.000202303
0.000201585
0.000204144
0.000203586
0.000201843
0.00020302
0.000203992
0.000204461
0.000205521
0.000203641
0.000203013
0.000203945
0.00020574
0.000205226
0.000203897
0.000203372
0.00020608
0.000206541
0.000205505
0.000207839
0.000204318
0.000206393
0.000207972
0.000212488
0.000230289
0.000231452
0.000230714
0.000232993
0.000233445
0.000234385
0.000233689
0.000232773
0.000233954
0.000231007
0.000232633
0.000232911
0.00023521
0.000233434
0.000232804
0.000233464
0.000232944
0.000232439
0.000232188
0.000233445
0.000233179
0.000233676
0.000233557
0.000232987
0.00023401
0.000232698
0.000231485
MomentY Data
-0.000126251
-0.000124137
-0.000124629
-0.000126584
-0.00012517
-0.000124852
-0.000124264
-0.000124772
-0.0001242
-0.000125456
-0.000123978
-0.00012687
-0.000125885
-0.000125551
-0.000124915
-0.000128603
-0.000125186
-0.000125122
-0.000127411
-0.00012757
-0.000127602
-0.000125742
-0.00012695
-0.00012792
-0.000129986
-0.000128476
-0.000126457
-0.000127204
-0.000127236
-0.000126632
-0.000127522
-0.000129223
-0.000127935
-0.00012687
-0.000127236
-0.000127363
-0.000127363
-0.000127061
-0.000125774
-0.000126664
-0.000127347
-0.000126187
-0.000126314
-0.000128635
-0.000124598
-0.00012633
-0.000124216
-0.000123787
-0.000124502
-0.000124645
-0.000124518
-0.000126155
-0.000126187
-0.000125583
-0.000125329
-0.000127014
-0.000124598
-0.000125488
-0.000125504
-0.0001249
-0.000126457
-0.000126982
-0.000126282
-0.000127776
-0.000127459
-0.000127665
-0.000127745
-0.000127411
-0.000127029
-0.000126219
-0.000126155
-0.00012792
-0.000125424
-0.00012819
-0.000125488
-0.000125662
-0.000124868
-0.000124852
-0.000124598
-0.000123183
-0.000125519
-0.000125821
-0.000123103
-0.000124296
-0.000124852
-0.000124502
-0.000125647
-0.000126425
-0.00012598
-0.000125424
-0.000124105
-0.000125011
-0.000123771
-0.000124153
-0.000124359
-0.000123533
-0.000124439
-0.000126743
-0.000124089
-0.000124264
-0.000123088
-0.000124391
-0.000122929
-0.000122722
-0.000125456
-0.000122404
-0.000120878
-0.000124693
-0.000124534
-0.00012304
-0.000122801
-0.000123644
-0.000121005
-0.000121148
-0.00012037
-0.00012153
-0.000119829
-0.000120831
-0.000122356
-0.000120497
-0.000120878
-0.000118939
-0.000121911
-0.000122054
-0.000120878
-0.000123676
-0.000123119
-0.000120831
-0.000121657
-0.000123278
-0.000121371
-0.000120608
-0.000120878
-0.000121752
-0.000122245
-0.000120687
-0.000118844
-0.000121673
-0.000120767
-0.000119829
-0.000122309
-0.000121768
-0.000120179
Field Data
500.003
483.337
466.661
449.982
433.328
416.661
399.999
383.315
366.647
349.986
333.323
316.673
299.991
283.33
266.659
249.993
233.333
216.671
199.987
183.33
166.661
150
133.325
116.659
100.004
83.3422
66.6682
49.9989
44.1147
38.2438
32.3442
26.469
20.5893
14.7043
8.834
2.93378
-2.94392
-8.83578
-14.7069
-20.5825
-26.4666
-32.3574
-38.239
-44.1108
-50.0105
-66.6822
-83.3319
-100.009
-116.67
-133.336
-150.012
-166.675
-183.336
-200.001
-216.679
-233.342
-250.004
-266.674
-283.329
-300.015
-316.67
-333.338
-350
-366.676
-383.332
-400.013
-416.653
-433.329
-450.016
-466.672
-483.337
-500.006
-483.338
-466.675
-449.997
-433.344
-416.674
-400.002
-383.325
-366.669
-349.997
-333.348
-316.666
-299.998
-283.333
-266.68
-250.003
-233.323
-216.678
-200.002
-183.342
-166.679
-150.001
-133.328
-116.662
-100.006
-83.3451
-66.6767
-50.0045
-44.1191
-38.2435
-32.3527
-26.4693
-20.5927
-14.7071
-8.81902
-2.94893
2.93527
8.82302
14.7108
20.5853
26.4592
32.3522
38.2221
44.1078
49.999
66.6678
83.3343
99.9866
116.66
133.324
150.002
166.668
183.346
200
216.654
233.333
250.008
266.67
283.343
300.009
316.675
333.339
349.997
366.666
383.334
400.002
416.668
433.335
449.988
466.67
483.327
500
Time Data
0
10.421
20.873
31.262
41.652
52.026
62.431
72.821
83.242
93.663
104.037
114.427
125.893
136.298
146.719
157.155
167.576
177.981
188.355
198.761
209.15
219.556
229.992
240.382
250.771
261.161
271.566
282.003
292.408
302.845
313.25
323.64
334.029
344.45
354.887
365.276
375.681
386.102
396.508
406.913
417.318
427.739
438.129
448.518
458.908
469.298
479.719
490.124
500.513
510.888
521.262
531.682
542.072
552.477
562.867
573.272
583.678
594.114
604.488
614.909
625.345
635.782
646.187
656.592
667.029
677.45
687.871
698.26
708.728
719.133
729.523
739.944
750.349
760.77
771.144
781.534
791.923
802.313
812.703
823.108
834.558
844.948
855.338
865.743
876.148
886.554
896.99
907.411
917.832
928.237
938.658
949.048
959.468
969.874
980.263
990.684
1001.14
1011.54
1021.93
1032.31
1043.76
1054.16
1064.57
1074.99
1085.38
1095.8
1106.19
1116.59
1126.98
1137.39
1147.79
1158.18
1168.59
1179.01
1189.4
1199.82
1210.19
1220.55
1230.94
1241.33
1251.75
1262.17
1272.56
1282.97
1293.36
1303.73
1314.18
1325.62
1336.06
1346.46
1356.9
1367.32
1377.74
1388.1
1398.49
1408.92
1419.34
1429.73
1440.15
1450.53
1460.92
1471.32
1481.71
Temperature Data
0
0
0
0
0
0
0
0
0
0
0
0
0
0
0
0
0
0
0
0
0
0
0
0
0
0
0
0
0
0
0
0
0
0
0
0
0
0
0
0
0
0
0
0
0
0
0
0
0
0
0
0
0
0
0
0
0
0
0
0
0
0
0
0
0
0
0
0
0
0
0
0
0
0
0
0
0
0
0
0
0
0
0
0
0
0
0
0
0
0
0
0
0
0
0
0
0
0
0
0
0
0
0
0
0
0
0
0
0
0
0
0
0
0
0
0
0
0
0
0
0
0
0
0
0
0
0
0
0
0
0
0
0
0
0
0
0
0
0
0
0
0
0
Angle Data
0
0
0
0
0
0
0
0
0
0
0
0
0
0
0
0
0
0
0
0
0
0
0
0
0
0
0
0
0
0
0
0
0
0
0
0
0
0
0
0
0
0
0
0
0
0
0
0
0
0
0
0
0
0
0
0
0
0
0
0
0
0
0
0
0
0
0
0
0
0
0
0
0
0
0
0
0
0
0
0
0
0
0
0
0
0
0
0
0
0
0
0
0
0
0
0
0
0
0
0
0
0
0
0
0
0
0
0
0
0
0
0
0
0
0
0
0
0
0
0
0
0
0
0
0
0
0
0
0
0
0
0
0
0
0
0
0
0
0
0
0
0
0
Bx Data
0
0
0
0
0
0
0
0
0
0
0
0
0
0
0
0
0
0
0
0
0
0
0
0
0
0
0
0
0
0
0
0
0
0
0
0
0
0
0
0
0
0
0
0
0
0
0
0
0
0
0
0
0
0
0
0
0
0
0
0
0
0
0
0
0
0
0
0
0
0
0
0
0
0
0
0
0
0
0
0
0
0
0
0
0
0
0
0
0
0
0
0
0
0
0
0
0
0
0
0
0
0
0
0
0
0
0
0
0
0
0
0
0
0
0
0
0
0
0
0
0
0
0
0
0
0
0
0
0
0
0
0
0
0
0
0
0
0
0
0
0
0
0
Hint Data
0
0
0
0
0
0
0
0
0
0
0
0
0
0
0
0
0
0
0
0
0
0
0
0
0
0
0
0
0
0
0
0
0
0
0
0
0
0
0
0
0
0
0
0
0
0
0
0
0
0
0
0
0
0
0
0
0
0
0
0
0
0
0
0
0
0
0
0
0
0
0
0
0
0
0
0
0
0
0
0
0
0
0
0
0
0
0
0
0
0
0
0
0
0
0
0
0
0
0
0
0
0
0
0
0
0
0
0
0
0
0
0
0
0
0
0
0
0
0
0
0
0
0
0
0
0
0
0
0
0
0
0
0
0
0
0
0
0
0
0
0
0
0
Torque Data
-0.063125878753
-0.060000005169
-0.058159493769
-0.056960521488
-0.05423966576
-0.052020959172
-0.049705475736
-0.04782697918
-0.0455375574
-0.043907843616
-0.041324718894
-0.04017630351
-0.037764367035
-0.03557236483
-0.033309708985
-0.032149849779
-0.029210024938
-0.027110308862
-0.025480543657
-0.0233874081
-0.021266276922
-0.0188613
-0.01692560875
-0.01492301928
-0.012999119944
-0.0107074724872
-0.0084306605674
-0.0063600600756
-0.0056129779692
-0.0048428888816
-0.0041245970724
-0.003420403587
-0.0026340920955
-0.001865534541
-0.001124002824
-0.00037365502214
0.00037494648296
0.00112268304258
0.0018497456406
0.00260706178
0.0033704421102
0.0040830832338
0.004830121046
0.005674192758
0.006231208279
0.008423962326
0.0103511552904
0.012379814083
0.01452564834
0.01661966572
0.018679194216
0.021026884625
0.023134619832
0.025116725583
0.027156162391
0.029637700788
0.031149998392
0.033464386912
0.035558922816
0.0374718735
0.04004513819
0.042327925916
0.0441987
0.046852392576
0.048859113388
0.051067659645
0.053225337485
0.055210881219
0.057165082464
0.058902873168
0.060975379235
0.06396076752
0.060622185312
0.05982306825
0.056469223536
0.054454873728
0.052029249032
0.049941049704
0.04776152835
0.045167387427
0.043931273443
0.041942178708
0.038982534598
0.037288551408
0.035374691716
0.03320219336
0.031412126941
0.029497860275
0.02729709444
0.025085050848
0.02275365891
0.020836708469
0.018565773771
0.016553071184
0.014507969658
0.012354041198
0.0103713808989
0.0084508049881
0.0062050084005
0.0054824158424
0.004707315928
0.0040243847057
0.0032538445797
0.0025271773294
0.0018450939376
0.00107948332408
0.00035646076054
-0.00036600762211
-0.00109876597268
-0.001810016832
-0.0025278954253
-0.0032715213248
-0.003914777961
-0.0046305309708
-0.005309255886
-0.00607637847
-0.0079887358062
-0.0100693668033
-0.0122339604296
-0.01405718002
-0.016115938472
-0.017841087878
-0.020318662548
-0.022378112684
-0.0241756
-0.026794900104
-0.028727725627
-0.030208716648
-0.03244227219
-0.034929958354
-0.036412392339
-0.0381935384
-0.040293351642
-0.042612834744
-0.04482308517
-0.046263430458
-0.047537837688
-0.050697245564
-0.052332567945
-0.053921612052
-0.05707794103
-0.058853762136
-0.0600895
dMdH Data
-1.01404056162246E-07
6.32645718397695E-08
-1.09658852449187E-07
4.91173291701678E-08
-4.63790724185518E-08
-1.21413995918856E-07
1.63629824982012E-08
6.20950323974086E-08
1.99867955104726E-08
-8.40184840663535E-10
-2.900900900901E-08
5.99448507382655E-11
7.25046515815373E-08
-4.42085057884952E-08
2.76011040441621E-08
-1.2154861944778E-07
9.24858960508945E-08
-9.19443778470392E-08
8.65702107222184E-08
-6.5750794888715E-08
9.01506512214145E-08
2.79460269865079E-08
-2.17208688347539E-08
-1.21645151606124E-07
1.14453420398756E-07
-1.30142737195635E-08
-1.04383507405831E-08
-1.01118248869853E-07
4.86637483179749E-07
-6.34619296223472E-07
2.59055010893247E-07
1.60042179022738E-07
-1.24553950722174E-07
8.19378907381243E-08
-4.30492422316481E-08
1.24028106232032E-07
-1.69725689340799E-09
-6.19983921296128E-08
7.86302675471458E-08
-9.97603711697625E-08
1.13736674135942E-07
5.14315832426547E-07
5.2011308287067E-07
9.58353814600744E-07
9.23001253621406E-07
1.01623452674823E-07
-8.15489503570765E-08
-4.8736570433947E-08
-3.69614784591381E-08
1.52674502278724E-07
-5.70725559623124E-08
6.79431006542234E-08
-5.73657365736579E-08
-1.21477395371147E-07
1.32149072796015E-07
-8.47437282439088E-08
-2.36952609478112E-08
6.97688381867306E-08
1.59415078508938E-08
8.32782948063638E-08
-8.92728581713452E-08
-1.10070819829553E-07
1.08419285200288E-07
-9.24591738712785E-08
1.97829866314997E-09
1.93509615384616E-08
6.9680978651955E-08
-1.44723437406364E-07
1.60002401536984E-07
-8.47884788478847E-08
6.59907612934173E-09
1.10991120710351E-08
-3.06067334813761E-09
-1.68365511452211E-07
1.88674713264876E-07
-3.19136172765447E-08
4.85844529750489E-09
7.40540864663914E-08
-1.37608069164266E-07
3.97072936660278E-08
1.95206919334491E-08
1.17372017743676E-07
-2.92776577873778E-08
-1.51875187518753E-07
8.56302167777582E-08
4.80901840858665E-08
-1.64808153477218E-07
1.60889155902673E-07
-1.27908371312065E-07
9.44777911164471E-08
-4.77705095120916E-08
-9.59347643602829E-10
-4.30636358183891E-08
1.53546141845673E-07
-3.35014409221888E-08
-1.04616197204233E-07
7.0612656283746E-08
5.83006441861312E-08
7.96887212423939E-08
1.80407107359252E-07
-3.19141712500849E-07
-1.06741000101986E-07
1.58595106013683E-07
3.04981650129127E-07
-8.72950095786723E-08
-2.2640198020814E-07
-8.92219842969306E-08
4.59938006878689E-07
7.8297762484331E-08
-1.76355434505063E-07
3.97350993377483E-07
-5.97488545732226E-07
3.53498356019696E-07
2.68277350187744E-07
7.66567083107003E-07
1.06792330581686E-06
6.97806978069774E-08
-4.43182022903738E-08
1.36684779349143E-07
2.7124339894384E-08
5.63616740616382E-08
-4.17616704668192E-08
-5.49226525962347E-08
7.09138945598656E-08
-1.76954485408911E-07
9.74878589843508E-08
1.66716641679168E-08
1.37978634017524E-07
-1.06519522581419E-07
-3.78015120604824E-08
3.96015840633632E-08
-3.12049927988479E-08
-3.03157641973832E-08
-1.50578918951344E-08
7.54139668826497E-08
-1.59587233021367E-08
2.98211928477134E-08
-7.13985720285616E-09
-3.42280670149508E-08
6.13235823042788E-08
-7.87656840967764E-08
-7.27523541054393E-08
-7.27523541054393E-08
dMdT Data
0
0
0
0
0
0
0
0
0
0
0
0
0
0
0
0
0
0
0
0
0
0
0
0
0
0
0
0
0
0
0
0
0
0
0
0
0
0
0
0
0
0
0
0
0
0
0
0
0
0
0
0
0
0
0
0
0
0
0
0
0
0
0
0
0
0
0
0
0
0
0
0
0
0
0
0
0
0
0
0
0
0
0
0
0
0
0
0
0
0
0
0
0
0
0
0
0
0
0
0
0
0
0
0
0
0
0
0
0
0
0
0
0
0
0
0
0
0
0
0
0
0
0
0
0
0
0
0
0
0
0
0
0
0
0
0
0
0
0
0
0
0
0
 
*********************************************** Results ***************************************
 
TotalArea 0.001132713636085
AreaFirstQuad 1.83514158767619E-04
AreaSecondQuad 9.49199477317381E-04
AreaThirdQuad 0
AreaFourthQuad 0
Coercivity 0
PositiveCoercivity 0
NegativeCoercivity 0
Retentivity 1.29616191043257E-05
PositiveRetentivity 2.29557128822499E-04
NegativeRetentivity 2.03633890613847E-04
Magnetization 0.00023521
PositiveMagnetization 0.00023521
NegativeMagnetization 0.000199957
Flatness -16.710528829372
Squareness 5.51065817963763E-02
SStar 0
SFD1 0
SFD2 0
Slope 0
Intercept 0
SlopeAtHc -7.27523541054393E-08
dH1 0
dH2 44.1212
InitialSlope -1.01404056162246E-07
FieldAtHalfMs 0
FieldAtMs 266.67
MomentMean 2.17057692307692E-04
MomentRMS 1.40808657855565E-05
SFD3 0
dH3 0
UserField1 0
UserField2 0
CenterField 0
ExchangeField 0
ExchangeMoment 0
ExRegionOneIntercept 0
ExRegionOneSlope 0
ExRegionTwoIntercept 0
ExRegionTwoSlope 0
NegativeIntercept 0
NegativeSlope 0
AutoCenterOffset 0
PinningField 0
PinningMoment 0
PinRegionOneIntercept 0
PinRegionOneSlope 0
PinRegionTwoIntercept 0
PinRegionTwoSlope 0
PositiveIntercept 0
PositiveSlope 0
TotalOffset 0
BHMax 0
BCoercivity 0
BRetentivity 0
BNegativeCoercivity 0
BPositiveCoercivity 0
BNegativeRetentivity 0
BPositiveRetentivity 0
MomentYMean -1.24700258741259E-04
MomentYRMS 2.39120807676461E-06
YOffCorrection 0
Mrt 0
Ms1 0
Ms2 0
Ms3 0
Hc2 0
Hex2 0
HsatValue 0
HsatIntercept 0
HsatSlope 0
CenterH 0
Span .000035253
SpanAsPercentOfRange -2.3502
RMSAsPercentOfRange -.938724385703767
SpanAsPercentOfMean 16.2413041552228
RMSAsPercentOfMean 6.48715354699157
