Version 1.25
******************************************** Units *******************************************
System CGS
TemperatureUnit K
MomentUnit emu
AppliedFieldUnit G
 
******************************************** Setup ********************************************
 
Experiment CustomField
Minor False
Acquisition PointByPoint
EditedPoint No
MaxField 15000
FieldIncrement 750
Points 101
MinField 0
RampRate 10
AverageTime 6
TimeInterval 10
TimeConstant 1
TimeConstantIndex 2
Sensitivity -0.0015
SensitivityIndex 5
SensitivityY -4
SensitivityIndexY 0
SaturationField 8000
ExperimentTime 606
Use735Domains False
AutoRangeEnabled False
NumberOfVertices 11
VertexPts
0
10
15
35
40
50
60
65
85
90
100
VertexField
15000
2000
500
-500
-2000
-15000
-2000
-500
500
2000
15000
StartAngle 0
EndAngle 0
AngleIncrement 0
StartTemp 0
FinishTemp 0
TempIncrement 0
TempPoints 0
LengthofSetPointsArray 101
SetPointArray
15000
13700
12400
11100
9800
8500
7200
5900
4600
3300
2000
1700
1400
1100
800
500
450
400
350
300
250
200
150
100
50
0
-50
-100
-150
-200
-250
-300
-350
-400
-450
-500
-800
-1100
-1400
-1700
-2000
-3300
-4600
-5900
-7200
-8500
-9800
-11100
-12400
-13700
-15000
-13700
-12400
-11100
-9800
-8500
-7200
-5900
-4600
-3300
-2000
-1700
-1400
-1100
-800
-500
-450
-400
-350
-300
-250
-200
-150
-100
-50
0
50
100
150
200
250
300
350
400
450
500
800
1100
1400
1700
2000
3300
4600
5900
7200
8500
9800
11100
12400
13700
15000
FieldDomainFile c:\Ideasvsm\Default UserID\Experiments\Jason_1p5T_cus\fdomain.ini
TempDomainFile c:\Ideasvsm\Default UserID\Experiments\Jason_1p5T_cus\tdomain.ini
NumSelectedResults 0
ResultsSelected 
UserName1 
UserValue1 
UserName2 
UserValue2 
LinearBackgroundCorrection Off
MaxLinearFieldCorrection 
MinLinearFieldCorrection 
AutoLinearCorrection Off
FitOneRegion Off
BackgroundMode Off
BackgroundFilename 
AutoCenter Off
OffsetCorrection 
SmoothDeriv Off
DerivOrder 0
DerivPoints 0
MinExFieldOne 
MaxExFieldOne 
MinExFieldTwo 
MaxExFieldTwo 
MinPinFieldOne 
MaxPinFieldOne 
MinPinFieldTwo 
MaxPinFieldTwo 
HCenterStart 
Mass 
Volume 
Density 
MolarWeight 
NumberOfMoles 
Demagnetization 
SampleArea 
Thickness 
MomentScaling 0
XAxis 0
YAxis 0
SimpleSpinValve False
HsatMax 0
HsatMin 0
FieldAutoRange True
 
*************************************************** Experiment Data ********************************************
 
DataPoints 101
MomentX Data
0.0000247127
0.0000584172
0.0000888802
0.000114907
0.000151808
0.000179704
0.000193168
0.000207029
0.000217577
0.000215877
0.000221911
0.00022325
0.00022531
0.000222158
0.000221373
0.000223922
0.000225116
0.000225104
0.000225491
0.000223086
0.000223986
0.000223287
0.000223598
0.000223516
0.000222392
0.000222146
0.000208649
0.000194163
0.000192053
0.00019231
0.000192158
0.000192056
0.000191205
0.000192585
0.000192706
0.000193695
0.000198115
0.000203363
0.000206208
0.000205947
0.0002093
0.000212689
0.000215625
0.000224385
0.000221278
0.000260762
0.000277931
0.000304525
0.000340964
0.000375161
0.000403345
0.000374387
0.000340915
0.000310096
0.000282313
0.000249279
0.000223999
0.000220702
0.000208205
0.000213191
0.000207716
0.00020664
0.000204293
0.000202961
0.000201873
0.000203125
0.000204568
0.000203956
0.0002036
0.000204908
0.000204179
0.00020418
0.000203415
0.000205201
0.000205966
0.000205579
0.000218075
0.000233908
0.000235657
0.000235205
0.000237253
0.00023584
0.00023572
0.000235304
0.000235848
0.000234882
0.000229317
0.000223573
0.000222355
0.000220911
0.00022076
0.000212241
0.000208704
0.000205621
0.000195089
0.000177258
0.000143373
0.000114317
0.0000839759
0.0000540662
0.0000240827
MomentY Data
-0.000122039
-0.000122086
-0.000118009
-0.00011878
-0.000118979
-0.000119797
-0.000119893
-0.000119495
-0.000119591
-0.000119821
-0.000121355
-0.000121864
-0.000122833
-0.000122388
-0.000123143
-0.000121474
-0.000123882
-0.000120846
-0.000120417
-0.000122277
-0.000122261
-0.000119575
-0.00012114
-0.000120664
-0.000122046
-0.000121236
-0.000120711
-0.000121331
-0.000121315
-0.000122492
-0.000121005
-0.000122666
-0.000121888
-0.000122563
-0.00012149
-0.000122992
-0.000121021
-0.000121172
-0.00012219
-0.000122325
-0.000122309
-0.00012037
-0.000121609
-0.000121188
-0.000120107
-0.000120974
-0.000120767
-0.000121013
-0.000122205
-0.000122515
-0.000122428
-0.000120886
-0.000121578
-0.000121307
-0.000122817
-0.000121554
-0.000120552
-0.000120211
-0.000120878
-0.000121578
-0.000121911
-0.000122571
-0.000124264
-0.000123819
-0.000121299
-0.000124137
-0.000125154
-0.000124073
-0.000124756
-0.000123183
-0.000124605
-0.00012331
-0.000123684
-0.000124296
-0.000121721
-0.000121848
-0.000123843
-0.000122523
-0.000124645
-0.000120513
-0.000123032
-0.00012397
-0.000122825
-0.000124574
-0.000123763
-0.000123135
-0.000123962
-0.000123628
-0.000123914
-0.000121864
-0.000121021
-0.00012029
-0.00012149
-0.000120489
-0.000119511
-0.000122094
-0.000121029
-0.000121212
-0.000121347
-0.000121498
-0.000119257
Field Data
15000
13700
12400
11100
9799.97
8499.97
7199.98
5899.98
4599.96
3299.96
1999.96
1699.98
1399.97
1099.98
799.982
499.977
449.994
399.993
349.993
299.99
249.995
199.993
149.996
99.9924
49.9926
-0.0026137
-50.001
-100.003
-150.008
-200.005
-250.002
-300.008
-350
-400.005
-450.01
-500.003
-800.01
-1100.02
-1400.01
-1700.02
-2000.02
-3300.04
-4600.06
-5900.07
-7200.07
-8500.05
-9800.02
-11100
-12400
-13700
-15000
-13700
-12400
-11100
-9799.98
-8499.97
-7199.96
-5899.98
-4599.96
-3299.98
-1999.96
-1699.98
-1399.98
-1099.97
-799.983
-499.98
-449.994
-399.99
-349.995
-299.997
-249.997
-199.993
-149.993
-99.9955
-49.9937
0.00219684
50.0084
100.007
150.004
200.003
250.008
300.006
350.003
400.002
450.008
500.004
800.012
1100.01
1400.01
1700.02
2000.02
3300.04
4600.04
5900.06
7200.07
8500.05
9800.02
11100
12400
13700
15000
Time Data
0
15.585
30.171
44.694
59.28
73.804
88.343
102.914
117.438
132.975
147.499
162.038
175.548
189.089
202.645
216.186
229.712
243.237
257.761
271.286
284.78
298.29
311.815
325.403
338.959
352.469
365.994
379.551
393.107
406.632
420.142
433.667
447.239
461.763
475.273
488.798
502.355
515.88
529.389
542.93
556.424
570.979
586.564
601.134
615.705
630.26
644.846
659.448
674.034
688.635
703.143
717.714
732.284
746.824
761.441
776.027
790.598
805.168
819.723
835.307
849.878
863.466
877.007
890.547
904.057
917.629
931.201
944.711
959.313
972.822
986.379
999.889
1013.43
1026.94
1040.5
1054.02
1067.58
1081.07
1094.58
1108.14
1121.65
1135.17
1148.74
1163.36
1176.95
1190.49
1204.02
1217.56
1231.08
1244.61
1258.15
1272.7
1288.3
1302.86
1317.44
1332
1346.58
1361.12
1375.71
1390.26
1404.8
Temperature Data
0
0
0
0
0
0
0
0
0
0
0
0
0
0
0
0
0
0
0
0
0
0
0
0
0
0
0
0
0
0
0
0
0
0
0
0
0
0
0
0
0
0
0
0
0
0
0
0
0
0
0
0
0
0
0
0
0
0
0
0
0
0
0
0
0
0
0
0
0
0
0
0
0
0
0
0
0
0
0
0
0
0
0
0
0
0
0
0
0
0
0
0
0
0
0
0
0
0
0
0
0
Angle Data
0
0
0
0
0
0
0
0
0
0
0
0
0
0
0
0
0
0
0
0
0
0
0
0
0
0
0
0
0
0
0
0
0
0
0
0
0
0
0
0
0
0
0
0
0
0
0
0
0
0
0
0
0
0
0
0
0
0
0
0
0
0
0
0
0
0
0
0
0
0
0
0
0
0
0
0
0
0
0
0
0
0
0
0
0
0
0
0
0
0
0
0
0
0
0
0
0
0
0
0
0
Bx Data
0
0
0
0
0
0
0
0
0
0
0
0
0
0
0
0
0
0
0
0
0
0
0
0
0
0
0
0
0
0
0
0
0
0
0
0
0
0
0
0
0
0
0
0
0
0
0
0
0
0
0
0
0
0
0
0
0
0
0
0
0
0
0
0
0
0
0
0
0
0
0
0
0
0
0
0
0
0
0
0
0
0
0
0
0
0
0
0
0
0
0
0
0
0
0
0
0
0
0
0
0
Hint Data
0
0
0
0
0
0
0
0
0
0
0
0
0
0
0
0
0
0
0
0
0
0
0
0
0
0
0
0
0
0
0
0
0
0
0
0
0
0
0
0
0
0
0
0
0
0
0
0
0
0
0
0
0
0
0
0
0
0
0
0
0
0
0
0
0
0
0
0
0
0
0
0
0
0
0
0
0
0
0
0
0
0
0
0
0
0
0
0
0
0
0
0
0
0
0
0
0
0
0
0
0
Torque Data
-1.830585
-1.6725782
-1.4633116
-1.318458
-1.16599063063
-1.01827090609
-0.86322720214
-0.7050181101
-0.55011381636
-0.39540450716
-0.2427051458
-0.20716636272
-0.17196251501
-0.13462435224
-0.098512183426
-0.060734206098
-0.055746156708
-0.048337554078
-0.042145107081
-0.03668187723
-0.030564638695
-0.023914162975
-0.01817051544
-0.0120654829536
-0.0061013968596
3.168745332E-07
0.006035670711
0.012133463993
0.01819822052
0.02449901246
0.03025149201
0.036800781328
0.0426608
0.049025812815
0.0546717149
0.061496368976
0.09681801021
0.13329162344
0.1710672219
0.2079549465
0.24462044618
0.3972258148
0.55940869654
0.71501768316
0.86477880749
1.0282850487
1.18351901534
1.3432443
1.515342
1.6784555
1.83642
1.6561382
1.5075672
1.3465077
1.20360414366
1.03320535338
0.86796957792
0.70924249578
0.55603396488
0.40120496844
0.24381712356
0.20836824858
0.17396711472
0.13619718543
0.097037137917
0.06206601726
0.056318549076
0.04962795927
0.04366397622
0.036954530451
0.031150876185
0.02466113683
0.018551734212
0.012429040668
0.0060852831577
-2.6768056032E-07
-0.0061931902812
-0.012253157661
-0.01869724858
-0.024102961539
-0.030758984256
-0.03719174382
-0.042989118475
-0.049829849148
-0.055694340104
-0.06156799254
-0.099171087544
-0.13599203628
-0.17348083914
-0.20717123728
-0.24204442042
-0.3969618116
-0.5588588596
-0.71089232934
-0.86048756577
-1.0378051047
-1.18608662058
-1.3454532
-1.5047028
-1.6645226
-1.788855
dMdH Data
-2.59265384615385E-08
-2.34330769230769E-08
-2.00206153846154E-08
-2.83847295831634E-08
-2.14584615384616E-08
-1.0357002746175E-08
-1.06623076923077E-08
-8.11372132736418E-09
1.3076923076923E-09
-4.64153846153846E-09
-4.46363090872723E-09
-6.86643778540712E-09
1.05070169005634E-08
2.61668411122741E-09
-8.49652505791568E-09
-2.38881219614672E-08
2.39995200095982E-10
-7.7399999999999E-09
4.80971141731497E-08
-1.80018001800179E-08
1.39794408223671E-08
-6.2203732223937E-09
1.63988192850149E-09
2.24800899203596E-08
4.92047101700852E-09
2.69948712324742E-07
2.89708411663533E-07
4.21957804219576E-08
-5.14030841850527E-09
3.04018241094482E-09
2.03975522937261E-09
1.70227236357814E-08
-2.75972402759722E-08
-2.41975802419774E-09
-1.9782769587742E-08
-1.47329895635769E-08
-1.74927502416586E-08
-9.4836494549818E-09
8.699710009666E-10
-1.11766666666666E-08
-2.60688297103123E-09
-2.25842679343394E-09
-6.73840970454073E-09
0.00000000239
-3.03727749657687E-08
-1.32072278591044E-08
-2.04572378036585E-08
-0.00000002803
-2.63053846153846E-08
-0.00000002168
-2.22753846153846E-08
-2.57476923076923E-08
-2.37069230769231E-08
-2.13712096736973E-08
-2.54105737648172E-08
-1.94460042615057E-08
-2.53619286450561E-09
-9.61292903186106E-09
3.83544362220958E-09
-4.21147366963586E-09
-3.58690579371959E-09
-7.82333333333328E-09
-4.43985200493315E-09
-3.62682382903259E-09
4.17329160041727E-09
2.88680830632578E-08
-1.22390208783295E-08
-7.12071207120755E-09
2.61610464418581E-08
-1.45800000000003E-08
1.99984001277626E-11
-1.52999999999997E-08
3.57217860893042E-08
1.52994492198283E-08
-7.74063522129619E-09
2.49888997971267E-07
3.16668866728269E-07
3.49820989259356E-08
-9.04018080361638E-09
4.09559044095588E-08
-2.82611304452177E-08
-2.40014400864036E-09
-8.32016640332787E-09
1.08786945566532E-08
-1.9321545723658E-08
-1.85495053465242E-08
-1.9146794311962E-08
-4.05999999999996E-09
-4.81317289423684E-09
-5.03333333333398E-10
-6.55297610805987E-09
-2.72076923076922E-09
-2.37150197689268E-09
-8.10147614249122E-09
-1.37163648671518E-08
-2.60659861381416E-08
-2.23511130940476E-08
-2.33393076923077E-08
-2.30074615384615E-08
-2.30642307692308E-08
-2.30642307692308E-08
dMdT Data
0
0
0
0
0
0
0
0
0
0
0
0
0
0
0
0
0
0
0
0
0
0
0
0
0
0
0
0
0
0
0
0
0
0
0
0
0
0
0
0
0
0
0
0
0
0
0
0
0
0
0
0
0
0
0
0
0
0
0
0
0
0
0
0
0
0
0
0
0
0
0
0
0
0
0
0
0
0
0
0
0
0
0
0
0
0
0
0
0
0
0
0
0
0
0
0
0
0
0
0
0
 
*********************************************** Results ***************************************
 
TotalArea 4.48573308528114E-02
AreaFirstQuad 3.67841413052178E-02
AreaSecondQuad 8.0731895475925E-03
AreaThirdQuad 0
AreaFourthQuad 0
Coercivity 0
PositiveCoercivity 0
NegativeCoercivity 0
Retentivity 8.28349792784901E-06
PositiveRetentivity 2.22146012860635E-04
NegativeRetentivity 2.05579017004937E-04
Magnetization 0.000403345
PositiveMagnetization 0.000403345
NegativeMagnetization 0.0000240827
Flatness -25.8178992492753
Squareness 2.05370041226469E-02
SStar 0
SFD1 0
SFD2 0
Slope 0
Intercept 0
SlopeAtHc -2.30642307692308E-08
dH1 0
dH2 99.99785
InitialSlope -2.59265384615385E-08
FieldAtHalfMs 0
FieldAtMs -15000
MomentMean 2.11856305940594E-04
MomentRMS 5.89842642501758E-05
SFD3 0
dH3 0
UserField1 0
UserField2 0
CenterField 0
ExchangeField 0
ExchangeMoment 0
ExRegionOneIntercept 0
ExRegionOneSlope 0
ExRegionTwoIntercept 0
ExRegionTwoSlope 0
NegativeIntercept 0
NegativeSlope 0
AutoCenterOffset 0
PinningField 0
PinningMoment 0
PinRegionOneIntercept 0
PinRegionOneSlope 0
PinRegionTwoIntercept 0
PinRegionTwoSlope 0
PositiveIntercept 0
PositiveSlope 0
TotalOffset 0
BHMax 0
BCoercivity 0
BRetentivity 0
BNegativeCoercivity 0
BPositiveCoercivity 0
BNegativeRetentivity 0
BPositiveRetentivity 0
MomentYMean -1.2186097029703E-04
MomentYRMS 1.49383930498193E-06
YOffCorrection 0
Mrt 0
Ms1 0
Ms2 0
Ms3 0
Hc2 0
Hex2 0
HsatValue 0
HsatIntercept 0
HsatSlope 0
CenterH 0
Span .0003792623
SpanAsPercentOfRange -25.2841533333333
RMSAsPercentOfRange -3.93228428334505
SpanAsPercentOfMean 179.018650550033
RMSAsPercentOfMean 27.8416372778233
