Version 1.25
******************************************** Units *******************************************
System CGS
TemperatureUnit K
MomentUnit emu
AppliedFieldUnit G
 
******************************************** Setup ********************************************
 
Experiment CustomField
Minor False
Acquisition PointByPoint
EditedPoint No
MaxField 15000
FieldIncrement 750
Points 101
MinField 0
RampRate 10
AverageTime 6
TimeInterval 10
TimeConstant 1
TimeConstantIndex 2
Sensitivity -0.0015
SensitivityIndex 5
SensitivityY -4
SensitivityIndexY 0
SaturationField 8000
ExperimentTime 606
Use735Domains False
AutoRangeEnabled False
NumberOfVertices 11
VertexPts
0
10
15
35
40
50
60
65
85
90
100
VertexField
15000
2000
500
-500
-2000
-15000
-2000
-500
500
2000
15000
StartAngle 0
EndAngle 0
AngleIncrement 0
StartTemp 0
FinishTemp 0
TempIncrement 0
TempPoints 0
LengthofSetPointsArray 101
SetPointArray
15000
13700
12400
11100
9800
8500
7200
5900
4600
3300
2000
1700
1400
1100
800
500
450
400
350
300
250
200
150
100
50
0
-50
-100
-150
-200
-250
-300
-350
-400
-450
-500
-800
-1100
-1400
-1700
-2000
-3300
-4600
-5900
-7200
-8500
-9800
-11100
-12400
-13700
-15000
-13700
-12400
-11100
-9800
-8500
-7200
-5900
-4600
-3300
-2000
-1700
-1400
-1100
-800
-500
-450
-400
-350
-300
-250
-200
-150
-100
-50
0
50
100
150
200
250
300
350
400
450
500
800
1100
1400
1700
2000
3300
4600
5900
7200
8500
9800
11100
12400
13700
15000
FieldDomainFile c:\Ideasvsm\Default UserID\Experiments\Jason_1p5T_cus\fdomain.ini
TempDomainFile c:\Ideasvsm\Default UserID\Experiments\Jason_1p5T_cus\tdomain.ini
NumSelectedResults 0
ResultsSelected 
UserName1 
UserValue1 
UserName2 
UserValue2 
LinearBackgroundCorrection Off
MaxLinearFieldCorrection 
MinLinearFieldCorrection 
AutoLinearCorrection Off
FitOneRegion Off
BackgroundMode Off
BackgroundFilename 
AutoCenter Off
OffsetCorrection 
SmoothDeriv Off
DerivOrder 0
DerivPoints 0
MinExFieldOne 
MaxExFieldOne 
MinExFieldTwo 
MaxExFieldTwo 
MinPinFieldOne 
MaxPinFieldOne 
MinPinFieldTwo 
MaxPinFieldTwo 
HCenterStart 
Mass 
Volume 
Density 
MolarWeight 
NumberOfMoles 
Demagnetization 
SampleArea 
Thickness 
MomentScaling 0
XAxis 0
YAxis 0
SimpleSpinValve False
HsatMax 0
HsatMin 0
FieldAutoRange True
 
*************************************************** Experiment Data ********************************************
 
DataPoints 101
MomentX Data
0.000342152
0.000352529
0.000348281
0.000334466
0.000317203
0.000301351
0.000284434
0.000267144
0.00025277
0.000232097
0.000217128
0.000214198
0.000205558
0.000204395
0.000198785
0.000191106
0.000193449
0.000190723
0.000186052
0.000184774
0.000180164
0.000173698
0.000166035
0.000157853
0.000148329
0.000137169
0.00012676
0.000111761
0.000100178
0.0000866118
0.0000765563
0.0000704688
0.0000664234
0.0000641482
0.0000843301
0.0000839076
0.0000771612
0.0000721931
0.0000692185
0.0000658953
0.0000615159
0.000046041
0.0000347162
0.0000111415
-0.0000169544
-0.0000252463
-0.0000452808
-0.0000579879
-0.0000692711
-0.0000728917
-0.000063701
-0.0000756886
-0.0000701735
-0.0000594801
-0.0000371721
-0.000019499
-0.0000148907
0.0000089165
0.0000286544
0.0000463429
0.0000669391
0.0000671725
0.0000735803
0.0000790141
0.0000826078
0.0000883879
0.0000908706
0.0000935323
0.0000947206
0.0000991736
0.000104304
0.000111885
0.000118223
0.000127795
0.000136309
0.000148863
0.000160551
0.000173973
0.000186088
0.000198598
0.000210304
0.000216276
0.000221445
0.000225693
0.00020719
0.000205707
0.000212772
0.000217483
0.000222263
0.00022429
0.000228307
0.000246689
0.000264736
0.000274572
0.000294054
0.000322715
0.000339496
0.000345719
0.000362037
0.000365983
0.000360711
MomentY Data
-0.000124319
-0.000122452
-0.000122436
-0.000125591
-0.00012486
-0.000123803
-0.000123739
-0.000123445
-0.000123525
-0.000124002
-0.000126481
-0.000128047
-0.000127371
-0.000127316
-0.000128269
-0.000126751
-0.000128508
-0.000127125
-0.000126012
-0.000124303
-0.000126568
-0.000124764
-0.000122786
-0.000124971
-0.000126203
-0.000124049
-0.000124486
-0.000126259
-0.000125599
-0.000122873
-0.000124311
-0.000125281
-0.000125901
-0.000125305
-0.000124598
-0.000126123
-0.000124741
-0.000123493
-0.00012424
-0.00012699
-0.000125726
-0.000122531
-0.000124224
-0.000123191
-0.000122134
-0.000122643
-0.00012219
-0.000124613
-0.000122603
-0.000120799
-0.000120974
-0.000120091
-0.000120378
-0.000122619
-0.000120552
-0.000122523
-0.000124454
-0.00012149
-0.00012242
-0.000123588
-0.000125082
-0.000123994
-0.000126696
-0.0001273
-0.000125798
-0.000125432
-0.000127021
-0.000125782
-0.000125353
-0.000124319
-0.000122436
-0.000125893
-0.0001249
-0.000126616
-0.00012602
-0.000124749
-0.000125511
-0.000124931
-0.000124351
-0.000125114
-0.000124574
-0.00012726
-0.000125511
-0.000127411
-0.000126521
-0.00012513
-0.0001273
-0.000127228
-0.000126465
-0.000126958
-0.000125043
-0.000123143
-0.000123938
-0.000122515
-0.000124145
-0.000123143
-0.000123914
-0.000123501
-0.000126179
-0.000123437
-0.000122857
Field Data
15000
13700
12400
11100
9799.98
8499.97
7199.96
5899.97
4599.95
3299.96
1999.96
1699.98
1399.97
1099.98
799.979
499.976
449.991
399.995
349.989
299.993
249.99
199.995
149.995
99.9917
49.9873
-0.00441512
-50.0063
-100.003
-150.005
-200.008
-250.01
-300.007
-350.005
-400.008
-450.004
-500.011
-800.01
-1100.01
-1400.02
-1700.02
-2000.02
-3300.04
-4600.07
-5900.07
-7200.07
-8500.04
-9800.03
-11100
-12400
-13700
-15000
-13700
-12400
-11100
-9799.99
-8499.98
-7199.96
-5899.97
-4599.97
-3299.99
-1999.96
-1699.97
-1399.98
-1099.98
-799.981
-499.978
-449.991
-399.996
-349.993
-299.994
-249.992
-199.993
-149.994
-99.9903
-49.9919
0.00538561
50.0045
100.008
150.005
200.008
250.002
300.005
350
400.004
450.003
500.006
800.012
1100.01
1400.01
1700.02
2000.02
3300.04
4600.06
5900.06
7200.07
8500.05
9800.02
11100
12400
13700
15000
Time Data
0
14.571
30.186
44.726
59.249
73.789
88.375
102.961
118.545
135.128
149.683
163.177
176.734
190.29
203.831
217.356
230.866
244.36
258.931
272.456
285.95
299.428
312.907
326.417
339.973
353.53
367.055
380.596
394.121
407.615
421.172
434.681
448.269
462.777
476.287
489.843
503.4
516.987
530.497
544.054
557.594
572.181
587.781
602.351
616.859
631.414
646.047
660.602
675.188
689.712
704.298
718.853
733.408
747.947
762.455
777.072
791.627
806.229
820.737
836.353
850.908
864.417
877.974
891.483
905.024
918.55
932.075
945.6
960.155
973.711
987.268
1000.79
1014.3
1027.81
1041.34
1054.86
1068.39
1081.91
1095.42
1108.92
1123.47
1137.03
1150.6
1165.17
1178.7
1192.24
1205.73
1219.24
1232.83
1246.35
1259.88
1274.44
1290.05
1304.62
1319.19
1333.7
1348.27
1362.78
1377.36
1391.97
1406.52
Temperature Data
0
0
0
0
0
0
0
0
0
0
0
0
0
0
0
0
0
0
0
0
0
0
0
0
0
0
0
0
0
0
0
0
0
0
0
0
0
0
0
0
0
0
0
0
0
0
0
0
0
0
0
0
0
0
0
0
0
0
0
0
0
0
0
0
0
0
0
0
0
0
0
0
0
0
0
0
0
0
0
0
0
0
0
0
0
0
0
0
0
0
0
0
0
0
0
0
0
0
0
0
0
Angle Data
0
0
0
0
0
0
0
0
0
0
0
0
0
0
0
0
0
0
0
0
0
0
0
0
0
0
0
0
0
0
0
0
0
0
0
0
0
0
0
0
0
0
0
0
0
0
0
0
0
0
0
0
0
0
0
0
0
0
0
0
0
0
0
0
0
0
0
0
0
0
0
0
0
0
0
0
0
0
0
0
0
0
0
0
0
0
0
0
0
0
0
0
0
0
0
0
0
0
0
0
0
Bx Data
0
0
0
0
0
0
0
0
0
0
0
0
0
0
0
0
0
0
0
0
0
0
0
0
0
0
0
0
0
0
0
0
0
0
0
0
0
0
0
0
0
0
0
0
0
0
0
0
0
0
0
0
0
0
0
0
0
0
0
0
0
0
0
0
0
0
0
0
0
0
0
0
0
0
0
0
0
0
0
0
0
0
0
0
0
0
0
0
0
0
0
0
0
0
0
0
0
0
0
0
0
Hint Data
0
0
0
0
0
0
0
0
0
0
0
0
0
0
0
0
0
0
0
0
0
0
0
0
0
0
0
0
0
0
0
0
0
0
0
0
0
0
0
0
0
0
0
0
0
0
0
0
0
0
0
0
0
0
0
0
0
0
0
0
0
0
0
0
0
0
0
0
0
0
0
0
0
0
0
0
0
0
0
0
0
0
0
0
0
0
0
0
0
0
0
0
0
0
0
0
0
0
0
0
0
Torque Data
-1.864785
-1.6775924
-1.5182064
-1.3940601
-1.2236255028
-1.05232178591
-0.89091585044
-0.72832179665
-0.56820882375
-0.40920163992
-0.25295694076
-0.21767733906
-0.17831557887
-0.14004505368
-0.102612506351
-0.063372457976
-0.057827443428
-0.050849364375
-0.044102813868
-0.037290029879
-0.03164073432
-0.02495217618
-0.01841728607
-0.0124960627407
-0.0063085472219
5.4769122088E-07
0.0062250842618
0.012626278777
0.018840477995
0.024575582984
0.03107899311
0.037585176967
0.044065979505
0.05012300244
0.056069598392
0.063062887353
0.09979404741
0.13584353493
0.1739384848
0.2158855398
0.25145451452
0.40435720124
0.57143909568
0.72683552337
0.87937334938
1.04247040572
1.1974656657
1.3832043
1.5202772
1.6549463
1.81461
1.6452467
1.4926872
1.3610709
1.18140839448
1.04144304954
0.89606382184
0.7167873553
0.5631283274
0.40783916412
0.25015899672
0.21078608018
0.17737186608
0.140027454
0.100636009838
0.062713240496
0.057158306811
0.050312296872
0.043872672529
0.037294954086
0.030608020512
0.025177718749
0.0187342506
0.0126603718248
0.006299979238
-6.7184946189E-07
-0.0062761147995
-0.012494099448
-0.018653271755
-0.025023800912
-0.031143749148
-0.0381786363
-0.04392885
-0.050964909644
-0.056934829563
-0.06256575078
-0.1018415276
-0.13995207228
-0.17705226465
-0.21583113916
-0.25008850086
-0.40637682572
-0.57012223628
-0.7228458509
-0.89385269015
-1.04672165715
-1.21435967828
-1.3708611
-1.5646196
-1.6910869
-1.842855
dMdH Data
-7.98230769230769E-09
3.26769230769234E-09
1.06269230769231E-08
1.32790264765157E-08
1.21937523557511E-08
1.30129768232552E-08
1.33001023084793E-08
1.10567529730312E-08
1.59024300186924E-08
1.15146153846154E-08
9.76731782118808E-09
2.87990400319989E-08
3.8767958931964E-09
1.86999376668745E-08
2.55964107025596E-08
-4.68740622186656E-08
5.45243619489557E-08
9.34087909450867E-08
2.55620449635973E-08
9.21944683319001E-08
1.29332933293329E-07
0.00000015326
1.63629200472769E-07
1.90463239234948E-07
2.23236989833447E-07
2.08172152409467E-07
2.99999799986799E-07
2.31650733970641E-07
2.71307721536708E-07
2.01101955921763E-07
1.21757305438326E-07
8.09112364494581E-08
4.55012699238046E-08
-4.0367029362349E-07
8.44881716559678E-09
2.24880749602498E-08
1.65603333333333E-08
9.91500283323891E-09
1.10773333333333E-08
0.000000014598
1.19035860986754E-08
8.71118358807105E-09
1.81343846153846E-08
2.16122307692308E-08
6.37853181227258E-09
1.5411272394403E-08
9.77491788272037E-09
8.67938461538462E-09
2.78507692307692E-09
-7.06976923076923E-09
-9.22123076923077E-09
4.24238461538461E-09
8.22569230769231E-09
1.71598680010154E-08
1.35945877339405E-08
3.54479161859049E-09
1.83133716413203E-08
0.000000015183
1.36067477961199E-08
1.584286516465E-08
7.78025934197796E-10
2.13600453348445E-08
1.81126666666667E-08
1.19790399301331E-08
1.92668073319267E-08
4.96669133974834E-08
5.32393239323933E-08
2.37645741255524E-08
8.90617812356246E-08
1.02603895844166E-07
1.51623032460649E-07
1.26762535250705E-07
1.91425834488248E-07
1.70285449134373E-07
2.51093631320838E-07
2.33764140477209E-07
2.68421210515264E-07
2.42314538872332E-07
2.50184988900666E-07
2.34148097771733E-07
1.19432834029958E-07
1.03390339033903E-07
8.49532037437008E-08
-3.70067401348027E-07
-2.96582205067699E-08
2.35495290094198E-08
1.57034380229202E-08
1.59333333333333E-08
6.75644145195165E-09
0.00000001339
1.41397824648852E-08
1.38820941216289E-08
7.56615384615384E-09
1.49860385689341E-08
2.20472622655733E-08
1.290875943291E-08
4.78699672302649E-09
1.25523076923077E-08
3.03538461538462E-09
-4.05538461538463E-09
-4.05538461538463E-09
dMdT Data
0
0
0
0
0
0
0
0
0
0
0
0
0
0
0
0
0
0
0
0
0
0
0
0
0
0
0
0
0
0
0
0
0
0
0
0
0
0
0
0
0
0
0
0
0
0
0
0
0
0
0
0
0
0
0
0
0
0
0
0
0
0
0
0
0
0
0
0
0
0
0
0
0
0
0
0
0
0
0
0
0
0
0
0
0
0
0
0
0
0
0
0
0
0
0
0
0
0
0
0
0
 
*********************************************** Results ***************************************
 
TotalArea -0.237734067156853
AreaFirstQuad -0.214121430581056
AreaSecondQuad -1.02659020306881E-02
AreaThirdQuad -1.33467345451086E-02
AreaFourthQuad 0
Coercivity 14.3668017266978
PositiveCoercivity -6386.85467501428
NegativeCoercivity -6415.58827846768
Retentivity 5.84583104476483E-06
PositiveRetentivity 1.37169985618099E-04
NegativeRetentivity 1.48861647707628E-04
Magnetization 0.0002208358
PositiveMagnetization 0.000365983
NegativeMagnetization -0.0000756886
Flatness -22.0808660125151
Squareness 2.64713920694237E-02
SStar -17.8272359307451
SFD1 -8.41361796537254
SFD2 19.1413165735398
Slope 0
Intercept 0
SlopeAtHc 2.16122307692308E-08
dH1 135.243582839387
dH2 274.9995
InitialSlope -7.98230769230769E-09
FieldAtHalfMs 0
FieldAtMs 13700
MomentMean 1.44728488118812E-04
MomentRMS 1.16703403811992E-04
SFD3 -17.8272359307451
dH3 270.487165678775
UserField1 0
UserField2 0
CenterField 0
ExchangeField 0
ExchangeMoment 0
ExRegionOneIntercept 0
ExRegionOneSlope 0
ExRegionTwoIntercept 0
ExRegionTwoSlope 0
NegativeIntercept 0
NegativeSlope 0
AutoCenterOffset 0
PinningField 0
PinningMoment 0
PinRegionOneIntercept 0
PinRegionOneSlope 0
PinRegionTwoIntercept 0
PinRegionTwoSlope 0
PositiveIntercept 0
PositiveSlope 0
TotalOffset 0
BHMax 0
BCoercivity 0
BRetentivity 0
BNegativeCoercivity 0
BPositiveCoercivity 0
BNegativeRetentivity 0
BPositiveRetentivity 0
MomentYMean -1.24664455445545E-04
MomentYRMS 1.86005660948667E-06
YOffCorrection 0
Mrt 0
Ms1 0
Ms2 0
Ms3 0
Hc2 0
Hex2 0
HsatValue 0
HsatIntercept 0
HsatSlope 0
CenterH 0
Span .0004416716
SpanAsPercentOfRange -29.4447733333333
RMSAsPercentOfRange -7.78022692079946
SpanAsPercentOfMean 305.172537722787
RMSAsPercentOfMean 80.6360968244114
