Version 1.25
******************************************** Units *******************************************
System CGS
TemperatureUnit K
MomentUnit emu
AppliedFieldUnit G
 
******************************************** Setup ********************************************
 
Experiment CustomField
Minor False
Acquisition PointByPoint
EditedPoint No
MaxField 15000
FieldIncrement 750
Points 101
MinField 0
RampRate 10
AverageTime 6
TimeInterval 10
TimeConstant 1
TimeConstantIndex 2
Sensitivity -0.0015
SensitivityIndex 5
SensitivityY -4
SensitivityIndexY 0
SaturationField 8000
ExperimentTime 606
Use735Domains False
AutoRangeEnabled False
NumberOfVertices 11
VertexPts
0
10
15
35
40
50
60
65
85
90
100
VertexField
15000
2000
500
-500
-2000
-15000
-2000
-500
500
2000
15000
StartAngle 0
EndAngle 0
AngleIncrement 0
StartTemp 0
FinishTemp 0
TempIncrement 0
TempPoints 0
LengthofSetPointsArray 101
SetPointArray
15000
13700
12400
11100
9800
8500
7200
5900
4600
3300
2000
1700
1400
1100
800
500
450
400
350
300
250
200
150
100
50
0
-50
-100
-150
-200
-250
-300
-350
-400
-450
-500
-800
-1100
-1400
-1700
-2000
-3300
-4600
-5900
-7200
-8500
-9800
-11100
-12400
-13700
-15000
-13700
-12400
-11100
-9800
-8500
-7200
-5900
-4600
-3300
-2000
-1700
-1400
-1100
-800
-500
-450
-400
-350
-300
-250
-200
-150
-100
-50
0
50
100
150
200
250
300
350
400
450
500
800
1100
1400
1700
2000
3300
4600
5900
7200
8500
9800
11100
12400
13700
15000
FieldDomainFile c:\Ideasvsm\Default UserID\Experiments\Jason_1p5T_cus\fdomain.ini
TempDomainFile c:\Ideasvsm\Default UserID\Experiments\Jason_1p5T_cus\tdomain.ini
NumSelectedResults 0
ResultsSelected 
UserName1 
UserValue1 
UserName2 
UserValue2 
LinearBackgroundCorrection Off
MaxLinearFieldCorrection 
MinLinearFieldCorrection 
AutoLinearCorrection Off
FitOneRegion Off
BackgroundMode Off
BackgroundFilename 
AutoCenter Off
OffsetCorrection 
SmoothDeriv Off
DerivOrder 0
DerivPoints 0
MinExFieldOne 
MaxExFieldOne 
MinExFieldTwo 
MaxExFieldTwo 
MinPinFieldOne 
MaxPinFieldOne 
MinPinFieldTwo 
MaxPinFieldTwo 
HCenterStart 
Mass 
Volume 
Density 
MolarWeight 
NumberOfMoles 
Demagnetization 
SampleArea 
Thickness 
MomentScaling 0
XAxis 0
YAxis 0
SimpleSpinValve False
HsatMax 0
HsatMin 0
FieldAutoRange True
 
*************************************************** Experiment Data ********************************************
 
DataPoints 101
MomentX Data
0.0000744601
0.000102805
0.000125738
0.000137711
0.000147427
0.000146608
0.000150952
0.000152344
0.000154252
0.0001617
0.000160533
0.000164103
0.000163729
0.000168707
0.000167665
0.000167563
0.000170402
0.0001685
0.00016831
0.00016886
0.000167413
0.000166565
0.00016447
0.000158809
0.00015268
0.000145083
0.000132965
0.000118082
0.000111425
0.000105439
0.00010449
0.000104077
0.000102985
0.000102542
0.000101912
0.000109332
0.000109549
0.000108769
0.000109957
0.000111185
0.000113257
0.000115929
0.000114263
0.000123009
0.00012254
0.000125438
0.000128974
0.000136128
0.000148652
0.000167839
0.000196801
0.000168403
0.000147638
0.00014089
0.0001319
0.000132186
0.00012995
0.000132009
0.000126126
0.00012206
0.000124321
0.000120448
0.000123446
0.000123556
0.00012194
0.000124589
0.000123577
0.000125443
0.000125747
0.000127192
0.00012871
0.000132714
0.000134816
0.000141238
0.000148743
0.000157664
0.000171335
0.000185835
0.00019589
0.000199588
0.000203551
0.000204791
0.00020802
0.000207667
0.000208014
0.000203949
0.000203364
0.000200612
0.000203958
0.00020225
0.000203116
0.000200112
0.000195162
0.000195671
0.000191817
0.000194166
0.000191071
0.000183992
0.000175949
0.000156333
0.000128533
MomentY Data
-0.000120703
-0.000125027
-0.000123525
-0.00012122
-0.000121959
-0.000123692
-0.000121975
-0.000120751
-0.000122126
-0.000124009
-0.000125591
-0.000125289
-0.000123294
-0.000126092
-0.000124335
-0.000125519
-0.000126195
-0.000126259
-0.000125186
-0.000124971
-0.000124963
-0.000124701
-0.000125035
-0.000124343
-0.000123032
-0.000124232
-0.000126123
-0.000126497
-0.000124892
-0.000124089
-0.000124311
-0.0001242
-0.000123676
-0.000128237
-0.000127371
-0.000126974
-0.000125607
-0.00012757
-0.000125964
-0.000126799
-0.000127045
-0.000126902
-0.000125694
-0.000126815
-0.000127331
-0.000125257
-0.000125297
-0.000127451
-0.000127999
-0.000124033
-0.000124248
-0.00012269
-0.000122396
-0.000128015
-0.00012459
-0.000125281
-0.000125694
-0.000123779
-0.000124367
-0.000125368
-0.00012606
-0.000126322
-0.000127729
-0.000127157
-0.000126457
-0.000125718
-0.00012699
-0.00012575
-0.000125567
-0.000125504
-0.00012718
-0.000125702
-0.000126386
-0.000126346
-0.000125885
-0.000126115
-0.000126974
-0.000125114
-0.000126529
-0.000123159
-0.000125138
-0.000123946
-0.00012687
-0.000126608
-0.000127276
-0.000127268
-0.000124073
-0.000127935
-0.000127482
-0.000126767
-0.000127514
-0.0001249
-0.000124129
-0.000123366
-0.000123056
-0.000125432
-0.000122293
-0.000119599
-0.000124232
-0.000123652
-0.00012393
Field Data
15000
13700
12400
11100
9799.98
8499.96
7199.96
5899.97
4599.95
3299.94
1999.96
1699.97
1399.98
1099.98
799.976
499.982
449.992
399.995
349.989
299.992
249.995
199.995
149.993
99.992
49.9907
-0.00850827
-50.0064
-100.007
-150.004
-200.004
-250.007
-300.008
-350.004
-400.009
-450.005
-500.005
-800.009
-1100.02
-1400.02
-1700.02
-2000.02
-3300.05
-4600.06
-5900.08
-7200.06
-8500.05
-9800.02
-11100
-12400
-13700
-15000
-13700
-12400
-11100
-9799.99
-8499.98
-7199.96
-5899.96
-4599.97
-3299.97
-1999.96
-1699.98
-1399.98
-1099.98
-799.977
-499.982
-449.994
-399.994
-349.992
-299.989
-249.994
-199.99
-149.996
-99.994
-49.9976
0.00597212
50.0043
100.007
150.004
200.004
250.009
300.005
350.004
400.006
450.003
500.011
800.009
1100.01
1400.01
1700.02
2000.02
3300.02
4600.05
5900.06
7200.06
8500.04
9800.02
11100
12400
13700
15000
Time Data
0
14.539
29.079
43.696
58.266
72.79
87.329
101.837
116.346
131.961
146.532
160.026
173.535
187.03
200.539
214.065
227.605
241.115
255.67
269.258
282.783
296.355
309.896
323.468
337.04
350.534
364.044
377.569
391.126
404.682
418.254
431.795
445.367
459.922
473.463
486.941
500.482
514.054
527.564
541.089
554.63
569.201
584.785
599.387
613.942
628.512
643.067
657.685
672.224
686.81
701.349
715.935
730.49
745.03
759.584
774.139
788.663
803.202
817.742
833.357
847.881
861.422
874.994
888.535
902.045
915.585
929.064
942.589
957.128
970.638
984.179
997.736
1011.32
1024.82
1038.34
1051.87
1065.39
1078.93
1092.52
1106.03
1119.6
1134.14
1147.7
1162.24
1175.76
1189.31
1202.83
1216.39
1229.94
1243.52
1257.04
1272.61
1288.23
1302.81
1317.38
1331.87
1346.48
1361.05
1375.65
1390.23
1404.81
Temperature Data
0
0
0
0
0
0
0
0
0
0
0
0
0
0
0
0
0
0
0
0
0
0
0
0
0
0
0
0
0
0
0
0
0
0
0
0
0
0
0
0
0
0
0
0
0
0
0
0
0
0
0
0
0
0
0
0
0
0
0
0
0
0
0
0
0
0
0
0
0
0
0
0
0
0
0
0
0
0
0
0
0
0
0
0
0
0
0
0
0
0
0
0
0
0
0
0
0
0
0
0
0
Angle Data
0
0
0
0
0
0
0
0
0
0
0
0
0
0
0
0
0
0
0
0
0
0
0
0
0
0
0
0
0
0
0
0
0
0
0
0
0
0
0
0
0
0
0
0
0
0
0
0
0
0
0
0
0
0
0
0
0
0
0
0
0
0
0
0
0
0
0
0
0
0
0
0
0
0
0
0
0
0
0
0
0
0
0
0
0
0
0
0
0
0
0
0
0
0
0
0
0
0
0
0
0
Bx Data
0
0
0
0
0
0
0
0
0
0
0
0
0
0
0
0
0
0
0
0
0
0
0
0
0
0
0
0
0
0
0
0
0
0
0
0
0
0
0
0
0
0
0
0
0
0
0
0
0
0
0
0
0
0
0
0
0
0
0
0
0
0
0
0
0
0
0
0
0
0
0
0
0
0
0
0
0
0
0
0
0
0
0
0
0
0
0
0
0
0
0
0
0
0
0
0
0
0
0
0
0
Hint Data
0
0
0
0
0
0
0
0
0
0
0
0
0
0
0
0
0
0
0
0
0
0
0
0
0
0
0
0
0
0
0
0
0
0
0
0
0
0
0
0
0
0
0
0
0
0
0
0
0
0
0
0
0
0
0
0
0
0
0
0
0
0
0
0
0
0
0
0
0
0
0
0
0
0
0
0
0
0
0
0
0
0
0
0
0
0
0
0
0
0
0
0
0
0
0
0
0
0
0
0
0
Torque Data
-1.810545
-1.7128699
-1.53171
-1.345542
-1.19519576082
-1.05137705232
-0.878215121
-0.71242727747
-0.5617734937
-0.40922225946
-0.25117697636
-0.21298754133
-0.17260913412
-0.13869867816
-0.09946501596
-0.062757240658
-0.05678674044
-0.050502968705
-0.043813722954
-0.037490300232
-0.031240125185
-0.024939576495
-0.018754374755
-0.012433305256
-0.0061504558024
1.05699939864E-06
0.0063069571872
0.012650585479
0.018734299568
0.024818296356
0.031078620177
0.0372609936
0.043287094704
0.051295954133
0.057317586855
0.06348763487
0.100486730463
0.1403295514
0.17635211928
0.21556083598
0.2540925409
0.4187829451
0.57819994164
0.7482186452
0.91679083986
1.06469076285
1.22791310594
1.4147061
1.5871876
1.6992521
1.86372
1.680853
1.5177104
1.4209665
1.2209807541
1.06488599438
0.90499177224
0.73029114884
0.57208446899
0.41371063896
0.2521149576
0.21474487356
0.17881804542
0.13987015686
0.101162691489
0.062856737076
0.05714473806
0.0502992455
0.043947445464
0.037649819456
0.03179423692
0.02513914298
0.018957394456
0.012633841924
0.006293947876
-7.531739138E-07
-0.0063492459882
-0.012512275798
-0.018979856116
-0.024632292636
-0.031285626242
-0.03718441973
-0.04440500748
-0.050643959648
-0.057274581828
-0.063635399948
-0.099259516657
-0.14072977935
-0.17847607482
-0.21550643534
-0.25503055028
-0.412172498
-0.57099960645
-0.72786680196
-0.88601058336
-1.06617701728
-1.19847384586
-1.3275489
-1.5404768
-1.6940324
-1.85895
dMdH Data
-2.18037692307692E-08
-1.76407692307692E-08
-0.00000000921
-7.47373117336656E-09
6.29990307841412E-10
-3.34153846153845E-09
-1.07077746751899E-09
-1.46766972815804E-09
-5.72918669856385E-09
8.97706118555668E-10
-1.19003966798893E-08
1.24670822360748E-09
-1.65933333333334E-08
3.47328702283972E-09
3.40006800136025E-10
-5.67913582716544E-08
3.80422825369521E-08
3.79954405471363E-09
-1.10006600396027E-08
2.89417365041905E-08
1.69599999999998E-08
4.18983240670373E-08
1.13217735645287E-07
1.22576813002862E-07
1.51942405947221E-07
2.42370219637259E-07
2.97656428122862E-07
1.33147988879333E-07
0.00000011972
1.8978861268324E-08
8.25983480330389E-09
2.18417473397871E-08
8.85911408859132E-09
1.26010080806464E-08
-0.0000001484
-7.23323689017485E-10
2.5999046701621E-09
-3.96000000000001E-09
-4.09333333333332E-09
-6.90666666666668E-09
-2.0553371845265E-09
1.28152860362612E-09
-6.72758880632605E-09
3.60774781150467E-10
-2.22924791729166E-09
-2.72006277067932E-09
-5.50316158710136E-09
-9.63384615384616E-09
-1.47592307692308E-08
-2.22784615384615E-08
-2.18446153846154E-08
-1.59730769230769E-08
-5.19076923076925E-09
-6.91533142052752E-09
2.19998307705328E-10
-1.71997353886865E-09
1.58384615384616E-09
-4.52541942630327E-09
-3.12769230769232E-09
1.73921739063546E-09
-1.29108607240483E-08
9.99333333333338E-09
3.66666666666657E-10
-5.38661280053868E-09
8.83014716911951E-09
-2.02448587661038E-08
0.00000003732
6.07975680972739E-09
2.88982661040339E-08
3.03630363036303E-08
8.0073594112471E-08
4.20450454054487E-08
1.28434862605495E-07
1.50110807978175E-07
1.78407254157585E-07
2.7342914412681E-07
2.89984340845594E-07
2.01112066724003E-07
7.39600000000001E-08
7.92520747925208E-08
2.48019841587329E-08
6.45812916258323E-08
-7.05971761129559E-09
6.94041642498527E-09
-8.12869940809466E-08
-1.95001300008665E-09
-9.17330275565754E-09
1.11533333333333E-08
-5.6931435618812E-09
2.88666666666667E-09
-2.31076923076923E-09
-3.80760443989755E-09
3.91535449727303E-10
-2.96461538461538E-09
1.80695087616734E-09
-2.38080585855169E-09
-5.4454683918214E-09
-6.18692307692308E-09
-1.50892307692308E-08
-2.13846153846154E-08
-2.13846153846154E-08
dMdT Data
0
0
0
0
0
0
0
0
0
0
0
0
0
0
0
0
0
0
0
0
0
0
0
0
0
0
0
0
0
0
0
0
0
0
0
0
0
0
0
0
0
0
0
0
0
0
0
0
0
0
0
0
0
0
0
0
0
0
0
0
0
0
0
0
0
0
0
0
0
0
0
0
0
0
0
0
0
0
0
0
0
0
0
0
0
0
0
0
0
0
0
0
0
0
0
0
0
0
0
0
0
 
*********************************************** Results ***************************************
 
TotalArea -0.760304677076766
AreaFirstQuad -0.660591907064778
AreaSecondQuad -9.97127700119877E-02
AreaThirdQuad 0
AreaFourthQuad 0
Coercivity 0
PositiveCoercivity 0
NegativeCoercivity 0
Retentivity 6.28932088172751E-06
PositiveRetentivity 1.45084292767014E-04
NegativeRetentivity 1.57662934530469E-04
Magnetization 0.00020802
PositiveMagnetization 0.00020802
NegativeMagnetization 0.0000744601
Flatness -22.0683559473854
Squareness 3.02342124878738E-02
SStar 0
SFD1 0
SFD2 0
Slope 0
Intercept 0
SlopeAtHc -2.13846153846154E-08
dH1 0
dH2 200.0007
InitialSlope -2.18037692307692E-08
FieldAtHalfMs 0
FieldAtMs 350.004
MomentMean 1.49831486138614E-04
MomentRMS 3.3156531688785E-05
SFD3 0
dH3 0
UserField1 0
UserField2 0
CenterField 0
ExchangeField 0
ExchangeMoment 0
ExRegionOneIntercept 0
ExRegionOneSlope 0
ExRegionTwoIntercept 0
ExRegionTwoSlope 0
NegativeIntercept 0
NegativeSlope 0
AutoCenterOffset 0
PinningField 0
PinningMoment 0
PinRegionOneIntercept 0
PinRegionOneSlope 0
PinRegionTwoIntercept 0
PinRegionTwoSlope 0
PositiveIntercept 0
PositiveSlope 0
TotalOffset 0
BHMax 0
BCoercivity 0
BRetentivity 0
BNegativeCoercivity 0
BPositiveCoercivity 0
BNegativeRetentivity 0
BPositiveRetentivity 0
MomentYMean -1.2519500990099E-04
MomentYRMS 1.79211406163252E-06
YOffCorrection 0
Mrt 0
Ms1 0
Ms2 0
Ms3 0
Hc2 0
Hex2 0
HsatValue 0
HsatIntercept 0
HsatSlope 0
CenterH 0
Span .0001335599
SpanAsPercentOfRange -8.90399333333333
RMSAsPercentOfRange -2.210435445919
SpanAsPercentOfMean 89.140075588945
RMSAsPercentOfMean 22.1292149889716
