Version 1.25
******************************************** Units *******************************************
System CGS
TemperatureUnit K
MomentUnit emu
AppliedFieldUnit G
 
******************************************** Setup ********************************************
 
Experiment CustomField
Minor False
Acquisition PointByPoint
EditedPoint No
MaxField 15000
FieldIncrement 750
Points 101
MinField 0
RampRate 10
AverageTime 6
TimeInterval 10
TimeConstant 1
TimeConstantIndex 2
Sensitivity -0.0015
SensitivityIndex 5
SensitivityY -4
SensitivityIndexY 0
SaturationField 8000
ExperimentTime 606
Use735Domains False
AutoRangeEnabled False
NumberOfVertices 11
VertexPts
0
10
15
35
40
50
60
65
85
90
100
VertexField
15000
2000
500
-500
-2000
-15000
-2000
-500
500
2000
15000
StartAngle 0
EndAngle 0
AngleIncrement 0
StartTemp 0
FinishTemp 0
TempIncrement 0
TempPoints 0
LengthofSetPointsArray 101
SetPointArray
15000
13700
12400
11100
9800
8500
7200
5900
4600
3300
2000
1700
1400
1100
800
500
450
400
350
300
250
200
150
100
50
0
-50
-100
-150
-200
-250
-300
-350
-400
-450
-500
-800
-1100
-1400
-1700
-2000
-3300
-4600
-5900
-7200
-8500
-9800
-11100
-12400
-13700
-15000
-13700
-12400
-11100
-9800
-8500
-7200
-5900
-4600
-3300
-2000
-1700
-1400
-1100
-800
-500
-450
-400
-350
-300
-250
-200
-150
-100
-50
0
50
100
150
200
250
300
350
400
450
500
800
1100
1400
1700
2000
3300
4600
5900
7200
8500
9800
11100
12400
13700
15000
FieldDomainFile c:\Ideasvsm\Default UserID\Experiments\Jason_1p5T_cus\fdomain.ini
TempDomainFile c:\Ideasvsm\Default UserID\Experiments\Jason_1p5T_cus\tdomain.ini
NumSelectedResults 0
ResultsSelected 
UserName1 
UserValue1 
UserName2 
UserValue2 
LinearBackgroundCorrection Off
MaxLinearFieldCorrection 
MinLinearFieldCorrection 
AutoLinearCorrection Off
FitOneRegion Off
BackgroundMode Off
BackgroundFilename 
AutoCenter Off
OffsetCorrection 
SmoothDeriv Off
DerivOrder 0
DerivPoints 0
MinExFieldOne 
MaxExFieldOne 
MinExFieldTwo 
MaxExFieldTwo 
MinPinFieldOne 
MaxPinFieldOne 
MinPinFieldTwo 
MaxPinFieldTwo 
HCenterStart 
Mass 
Volume 
Density 
MolarWeight 
NumberOfMoles 
Demagnetization 
SampleArea 
Thickness 
MomentScaling 0
XAxis 0
YAxis 0
SimpleSpinValve False
HsatMax 0
HsatMin 0
FieldAutoRange True
 
*************************************************** Experiment Data ********************************************
 
DataPoints 101
MomentX Data
0.000320692
0.000328238
0.000321444
0.000313032
0.00029771
0.000278735
0.000265258
0.000247652
0.000225408
0.0002119
0.000193698
0.000192314
0.000185156
0.000181762
0.000177505
0.000172806
0.000170147
0.000166683
0.000166378
0.000163425
0.000158884
0.000152262
0.000145095
0.000135787
0.000126626
0.000115939
0.000104704
0.0000918834
0.0000790937
0.0000674086
0.0000560794
0.0000501634
0.000048157
0.0000452305
0.0000624921
0.0000615939
0.0000567099
0.0000507655
0.000049146
0.0000457077
0.000041115
0.0000265754
0.00000656482
-0.0000121851
-0.0000303229
-0.000046218
-0.0000704412
-0.0000819915
-0.0000898705
-0.000091783
-0.0000861497
-0.0000934721
-0.0000898024
-0.0000790444
-0.0000566919
-0.0000416758
-0.000022895
-0.00000951709
0.00000779768
0.0000274475
0.0000448892
0.000045216
0.0000536904
0.0000571638
0.0000627019
0.0000698295
0.0000702067
0.0000735593
0.0000770435
0.0000814106
0.0000859337
0.0000912675
0.0000985054
0.000107524
0.000117489
0.000129126
0.00014163
0.000152646
0.000166792
0.000180194
0.000190591
0.000196171
0.000201372
0.000204468
0.000184588
0.000185993
0.000193069
0.000196109
0.000202946
0.000205166
0.000208832
0.00022813
0.000249049
0.000261844
0.00026826
0.000293766
0.000315734
0.000326446
0.000342437
0.000344506
0.00033899
MomentY Data
-0.000121268
-0.000123556
-0.00012122
-0.000123056
-0.000122372
-0.000123151
-0.000122166
-0.000122086
-0.000123485
-0.000124359
-0.000125178
-0.00012633
-0.000124892
-0.000124749
-0.000125392
-0.000126966
-0.000125567
-0.000127379
-0.00012424
-0.000125297
-0.000126743
-0.000124264
-0.000124637
-0.000125957
-0.000125949
-0.000124693
-0.00012579
-0.000124812
-0.000124296
-0.000122778
-0.000124009
-0.000124939
-0.000121808
-0.000122436
-0.00012428
-0.000124478
-0.000124637
-0.000125567
-0.00012567
-0.000124796
-0.000122619
-0.000121959
-0.000122245
-0.000121522
-0.000122205
-0.000121339
-0.000121347
-0.000122221
-0.00012219
-0.000121435
-0.000124113
-0.000122897
-0.000122825
-0.000119702
-0.000123477
-0.000123413
-0.000122794
-0.000123978
-0.000124073
-0.000120616
-0.000124884
-0.000125424
-0.000124915
-0.000125217
-0.000124892
-0.000123366
-0.000124137
-0.000123469
-0.000122468
-0.000121204
-0.000123302
-0.000124582
-0.000122293
-0.000123127
-0.00012486
-0.000124454
-0.000125639
-0.000122539
-0.000125289
-0.000125535
-0.000124645
-0.000126139
-0.00012447
-0.000125217
-0.000125209
-0.000126211
-0.000125043
-0.000124621
-0.000125972
-0.000123572
-0.00012509
-0.000123461
-0.000121975
-0.000121824
-0.000124486
-0.000123231
-0.000124534
-0.000123652
-0.000121641
-0.000123707
-0.000119328
Field Data
15000
13700
12400
11100
9799.98
8499.96
7199.97
5899.97
4599.96
3299.96
1999.96
1699.97
1399.98
1099.98
799.978
499.979
449.993
399.993
349.99
299.991
249.996
199.992
149.99
99.9989
49.991
-0.00641627
-50.0069
-100.003
-150.002
-200.002
-250.005
-300.007
-350.005
-400.005
-450.005
-500.006
-800.013
-1100.02
-1400.02
-1700.02
-2000.02
-3300.05
-4600.06
-5900.07
-7200.06
-8500.04
-9800.03
-11100
-12400
-13700
-15000
-13700
-12400
-11100
-9799.98
-8499.97
-7199.97
-5899.96
-4599.97
-3299.97
-1999.96
-1699.97
-1399.98
-1099.98
-799.978
-499.977
-449.995
-399.993
-349.993
-299.993
-249.994
-199.992
-149.991
-99.9986
-49.9958
0.0057065
50.0027
100.004
150.004
200.007
250.004
300.006
350
400.006
450.003
500.007
800.007
1100.01
1400.01
1700.02
2000.02
3300.04
4600.05
5900.07
7200.06
8500.05
9800.02
11100
12400
13700
15000
Time Data
0
14.555
29.094
43.727
58.251
72.805
87.392
101.962
116.455
132.023
146.578
160.119
173.66
188.184
201.756
215.25
228.775
242.347
256.871
270.428
283.906
297.462
310.957
325.511
339.021
352.546
366.025
379.503
393.029
406.57
420.048
434.603
448.128
462.714
476.208
489.765
503.29
516.815
530.341
543.882
557.469
572.055
587.687
602.273
616.859
631.383
646
660.492
675.032
689.602
704.126
718.696
733.204
747.806
762.314
776.9
791.455
806.026
820.627
836.165
850.704
864.214
877.755
891.343
904.915
918.409
931.981
945.569
960.124
973.649
987.205
1001.76
1015.35
1028.92
1042.46
1055.96
1069.51
1083.04
1096.58
1110.1
1123.69
1137.22
1150.79
1165.34
1178.84
1192.36
1205.87
1219.4
1232.94
1246.46
1259.97
1274.56
1290.14
1304.75
1319.32
1333.87
1348.41
1362.95
1377.52
1392.11
1406.68
Temperature Data
0
0
0
0
0
0
0
0
0
0
0
0
0
0
0
0
0
0
0
0
0
0
0
0
0
0
0
0
0
0
0
0
0
0
0
0
0
0
0
0
0
0
0
0
0
0
0
0
0
0
0
0
0
0
0
0
0
0
0
0
0
0
0
0
0
0
0
0
0
0
0
0
0
0
0
0
0
0
0
0
0
0
0
0
0
0
0
0
0
0
0
0
0
0
0
0
0
0
0
0
0
Angle Data
0
0
0
0
0
0
0
0
0
0
0
0
0
0
0
0
0
0
0
0
0
0
0
0
0
0
0
0
0
0
0
0
0
0
0
0
0
0
0
0
0
0
0
0
0
0
0
0
0
0
0
0
0
0
0
0
0
0
0
0
0
0
0
0
0
0
0
0
0
0
0
0
0
0
0
0
0
0
0
0
0
0
0
0
0
0
0
0
0
0
0
0
0
0
0
0
0
0
0
0
0
Bx Data
0
0
0
0
0
0
0
0
0
0
0
0
0
0
0
0
0
0
0
0
0
0
0
0
0
0
0
0
0
0
0
0
0
0
0
0
0
0
0
0
0
0
0
0
0
0
0
0
0
0
0
0
0
0
0
0
0
0
0
0
0
0
0
0
0
0
0
0
0
0
0
0
0
0
0
0
0
0
0
0
0
0
0
0
0
0
0
0
0
0
0
0
0
0
0
0
0
0
0
0
0
Hint Data
0
0
0
0
0
0
0
0
0
0
0
0
0
0
0
0
0
0
0
0
0
0
0
0
0
0
0
0
0
0
0
0
0
0
0
0
0
0
0
0
0
0
0
0
0
0
0
0
0
0
0
0
0
0
0
0
0
0
0
0
0
0
0
0
0
0
0
0
0
0
0
0
0
0
0
0
0
0
0
0
0
0
0
0
0
0
0
0
0
0
0
0
0
0
0
0
0
0
0
0
0
Torque Data
-1.81902
-1.6927172
-1.503128
-1.3659216
-1.19924315256
-1.04677857396
-0.87959153502
-0.72030373742
-0.5680260606
-0.41037972564
-0.25035099288
-0.2147572101
-0.17484630216
-0.13722140502
-0.100310841376
-0.063480333714
-0.056504271031
-0.050950708347
-0.0434827576
-0.037587972327
-0.031685243028
-0.024851805888
-0.01869430363
-0.0125955614473
-0.006296316459
8.0006395511E-07
0.006290367951
0.012481574436
0.018644648592
0.024555845556
0.031002870045
0.037482574573
0.04263340904
0.04897501218
0.0559266214
0.062239746868
0.099711220281
0.13812621134
0.1759405134
0.21215569592
0.24524045238
0.40247079795
0.5623343347
0.71698830654
0.8798833323
1.03138635356
1.18920424041
1.3566531
1.515156
1.6636595
1.861695
1.6836889
1.52303
1.3286922
1.21007213046
1.04900679761
0.88411311618
0.73146524088
0.57073207781
0.39802918152
0.24976300464
0.21321703728
0.1748785017
0.13773619566
0.099910852376
0.061680162582
0.055861029315
0.049386735717
0.042862942724
0.036360351572
0.030824760188
0.024915403344
0.018342849363
0.0123125276222
0.006242475588
-0.000000710196751
-0.0062822892253
-0.012254390156
-0.018793851156
-0.025107878745
-0.03116174858
-0.037842456834
-0.0435645
-0.050087551302
-0.056344425627
-0.063106383477
-0.100035275301
-0.13708434621
-0.17636205972
-0.21007487144
-0.2501825018
-0.40742623844
-0.56109109875
-0.71877012768
-0.89630666916
-1.04746966155
-1.22043569068
-1.3725372
-1.5083484
-1.6947859
-1.78992
dMdH Data
-5.80461538461537E-09
5.22615384615386E-09
6.47076923076924E-09
1.17859725234996E-08
1.45959292933955E-08
1.03670028230987E-08
1.35430769230769E-08
1.71106376104799E-08
1.03907692307692E-08
1.40015384615385E-08
4.6134871162372E-09
2.38607953598453E-08
1.13133333333333E-08
1.41899054006306E-08
1.56633855446185E-08
5.31948945704801E-08
6.92800000000001E-08
6.09963402195824E-09
5.90611812236247E-08
9.08290829082908E-08
1.32429405647549E-07
1.43334266629334E-07
1.86193142379344E-07
1.83191055813182E-07
2.13751045499776E-07
2.24697826138411E-07
2.56432001696132E-07
2.5579911598232E-07
0.000000233702
2.26570405775654E-07
1.18315267389304E-07
4.01296051842074E-08
0.00000005853
-0.000000345232
1.79636407271856E-08
1.62796201421967E-08
1.98142043352322E-08
5.39833333333333E-09
0.000000011461
0.000000015309
1.11840495988554E-08
1.53926354412658E-08
1.44229044391966E-08
1.39522611712398E-08
1.22271881105863E-08
1.86333741028777E-08
8.88505119348909E-09
6.06076923076923E-09
1.47115384615385E-09
-4.33330769230769E-09
-5.63261538461538E-09
2.82284615384615E-09
8.27538461538462E-09
1.71939662466731E-08
1.15507573018669E-08
1.44467692307692E-08
1.02906208413781E-08
1.33191563012023E-08
1.51152461538462E-08
1.34165891031607E-08
1.08936964565487E-09
2.82489416313877E-08
0.000000011578
1.84602102652649E-08
2.37585874713751E-08
7.54671681805451E-09
6.70493180272787E-08
6.96839999999999E-08
0.000000087342
9.04638092761856E-08
1.06671733130675E-07
1.44755104897902E-07
1.80399420711948E-07
1.9928883982497E-07
2.32732987755079E-07
2.50095038214648E-07
2.20314271828932E-07
0.00000028292
2.68023918564886E-07
2.07952477148629E-07
1.11595536178553E-07
1.04032483898068E-07
6.19125704915408E-08
-3.97623857431446E-07
2.80977521798257E-08
2.35866666666667E-08
1.01332320010133E-08
0.00000002279
7.39975334155534E-09
0.00000001222
1.48443870094306E-08
1.60914146814255E-08
9.84215627451887E-09
4.93542258017367E-09
1.96201509242379E-08
1.6898851511958E-08
8.24012677118107E-09
1.23007692307693E-08
1.59153846153846E-09
-4.24307692307693E-09
-4.24307692307693E-09
dMdT Data
0
0
0
0
0
0
0
0
0
0
0
0
0
0
0
0
0
0
0
0
0
0
0
0
0
0
0
0
0
0
0
0
0
0
0
0
0
0
0
0
0
0
0
0
0
0
0
0
0
0
0
0
0
0
0
0
0
0
0
0
0
0
0
0
0
0
0
0
0
0
0
0
0
0
0
0
0
0
0
0
0
0
0
0
0
0
0
0
0
0
0
0
0
0
0
0
0
0
0
0
0
 
*********************************************** Results ***************************************
 
TotalArea -0.297355079561375
AreaFirstQuad -0.23921871578447
AreaSecondQuad -2.12616258585578E-02
AreaThirdQuad -3.68747379183476E-02
AreaFourthQuad 0
Coercivity 65.0960987724616
PositiveCoercivity -5185.41849415846
NegativeCoercivity -5055.22629661353
Retentivity 6.59215021239233E-06
PositiveRetentivity 1.15940371484421E-04
NegativeRetentivity 1.29124671909205E-04
Magnetization 0.00021898905
PositiveMagnetization 0.000344506
NegativeMagnetization -0.0000934721
Flatness -14.9235187953384
Squareness 3.01026476547221E-02
SStar -6.02133035035044
SFD1 -2.51066517517522
SFD2 7.29685816749658
Slope 0
Intercept 0
SlopeAtHc 1.44229044391966E-08
dH1 228.530607000247
dH2 474.997
InitialSlope -5.80461538461537E-09
FieldAtHalfMs 0
FieldAtMs 13700
MomentMean 1.24122736732673E-04
MomentRMS 1.16176059613055E-04
SFD3 -6.02133035035043
dH3 457.061214000494
UserField1 0
UserField2 0
CenterField 0
ExchangeField 0
ExchangeMoment 0
ExRegionOneIntercept 0
ExRegionOneSlope 0
ExRegionTwoIntercept 0
ExRegionTwoSlope 0
NegativeIntercept 0
NegativeSlope 0
AutoCenterOffset 0
PinningField 0
PinningMoment 0
PinRegionOneIntercept 0
PinRegionOneSlope 0
PinRegionTwoIntercept 0
PinRegionTwoSlope 0
PositiveIntercept 0
PositiveSlope 0
TotalOffset 0
BHMax 0
BCoercivity 0
BRetentivity 0
BNegativeCoercivity 0
BPositiveCoercivity 0
BNegativeRetentivity 0
BPositiveRetentivity 0
MomentYMean -1.2384001980198E-04
MomentYRMS 1.62555941128092E-06
YOffCorrection 0
Mrt 0
Ms1 0
Ms2 0
Ms3 0
Hc2 0
Hex2 0
HsatValue 0
HsatIntercept 0
HsatSlope 0
CenterH 0
Span .0004379781
SpanAsPercentOfRange -29.19854
RMSAsPercentOfRange -7.74507064087031
SpanAsPercentOfMean 352.858881079368
RMSAsPercentOfMean 93.5977264691371
