Version 1.25
******************************************** Units *******************************************
System CGS
TemperatureUnit K
MomentUnit emu
AppliedFieldUnit G
 
******************************************** Setup ********************************************
 
Experiment CustomField
Minor False
Acquisition PointByPoint
EditedPoint No
MaxField 15000
FieldIncrement 750
Points 101
MinField 0
RampRate 10
AverageTime 6
TimeInterval 10
TimeConstant 1
TimeConstantIndex 2
Sensitivity -0.0015
SensitivityIndex 5
SensitivityY -4
SensitivityIndexY 0
SaturationField 8000
ExperimentTime 606
Use735Domains False
AutoRangeEnabled False
NumberOfVertices 11
VertexPts
0
10
15
35
40
50
60
65
85
90
100
VertexField
15000
2000
500
-500
-2000
-15000
-2000
-500
500
2000
15000
StartAngle 0
EndAngle 0
AngleIncrement 0
StartTemp 0
FinishTemp 0
TempIncrement 0
TempPoints 0
LengthofSetPointsArray 101
SetPointArray
15000
13700
12400
11100
9800
8500
7200
5900
4600
3300
2000
1700
1400
1100
800
500
450
400
350
300
250
200
150
100
50
0
-50
-100
-150
-200
-250
-300
-350
-400
-450
-500
-800
-1100
-1400
-1700
-2000
-3300
-4600
-5900
-7200
-8500
-9800
-11100
-12400
-13700
-15000
-13700
-12400
-11100
-9800
-8500
-7200
-5900
-4600
-3300
-2000
-1700
-1400
-1100
-800
-500
-450
-400
-350
-300
-250
-200
-150
-100
-50
0
50
100
150
200
250
300
350
400
450
500
800
1100
1400
1700
2000
3300
4600
5900
7200
8500
9800
11100
12400
13700
15000
FieldDomainFile c:\Ideasvsm\Default UserID\Experiments\Jason_1p5T_cus\fdomain.ini
TempDomainFile c:\Ideasvsm\Default UserID\Experiments\Jason_1p5T_cus\tdomain.ini
NumSelectedResults 0
ResultsSelected 
UserName1 
UserValue1 
UserName2 
UserValue2 
LinearBackgroundCorrection Off
MaxLinearFieldCorrection 
MinLinearFieldCorrection 
AutoLinearCorrection Off
FitOneRegion Off
BackgroundMode Off
BackgroundFilename 
AutoCenter Off
OffsetCorrection 
SmoothDeriv Off
DerivOrder 0
DerivPoints 0
MinExFieldOne 
MaxExFieldOne 
MinExFieldTwo 
MaxExFieldTwo 
MinPinFieldOne 
MaxPinFieldOne 
MinPinFieldTwo 
MaxPinFieldTwo 
HCenterStart 
Mass 
Volume 
Density 
MolarWeight 
NumberOfMoles 
Demagnetization 
SampleArea 
Thickness 
MomentScaling 0
XAxis 0
YAxis 0
SimpleSpinValve False
HsatMax 0
HsatMin 0
FieldAutoRange True
 
*************************************************** Experiment Data ********************************************
 
DataPoints 101
MomentX Data
0.000163675
0.000192189
0.000210794
0.000225585
0.000225773
0.00023151
0.0002327
0.000239405
0.000237151
0.000240292
0.000247988
0.000246225
0.000244938
0.000246716
0.000243916
0.000244111
0.000246153
0.00024475
0.000243992
0.000243407
0.000243071
0.000238794
0.000237352
0.000232056
0.000225616
0.000216982
0.000203679
0.000189267
0.000178674
0.000175473
0.000171647
0.000170067
0.000169452
0.000168737
0.000167004
0.000174285
0.000173391
0.000172997
0.000175012
0.000172013
0.000176776
0.000180367
0.000184953
0.000187804
0.000186109
0.00019285
0.000191637
0.000192719
0.000206304
0.000225465
0.000256553
0.000227479
0.000207816
0.000192683
0.000190246
0.000187907
0.000184713
0.000182738
0.000183284
0.000177078
0.000177696
0.000174221
0.000172396
0.00017364
0.000173883
0.000175727
0.000174773
0.000174978
0.000175785
0.000178299
0.00017775
0.000180044
0.000183285
0.000188099
0.000195671
0.000204844
0.000216347
0.000230258
0.000241687
0.000248258
0.000249124
0.000250516
0.000252355
0.000254187
0.000253817
0.000248491
0.00024627
0.000248034
0.000246511
0.000244705
0.00024731
0.000241719
0.0002355
0.000235895
0.000230819
0.000236021
0.000227638
0.000225033
0.000215694
0.000197262
0.000167509
MomentY Data
-0.000119273
-0.000118907
-0.000116674
-0.000119758
-0.000119781
-0.000118319
-0.000119638
-0.000120354
-0.000119789
-0.000120378
-0.000122682
-0.00012339
-0.000122054
-0.00012238
-0.000120147
-0.00012153
-0.000122603
-0.000121991
-0.000123755
-0.000122484
-0.000124256
-0.000123525
-0.000122261
-0.000122921
-0.000124534
-0.000121649
-0.000122023
-0.000121244
-0.00012265
-0.00012091
-0.000121784
-0.000120783
-0.000121331
-0.000120799
-0.000122897
-0.000121991
-0.000121975
-0.000123143
-0.000122309
-0.000122706
-0.000125353
-0.000123096
-0.000122388
-0.000124049
-0.00012269
-0.000121586
-0.000122412
-0.000122213
-0.000121005
-0.000120687
-0.000120234
-0.000122921
-0.000122062
-0.000123533
-0.000122738
-0.000118709
-0.000120187
-0.000120632
-0.000119901
-0.000121744
-0.000121633
-0.000122333
-0.000123183
-0.000122444
-0.00012335
-0.000122786
-0.000124025
-0.000123421
-0.000122229
-0.000124343
-0.000123159
-0.000125519
-0.000124081
-0.000126425
-0.000126068
-0.000126338
-0.000126012
-0.00012513
-0.000124184
-0.00012567
-0.000125194
-0.000124852
-0.000126076
-0.000127665
-0.000125718
-0.000126807
-0.000125353
-0.000125798
-0.000124343
-0.000123763
-0.000123922
-0.00012567
-0.000122841
-0.000121967
-0.000122499
-0.000121403
-0.00012265
-0.000122531
-0.000120282
-0.000123469
-0.000120115
Field Data
15000
13700
12400
11100
9799.98
8499.96
7199.96
5899.96
4599.97
3299.94
1999.97
1699.98
1399.97
1099.98
799.98
499.98
449.992
399.989
349.989
299.987
249.994
199.991
149.992
99.9899
49.9952
-0.0112624
-50.0049
-100.005
-150.009
-200.004
-250.005
-300.002
-350.006
-400.006
-450.005
-500.006
-800.016
-1100.01
-1400.01
-1700.02
-2000.02
-3300.05
-4600.05
-5900.06
-7200.06
-8500.03
-9800.02
-11100
-12400
-13700
-15000
-13700
-12400
-11100
-9799.99
-8499.97
-7199.97
-5899.96
-4599.97
-3299.98
-1999.96
-1699.98
-1399.98
-1099.98
-799.981
-499.979
-449.991
-399.991
-349.998
-299.994
-249.992
-199.995
-149.995
-99.9932
-49.9928
0.00597167
50.0033
100.006
150.005
200.006
250.007
300.005
350.004
400.004
450.005
500.006
800.014
1100.01
1400.02
1700.02
2000.02
3300.04
4600.06
5900.06
7200.07
8500.04
9800.03
11100
12400
13700
15000
Time Data
0
14.524
29.079
43.665
58.251
72.837
87.345
101.963
116.502
132.133
146.672
160.167
173.661
187.186
200.711
214.252
227.731
241.256
255.811
269.367
283.907
297.401
310.879
324.42
337.976
351.502
365.011
378.506
392.046
405.619
419.128
432.669
446.226
460.812
474.384
487.909
501.434
514.913
528.469
542.026
555.567
570.153
586.736
602.305
616.875
632.428
647.014
661.585
676.202
690.726
705.25
719.789
734.328
748.868
763.422
777.962
792.454
807.025
821.58
837.18
851.719
865.213
878.738
893.293
906.803
920.344
933.869
947.457
962.027
975.568
989.062
1002.6
1016.14
1029.67
1043.26
1056.8
1070.32
1083.85
1097.36
1110.9
1124.41
1137.96
1151.51
1166.08
1179.6
1193.13
1206.67
1220.22
1233.75
1247.29
1260.83
1275.4
1290.97
1305.56
1320.08
1335.68
1350.27
1364.81
1379.31
1393.87
1408.39
Temperature Data
0
0
0
0
0
0
0
0
0
0
0
0
0
0
0
0
0
0
0
0
0
0
0
0
0
0
0
0
0
0
0
0
0
0
0
0
0
0
0
0
0
0
0
0
0
0
0
0
0
0
0
0
0
0
0
0
0
0
0
0
0
0
0
0
0
0
0
0
0
0
0
0
0
0
0
0
0
0
0
0
0
0
0
0
0
0
0
0
0
0
0
0
0
0
0
0
0
0
0
0
0
Angle Data
0
0
0
0
0
0
0
0
0
0
0
0
0
0
0
0
0
0
0
0
0
0
0
0
0
0
0
0
0
0
0
0
0
0
0
0
0
0
0
0
0
0
0
0
0
0
0
0
0
0
0
0
0
0
0
0
0
0
0
0
0
0
0
0
0
0
0
0
0
0
0
0
0
0
0
0
0
0
0
0
0
0
0
0
0
0
0
0
0
0
0
0
0
0
0
0
0
0
0
0
0
Bx Data
0
0
0
0
0
0
0
0
0
0
0
0
0
0
0
0
0
0
0
0
0
0
0
0
0
0
0
0
0
0
0
0
0
0
0
0
0
0
0
0
0
0
0
0
0
0
0
0
0
0
0
0
0
0
0
0
0
0
0
0
0
0
0
0
0
0
0
0
0
0
0
0
0
0
0
0
0
0
0
0
0
0
0
0
0
0
0
0
0
0
0
0
0
0
0
0
0
0
0
0
0
Hint Data
0
0
0
0
0
0
0
0
0
0
0
0
0
0
0
0
0
0
0
0
0
0
0
0
0
0
0
0
0
0
0
0
0
0
0
0
0
0
0
0
0
0
0
0
0
0
0
0
0
0
0
0
0
0
0
0
0
0
0
0
0
0
0
0
0
0
0
0
0
0
0
0
0
0
0
0
0
0
0
0
0
0
0
0
0
0
0
0
0
0
0
0
0
0
0
0
0
0
0
0
0
Torque Data
-1.789095
-1.6290259
-1.4467576
-1.3293138
-1.17385140438
-1.00570676724
-0.86138881448
-0.71008378584
-0.55102580633
-0.39724017732
-0.24536031954
-0.2097605322
-0.17087193838
-0.1346155524
-0.09611519706
-0.0607625694
-0.055170369176
-0.048795058099
-0.043312888695
-0.036743607708
-0.031063254464
-0.024703888275
-0.018338171912
-0.0122908584979
-0.0062261022368
1.3700596976E-06
0.0061017479127
0.01212500622
0.01839860385
0.02418248364
0.03044660892
0.036235141566
0.042466577986
0.048320324794
0.055304264485
0.060996231946
0.0975819516
0.13545853143
0.17123382309
0.20860265412
0.25070850706
0.4062229548
0.5629909194
0.73189654294
0.8833753614
1.03348464758
1.19964004824
1.3565643
1.500462
1.6534119
1.80351
1.6840177
1.5135688
1.3712163
1.20283117262
1.00902293873
0.86534279439
0.71172397472
0.55154100297
0.40175276512
0.24326113468
0.20796365334
0.17245373634
0.13468595112
0.09867765635
0.061390421494
0.055810133775
0.049367289211
0.042779905542
0.037302153942
0.030788764728
0.025103172405
0.018611529595
0.01264164031
0.0063024923104
-7.5444884446E-07
-0.0063010158396
-0.01251375078
-0.01862822092
-0.02513475402
-0.031299376358
-0.03745622426
-0.044127104304
-0.05106651066
-0.05657372859
-0.063404260842
-0.100284154942
-0.13837905798
-0.17408268686
-0.21039957526
-0.24784647844
-0.4147160268
-0.56507597046
-0.71961261802
-0.88200137493
-1.03193035612
-1.2019736795
-1.3600941
-1.4914968
-1.6915253
-1.801725
dMdH Data
-2.19338461538461E-08
-1.43115384615385E-08
-1.13776923076923E-08
-1.44613159797546E-10
-4.41300903063031E-09
-9.15384615384601E-10
-5.15769230769231E-09
1.73385949122684E-09
-2.41609809004407E-09
-5.92013661853734E-09
5.87686256208541E-09
4.28985700476647E-09
-5.9268642288077E-09
9.33333333333338E-09
-6.50000000000025E-10
-4.08498039529483E-08
2.80583165010094E-08
1.51600000000002E-08
1.16995320187192E-08
6.72094093173054E-09
8.55348679079258E-08
2.8840576811536E-08
1.05915551546835E-07
1.2881365424735E-07
1.72657684339614E-07
2.66093859911486E-07
2.88239423521153E-07
2.11843052555795E-07
6.40264026402643E-08
7.65184696306071E-08
3.16018961137667E-08
1.22990160787138E-08
1.43000000000002E-08
3.46606932138641E-08
-1.45617087658247E-07
2.97990066997761E-09
1.31335960052533E-09
-6.71666666666662E-09
9.99633345555149E-09
-1.58766666666666E-08
-2.76224394821658E-09
-3.52769230769231E-09
-2.19306005338421E-09
1.30384615384615E-09
-5.18550428086802E-09
9.33084100646921E-10
-8.3232049723841E-10
-0.00000001045
-1.47392307692308E-08
-2.39138461538462E-08
-2.23646153846154E-08
-1.51253846153846E-08
-1.16407692307692E-08
-1.87460096460796E-09
-1.79920308918326E-09
-2.45692307692307E-09
-1.51921908293014E-09
4.20003230794087E-10
-4.77388287602212E-09
4.75377301887663E-10
-1.15841056070404E-08
-6.08333333333335E-09
4.14666666666663E-09
8.10002700009014E-10
6.14662568916209E-09
-1.90845802992719E-08
4.10000000000005E-09
1.61422599163882E-08
5.02759779217665E-08
-1.09795608175672E-08
4.58827529651777E-08
6.48199999999998E-08
9.62765340447746E-08
1.51438788489692E-07
1.8346450709916E-07
2.3007229354489E-07
2.78204976931246E-07
2.28584571691434E-07
1.31417371652567E-07
1.73196536069273E-08
2.78411136445461E-08
3.67807356147124E-08
3.66400000000001E-08
-7.39985200296045E-09
-1.06517869642607E-07
-7.40313591637558E-09
5.88007840104541E-09
-5.07649745008506E-09
-6.01999999999992E-09
8.68333333333326E-09
-4.30070306610667E-09
-4.78377255734526E-09
3.03846153846142E-10
-3.90458534934346E-09
4.00163080686477E-09
-6.4485111423934E-09
-2.00389239751687E-09
-7.18384615384615E-09
-1.41784615384615E-08
-2.28869230769231E-08
-2.28869230769231E-08
dMdT Data
0
0
0
0
0
0
0
0
0
0
0
0
0
0
0
0
0
0
0
0
0
0
0
0
0
0
0
0
0
0
0
0
0
0
0
0
0
0
0
0
0
0
0
0
0
0
0
0
0
0
0
0
0
0
0
0
0
0
0
0
0
0
0
0
0
0
0
0
0
0
0
0
0
0
0
0
0
0
0
0
0
0
0
0
0
0
0
0
0
0
0
0
0
0
0
0
0
0
0
0
0
 
*********************************************** Results ***************************************
 
TotalArea -2.48565125883608E-03
AreaFirstQuad -1.86202159145772E-02
AreaSecondQuad 1.61345646557412E-02
AreaThirdQuad 0
AreaFourthQuad 0
Coercivity 0
PositiveCoercivity 0
NegativeCoercivity 0
Retentivity 6.0705200646986E-06
PositiveRetentivity 2.16983944539904E-04
NegativeRetentivity 2.04842904410507E-04
Magnetization 0.000256553
PositiveMagnetization 0.000256553
NegativeMagnetization 0.000163675
Flatness -34.7438806275781
Squareness 2.36618556972579E-02
SStar 0
SFD1 0
SFD2 0
Slope 0
Intercept 0
SlopeAtHc -2.28869230769231E-08
dH1 0
dH2 224.99795
InitialSlope -2.19338461538461E-08
FieldAtHalfMs 0
FieldAtMs -15000
MomentMean 2.09845257425743E-04
MomentRMS 3.04994983859255E-05
SFD3 0
dH3 0
UserField1 0
UserField2 0
CenterField 0
ExchangeField 0
ExchangeMoment 0
ExRegionOneIntercept 0
ExRegionOneSlope 0
ExRegionTwoIntercept 0
ExRegionTwoSlope 0
NegativeIntercept 0
NegativeSlope 0
AutoCenterOffset 0
PinningField 0
PinningMoment 0
PinRegionOneIntercept 0
PinRegionOneSlope 0
PinRegionTwoIntercept 0
PinRegionTwoSlope 0
PositiveIntercept 0
PositiveSlope 0
TotalOffset 0
BHMax 0
BCoercivity 0
BRetentivity 0
BNegativeCoercivity 0
BPositiveCoercivity 0
BNegativeRetentivity 0
BPositiveRetentivity 0
MomentYMean -1.22623455445545E-04
MomentYRMS 2.06236728312273E-06
YOffCorrection 0
Mrt 0
Ms1 0
Ms2 0
Ms3 0
Hc2 0
Hex2 0
HsatValue 0
HsatIntercept 0
HsatSlope 0
CenterH 0
Span .000092878
SpanAsPercentOfRange -6.19186666666667
RMSAsPercentOfRange -2.03329989239503
SpanAsPercentOfMean 44.2602330590514
RMSAsPercentOfMean 14.5342805265534
