Version 1.25
******************************************** Units *******************************************
System CGS
TemperatureUnit K
MomentUnit emu
AppliedFieldUnit G
 
******************************************** Setup ********************************************
 
Experiment CustomField
Minor False
Acquisition PointByPoint
EditedPoint No
MaxField 15000
FieldIncrement 750
Points 101
MinField 0
RampRate 10
AverageTime 6
TimeInterval 10
TimeConstant 1
TimeConstantIndex 2
Sensitivity -0.0015
SensitivityIndex 5
SensitivityY -4
SensitivityIndexY 0
SaturationField 8000
ExperimentTime 606
Use735Domains False
AutoRangeEnabled False
NumberOfVertices 11
VertexPts
0
10
15
35
40
50
60
65
85
90
100
VertexField
15000
2000
500
-500
-2000
-15000
-2000
-500
500
2000
15000
StartAngle 0
EndAngle 0
AngleIncrement 0
StartTemp 0
FinishTemp 0
TempIncrement 0
TempPoints 0
LengthofSetPointsArray 101
SetPointArray
15000
13700
12400
11100
9800
8500
7200
5900
4600
3300
2000
1700
1400
1100
800
500
450
400
350
300
250
200
150
100
50
0
-50
-100
-150
-200
-250
-300
-350
-400
-450
-500
-800
-1100
-1400
-1700
-2000
-3300
-4600
-5900
-7200
-8500
-9800
-11100
-12400
-13700
-15000
-13700
-12400
-11100
-9800
-8500
-7200
-5900
-4600
-3300
-2000
-1700
-1400
-1100
-800
-500
-450
-400
-350
-300
-250
-200
-150
-100
-50
0
50
100
150
200
250
300
350
400
450
500
800
1100
1400
1700
2000
3300
4600
5900
7200
8500
9800
11100
12400
13700
15000
FieldDomainFile c:\Ideasvsm\Default UserID\Experiments\Jason_1p5T_cus\fdomain.ini
TempDomainFile c:\Ideasvsm\Default UserID\Experiments\Jason_1p5T_cus\tdomain.ini
NumSelectedResults 0
ResultsSelected 
UserName1 
UserValue1 
UserName2 
UserValue2 
LinearBackgroundCorrection Off
MaxLinearFieldCorrection 
MinLinearFieldCorrection 
AutoLinearCorrection Off
FitOneRegion Off
BackgroundMode Off
BackgroundFilename 
AutoCenter Off
OffsetCorrection 
SmoothDeriv Off
DerivOrder 0
DerivPoints 0
MinExFieldOne 
MaxExFieldOne 
MinExFieldTwo 
MaxExFieldTwo 
MinPinFieldOne 
MaxPinFieldOne 
MinPinFieldTwo 
MaxPinFieldTwo 
HCenterStart 
Mass 
Volume 
Density 
MolarWeight 
NumberOfMoles 
Demagnetization 
SampleArea 
Thickness 
MomentScaling 0
XAxis 0
YAxis 0
SimpleSpinValve False
HsatMax 0
HsatMin 0
FieldAutoRange True
 
*************************************************** Experiment Data ********************************************
 
DataPoints 101
MomentX Data
0.000282016
0.00029154
0.000285507
0.000276513
0.000261613
0.000247868
0.000229624
0.0002144
0.000195168
0.000178763
0.00016224
0.000161089
0.00015739
0.000150905
0.000145596
0.000139896
0.000138086
0.000138258
0.000133545
0.000131179
0.000127264
0.000121728
0.000115285
0.000106428
0.0000963722
0.0000859867
0.0000742898
0.0000629027
0.0000490038
0.000038047
0.0000268625
0.0000226186
0.0000169028
0.0000142926
0.0000062663
0.0000330709
0.0000266215
0.0000221823
0.0000172121
0.0000177782
0.0000141713
-0.00000102996
-0.0000194437
-0.0000363407
-0.0000609711
-0.0000785574
-0.0000898804
-0.000104892
-0.000114519
-0.000120616
-0.0001129
-0.000119583
-0.00011634
-0.000102641
-0.000088995
-0.0000723964
-0.0000569899
-0.0000373435
-0.0000219666
-0.00000307791
0.0000165123
0.0000223055
0.0000248202
0.0000307921
0.0000332873
0.0000412196
0.0000428794
0.0000448162
0.0000488653
0.0000530538
0.0000564933
0.000064317
0.0000710807
0.0000796579
0.0000896066
0.0000999495
0.000112897
0.000125611
0.000138478
0.000152117
0.000161652
0.000169705
0.000174509
0.000177116
0.000174869
0.000159282
0.000165719
0.000170056
0.000174176
0.000179307
0.000183031
0.000199478
0.000217064
0.00024605
0.000248775
0.000265781
0.000292755
0.000304928
0.000315979
0.000320228
0.000313472
MomentY Data
-0.000118232
-0.000114584
-0.000116968
-0.000115387
-0.000115633
-0.000116507
-0.000117668
-0.00011603
-0.000115903
-0.000115903
-0.000117548
-0.000119885
-0.000120513
-0.000120536
-0.000122078
-0.000120568
-0.000118208
-0.000118589
-0.000118264
-0.000118009
-0.00011847
-0.000118383
-0.000118097
-0.000119185
-0.000118041
-0.00011754
-0.000119511
-0.000117858
-0.000119988
-0.000118828
-0.000118701
-0.00011785
-0.000117278
-0.000117358
-0.000119265
-0.000120409
-0.000119726
-0.000118446
-0.000119853
-0.000119519
-0.000118518
-0.000116467
-0.000115943
-0.000116976
-0.000118446
-0.000117151
-0.000116277
-0.000117397
-0.000118637
-0.000116841
-0.000116102
-0.000114512
-0.000114226
-0.000114695
-0.000116388
-0.000114846
-0.000114965
-0.000115116
-0.000114441
-0.000114234
-0.000117199
-0.000115975
-0.000116404
-0.000118041
-0.000118478
-0.000118995
-0.000118399
-0.000118987
-0.000116865
-0.000117469
-0.000119464
-0.0001218
-0.000121442
-0.000120576
-0.000120624
-0.000118478
-0.000121411
-0.000122817
-0.000121697
-0.000119551
-0.000120846
-0.000122325
-0.000123564
-0.000124272
-0.000124884
-0.000122881
-0.000122476
-0.000124955
-0.00012269
-0.000123342
-0.000122468
-0.000122197
-0.000120552
-0.000120687
-0.000122301
-0.000121609
-0.000120314
-0.000118303
-0.000122245
-0.000119424
-0.000122317
Field Data
15000
13700
12400
11100
9799.99
8499.97
7199.96
5899.96
4599.97
3299.94
1999.96
1699.97
1399.97
1099.98
799.977
499.978
449.99
399.992
349.988
299.988
249.992
199.991
149.994
99.9917
49.9907
-0.00482588
-50.0042
-100.006
-150.006
-200.003
-250.007
-300.004
-350.004
-400.008
-450.004
-500.006
-800.011
-1100.01
-1400.02
-1700.02
-2000.02
-3300.05
-4600.06
-5900.07
-7200.06
-8500.05
-9800.02
-11100
-12400
-13700
-15000
-13700
-12400
-11100
-9799.97
-8499.98
-7199.95
-5899.96
-4599.97
-3299.99
-1999.96
-1699.98
-1399.98
-1099.98
-799.979
-499.978
-449.993
-399.99
-349.993
-299.991
-249.993
-199.991
-149.993
-99.9928
-49.9938
0.00372326
50.0068
100.004
150.003
200.006
250.004
300.009
350.009
400.008
450.007
500.003
800.009
1100.02
1400.02
1700.01
2000.02
3300.03
4600.05
5900.06
7200.07
8500.04
9800.03
11100
12400
13700
15000
Time Data
0
14.586
29.141
43.696
58.235
72.805
87.345
101.884
116.439
132.039
146.547
160.025
173.52
187.06
200.601
214.142
227.667
241.177
255.685
269.257
282.798
296.339
309.849
323.374
336.899
350.393
363.919
377.428
390.938
404.479
418.004
431.576
445.117
459.641
473.166
486.66
500.201
513.742
528.359
541.916
555.441
570.027
585.627
600.229
614.768
629.276
643.816
658.371
672.879
687.449
701.942
716.512
731.052
745.638
760.161
774.747
789.271
803.826
818.412
833.981
848.567
862.092
875.664
889.159
902.746
916.24
929.812
943.384
957.924
971.449
984.974
998.531
1012.06
1025.55
1039.14
1052.68
1066.19
1079.74
1093.27
1106.81
1120.38
1133.92
1147.45
1162.03
1175.58
1189.16
1202.69
1216.25
1229.82
1243.41
1256.91
1271.52
1287.13
1301.73
1316.24
1330.78
1345.38
1359.97
1374.51
1389.05
1403.6
Temperature Data
0
0
0
0
0
0
0
0
0
0
0
0
0
0
0
0
0
0
0
0
0
0
0
0
0
0
0
0
0
0
0
0
0
0
0
0
0
0
0
0
0
0
0
0
0
0
0
0
0
0
0
0
0
0
0
0
0
0
0
0
0
0
0
0
0
0
0
0
0
0
0
0
0
0
0
0
0
0
0
0
0
0
0
0
0
0
0
0
0
0
0
0
0
0
0
0
0
0
0
0
0
Angle Data
0
0
0
0
0
0
0
0
0
0
0
0
0
0
0
0
0
0
0
0
0
0
0
0
0
0
0
0
0
0
0
0
0
0
0
0
0
0
0
0
0
0
0
0
0
0
0
0
0
0
0
0
0
0
0
0
0
0
0
0
0
0
0
0
0
0
0
0
0
0
0
0
0
0
0
0
0
0
0
0
0
0
0
0
0
0
0
0
0
0
0
0
0
0
0
0
0
0
0
0
0
Bx Data
0
0
0
0
0
0
0
0
0
0
0
0
0
0
0
0
0
0
0
0
0
0
0
0
0
0
0
0
0
0
0
0
0
0
0
0
0
0
0
0
0
0
0
0
0
0
0
0
0
0
0
0
0
0
0
0
0
0
0
0
0
0
0
0
0
0
0
0
0
0
0
0
0
0
0
0
0
0
0
0
0
0
0
0
0
0
0
0
0
0
0
0
0
0
0
0
0
0
0
0
0
Hint Data
0
0
0
0
0
0
0
0
0
0
0
0
0
0
0
0
0
0
0
0
0
0
0
0
0
0
0
0
0
0
0
0
0
0
0
0
0
0
0
0
0
0
0
0
0
0
0
0
0
0
0
0
0
0
0
0
0
0
0
0
0
0
0
0
0
0
0
0
0
0
0
0
0
0
0
0
0
0
0
0
0
0
0
0
0
0
0
0
0
0
0
0
0
0
0
0
0
0
0
0
0
Torque Data
-1.77348
-1.5698008
-1.4504032
-1.2807957
-1.13320224367
-0.99030600479
-0.84720489328
-0.6845723588
-0.53315032291
-0.38247294582
-0.23509129808
-0.20380090345
-0.16871458461
-0.13258718928
-0.097659592206
-0.060281347504
-0.05319241792
-0.047434651288
-0.041390980832
-0.035401283892
-0.02961655224
-0.023675534553
-0.017713841418
-0.0119175107645
-0.0059009522187
5.672339352E-07
0.0059760519462
0.011786507148
0.017998919928
0.023765956484
0.029676080907
0.0353554714
0.041047769112
0.046944138864
0.05366972706
0.060205222454
0.095782116986
0.13029178446
0.16779659706
0.20318469038
0.23703837036
0.38434692335
0.53334475658
0.69016658832
0.85281830676
0.99578935755
1.13951692554
1.3031067
1.4710988
1.6007217
1.74153
1.5688144
1.4164024
1.2731145
1.14059890836
0.97618870308
0.82774225175
0.67917979536
0.52642516677
0.37697105766
0.23439331204
0.1971551805
0.16296327192
0.12984273918
0.094779911962
0.05949488211
0.053278721207
0.04759361013
0.040901931945
0.035239642779
0.029865163752
0.0243589038
0.018215449906
0.0120567318528
0.0060304521312
-4.4112439828E-07
-0.0060713755948
-0.012282191268
-0.018254915091
-0.023910917306
-0.030211983384
-0.036698600925
-0.043248512076
-0.049709794176
-0.056198674188
-0.061440868643
-0.097981902284
-0.1374529991
-0.1717684538
-0.20968263342
-0.24493844936
-0.40325376591
-0.5545452276
-0.71206054122
-0.88057576107
-1.03368136436
-1.17908080942
-1.3131633
-1.515838
-1.6361088
-1.834755
dMdH Data
-7.32615384615386E-09
4.64076923076924E-09
6.91846153846155E-09
1.14614502965362E-08
1.05729142628575E-08
1.40337382020138E-08
1.17107692307692E-08
1.47939599535381E-08
1.26189395629332E-08
1.27101955414699E-08
3.83679455981863E-09
0.00000001233
2.16173872462416E-08
1.76964897017696E-08
1.90000633335445E-08
3.62086900856208E-08
-3.44013760550417E-09
9.42524598032156E-08
4.73199999999997E-08
7.83062645011602E-08
1.10717785644287E-07
1.28867732063924E-07
1.77131851934811E-07
2.01111977760445E-07
2.07728588052608E-07
2.33940928378965E-07
2.27733801583143E-07
0.000000277978
2.19149148948937E-07
2.23672106231501E-07
8.48830929855791E-08
0.000000114316
5.21998240140789E-08
1.60538843107448E-07
-5.36070557177713E-07
2.14976417059716E-08
1.47973826579422E-08
1.65667811072964E-08
-1.88699999999999E-09
0.000000012023
1.16930070844519E-08
1.41643064284121E-08
1.29975923262129E-08
1.89466072815945E-08
1.35280271386703E-08
8.71020100463856E-09
1.15475622701888E-08
7.40538461538462E-09
4.68999999999999E-09
-5.93538461538461E-09
-5.14076923076922E-09
2.49461538461538E-09
1.05376923076923E-08
1.04966808458266E-08
1.27682520634774E-08
1.18508803642993E-08
1.51127316363972E-08
1.18284756036585E-08
1.45299850766935E-08
1.50690445605101E-08
1.93119541302753E-08
8.38233333333334E-09
1.99063333333333E-08
8.31730560898131E-09
2.64409118636271E-08
3.32059617885366E-08
3.87336759794412E-08
8.09868592115527E-08
8.37666493340265E-08
6.87927517100684E-08
1.56467741290349E-07
1.35279411176447E-07
1.71543313826745E-07
1.98977979559591E-07
2.0686824717725E-07
2.58934066544002E-07
2.54294240477467E-07
2.57345146902938E-07
2.72763634181949E-07
1.90707628305132E-07
1.61043895610439E-07
9.60799999999998E-08
5.21410428208567E-08
-4.49408988179765E-08
-3.11764941195295E-07
2.14562375419158E-08
1.44561366083244E-08
1.37333333333334E-08
1.71039034634487E-08
1.24129195693477E-08
1.26514411427604E-08
1.35274841925509E-08
2.22967515634495E-08
2.09613772201754E-09
1.30818403501619E-08
2.0749390379926E-08
9.36406224759032E-09
8.50076923076922E-09
3.26846153846154E-09
-5.19692307692305E-09
-5.19692307692305E-09
dMdT Data
0
0
0
0
0
0
0
0
0
0
0
0
0
0
0
0
0
0
0
0
0
0
0
0
0
0
0
0
0
0
0
0
0
0
0
0
0
0
0
0
0
0
0
0
0
0
0
0
0
0
0
0
0
0
0
0
0
0
0
0
0
0
0
0
0
0
0
0
0
0
0
0
0
0
0
0
0
0
0
0
0
0
0
0
0
0
0
0
0
0
0
0
0
0
0
0
0
0
0
0
0
 
*********************************************** Results ***************************************
 
TotalArea -0.408211973445578
AreaFirstQuad -0.375829270317806
AreaSecondQuad -2.31299895151565E-02
AreaThirdQuad -9.25271361261516E-03
AreaFourthQuad 0
Coercivity 58.1152051251843
PositiveCoercivity -3095.73617437485
NegativeCoercivity -3211.96658462522
Retentivity 6.98051365124575E-06
PositiveRetentivity 8.59877024732385E-05
NegativeRetentivity 9.994872977573E-05
Magnetization 0.000220422
PositiveMagnetization 0.000320228
NegativeMagnetization -0.000120616
Flatness -9.85753699190631
Squareness 3.16688608725343E-02
SStar -9.27238748095008
SFD1 -4.13619374047504
SFD2 4.30174856066478
Slope 0
Intercept 0
SlopeAtHc 1.16930070844519E-08
dH1 298.490952790395
dH2 249.997
InitialSlope -7.32615384615386E-09
FieldAtHalfMs 0
FieldAtMs 13700
MomentMean 9.52543606930693E-05
MomentRMS 1.15885323350247E-04
SFD3 -8.64070103458045
dH3 560.271318175219
UserField1 0
UserField2 0
CenterField 0
ExchangeField 0
ExchangeMoment 0
ExRegionOneIntercept 0
ExRegionOneSlope 0
ExRegionTwoIntercept 0
ExRegionTwoSlope 0
NegativeIntercept 0
NegativeSlope 0
AutoCenterOffset 0
PinningField 0
PinningMoment 0
PinRegionOneIntercept 0
PinRegionOneSlope 0
PinRegionTwoIntercept 0
PinRegionTwoSlope 0
PositiveIntercept 0
PositiveSlope 0
TotalOffset 0
BHMax 0
BCoercivity 0
BRetentivity 0
BNegativeCoercivity 0
BPositiveCoercivity 0
BNegativeRetentivity 0
BPositiveRetentivity 0
MomentYMean -1.18839811881188E-04
MomentYRMS 2.58103957239276E-06
YOffCorrection 0
Mrt 0
Ms1 0
Ms2 0
Ms3 0
Hc2 0
Hex2 0
HsatValue 0
HsatIntercept 0
HsatSlope 0
CenterH 0
Span .000440844
SpanAsPercentOfRange -29.3896
RMSAsPercentOfRange -7.72568822334983
SpanAsPercentOfMean 462.807158425531
RMSAsPercentOfMean 121.658811740552
