Version 1.25
******************************************** Units *******************************************
System CGS
TemperatureUnit K
MomentUnit emu
AppliedFieldUnit G
 
******************************************** Setup ********************************************
 
Experiment CustomField
Minor False
Acquisition PointByPoint
EditedPoint No
MaxField 15000
FieldIncrement 750
Points 101
MinField 0
RampRate 10
AverageTime 6
TimeInterval 10
TimeConstant 1
TimeConstantIndex 2
Sensitivity -0.0015
SensitivityIndex 5
SensitivityY -4
SensitivityIndexY 0
SaturationField 8000
ExperimentTime 606
Use735Domains False
AutoRangeEnabled False
NumberOfVertices 11
VertexPts
0
10
15
35
40
50
60
65
85
90
100
VertexField
15000
2000
500
-500
-2000
-15000
-2000
-500
500
2000
15000
StartAngle 0
EndAngle 0
AngleIncrement 0
StartTemp 0
FinishTemp 0
TempIncrement 0
TempPoints 0
LengthofSetPointsArray 101
SetPointArray
15000
13700
12400
11100
9800
8500
7200
5900
4600
3300
2000
1700
1400
1100
800
500
450
400
350
300
250
200
150
100
50
0
-50
-100
-150
-200
-250
-300
-350
-400
-450
-500
-800
-1100
-1400
-1700
-2000
-3300
-4600
-5900
-7200
-8500
-9800
-11100
-12400
-13700
-15000
-13700
-12400
-11100
-9800
-8500
-7200
-5900
-4600
-3300
-2000
-1700
-1400
-1100
-800
-500
-450
-400
-350
-300
-250
-200
-150
-100
-50
0
50
100
150
200
250
300
350
400
450
500
800
1100
1400
1700
2000
3300
4600
5900
7200
8500
9800
11100
12400
13700
15000
FieldDomainFile c:\Ideasvsm\Default UserID\Experiments\Jason_1p5T_cus\fdomain.ini
TempDomainFile c:\Ideasvsm\Default UserID\Experiments\Jason_1p5T_cus\tdomain.ini
NumSelectedResults 0
ResultsSelected 
UserName1 
UserValue1 
UserName2 
UserValue2 
LinearBackgroundCorrection Off
MaxLinearFieldCorrection 
MinLinearFieldCorrection 
AutoLinearCorrection Off
FitOneRegion Off
BackgroundMode Off
BackgroundFilename 
AutoCenter Off
OffsetCorrection 
SmoothDeriv Off
DerivOrder 0
DerivPoints 0
MinExFieldOne 
MaxExFieldOne 
MinExFieldTwo 
MaxExFieldTwo 
MinPinFieldOne 
MaxPinFieldOne 
MinPinFieldTwo 
MaxPinFieldTwo 
HCenterStart 
Mass 
Volume 
Density 
MolarWeight 
NumberOfMoles 
Demagnetization 
SampleArea 
Thickness 
MomentScaling 0
XAxis 0
YAxis 0
SimpleSpinValve False
HsatMax 0
HsatMin 0
FieldAutoRange True
 
*************************************************** Experiment Data ********************************************
 
DataPoints 82
MomentX Data
0.00000482218
0.0000345791
0.0000653157
0.0000936221
0.000132052
0.000160829
0.000181473
0.00018734
0.000191093
0.000194601
0.00020243
0.000203226
0.000208105
0.000205462
0.000207282
0.000205028
0.000208141
0.000208206
0.000208695
0.000208152
0.000209223
0.000207954
0.000209109
0.000208316
0.000209007
0.00020707
0.000196357
0.000179996
0.000179265
0.000180481
0.00018002
0.000179357
0.000179758
0.000180881
0.00018001
0.000181163
0.000183048
0.000192621
0.000195388
0.000195211
0.00019641
0.000199019
0.000205751
0.00020653
0.000222461
0.000242246
0.000265066
0.000299178
0.000329608
0.000363168
0.000393556
0.000362542
0.000330736
0.000297317
0.000268142
0.000244474
0.0002161
0.00021351
0.000203021
0.000198985
0.000197947
0.000193751
0.000195919
0.000197222
0.000197723
0.000196019
0.00019649
0.000195672
0.000196369
0.00019793
0.000195603
0.000196328
0.000197161
0.000197646
0.000198875
0.000199504
0.000209921
0.000228908
0.000229228
0.000229832
0.000228555
0.000229526
MomentY Data
-0.000122929
-0.000122786
-0.00012033
-0.000121212
-0.000121005
-0.000123064
-0.000121999
-0.000122881
-0.000120457
-0.000120219
-0.000120354
-0.000120831
-0.000119726
-0.000122102
-0.000121999
-0.000121323
-0.000121085
-0.000121069
-0.000120648
-0.000121101
-0.000122174
-0.000122579
-0.000121721
-0.000123064
-0.000122643
-0.000120982
-0.000121371
-0.000122611
-0.00012153
-0.000120672
-0.000121387
-0.000119408
-0.000122706
-0.000122356
-0.000124129
-0.000122174
-0.000124566
-0.000121307
-0.000124756
-0.000124423
-0.000122905
-0.00012176
-0.000121307
-0.000121975
-0.000120433
-0.000122706
-0.000121268
-0.000120457
-0.000123119
-0.00012149
-0.000121069
-0.000124105
-0.000120417
-0.000120425
-0.00012215
-0.000123906
-0.000123342
-0.000123119
-0.000122913
-0.000125345
-0.000123525
-0.000124415
-0.000124661
-0.000126115
-0.000125345
-0.0001266
-0.000127633
-0.000127792
-0.000125893
-0.000126918
-0.000126298
-0.000126584
-0.000124399
-0.000125599
-0.000125345
-0.000125575
-0.000124033
-0.000122134
-0.000124709
-0.000127236
-0.000123978
-0.00012567
Field Data
15000
13700
12400
11100
9799.99
8499.97
7199.95
5899.95
4599.96
3299.95
1999.96
1699.98
1399.98
1099.98
799.982
499.985
449.989
399.991
349.991
299.993
249.989
199.995
149.991
99.9947
49.994
-0.00509183
-50.0056
-100.006
-150.004
-200.003
-250.006
-300.007
-350.005
-400.004
-450.008
-500.005
-800.011
-1100.02
-1400.02
-1700.02
-2000.02
-3300.05
-4600.06
-5900.06
-7200.06
-8500.05
-9800.03
-11100
-12400
-13700
-15000
-13700
-12400
-11100
-9799.98
-8499.97
-7199.96
-5899.96
-4599.96
-3299.98
-1999.96
-1699.98
-1399.98
-1099.98
-799.977
-499.979
-449.989
-399.991
-349.992
-299.993
-249.992
-199.993
-149.995
-99.9926
-49.9912
0.00790341
50.0068
100.009
150.009
200.006
250.004
300.01
Time Data
0
14.555
29.125
43.664
58.204
72.743
87.329
101.915
116.517
132.07
146.625
160.15
173.66
187.154
200.695
214.205
227.745
242.285
256.824
270.349
283.875
297.431
310.956
324.497
338.054
351.532
365.073
378.676
392.171
405.696
419.221
433.807
447.379
461.981
475.569
489.078
502.604
516.113
529.639
543.164
556.705
571.291
586.875
601.446
616.001
630.571
645.095
659.665
674.22
688.76
703.346
717.947
732.502
747.135
761.721
776.354
790.894
805.433
819.988
835.525
850.08
863.652
877.209
890.781
904.306
917.878
931.404
944.913
959.515
973.04
986.581
1000.11
1013.68
1027.19
1040.7
1054.25
1067.78
1081.3
1094.83
1108.39
1121.9
1135.44
Temperature Data
0
0
0
0
0
0
0
0
0
0
0
0
0
0
0
0
0
0
0
0
0
0
0
0
0
0
0
0
0
0
0
0
0
0
0
0
0
0
0
0
0
0
0
0
0
0
0
0
0
0
0
0
0
0
0
0
0
0
0
0
0
0
0
0
0
0
0
0
0
0
0
0
0
0
0
0
0
0
0
0
0
0
Angle Data
0
0
0
0
0
0
0
0
0
0
0
0
0
0
0
0
0
0
0
0
0
0
0
0
0
0
0
0
0
0
0
0
0
0
0
0
0
0
0
0
0
0
0
0
0
0
0
0
0
0
0
0
0
0
0
0
0
0
0
0
0
0
0
0
0
0
0
0
0
0
0
0
0
0
0
0
0
0
0
0
0
0
Bx Data
0
0
0
0
0
0
0
0
0
0
0
0
0
0
0
0
0
0
0
0
0
0
0
0
0
0
0
0
0
0
0
0
0
0
0
0
0
0
0
0
0
0
0
0
0
0
0
0
0
0
0
0
0
0
0
0
0
0
0
0
0
0
0
0
0
0
0
0
0
0
0
0
0
0
0
0
0
0
0
0
0
0
Hint Data
0
0
0
0
0
0
0
0
0
0
0
0
0
0
0
0
0
0
0
0
0
0
0
0
0
0
0
0
0
0
0
0
0
0
0
0
0
0
0
0
0
0
0
0
0
0
0
0
0
0
0
0
0
0
0
0
0
0
0
0
0
0
0
0
0
0
0
0
0
0
0
0
0
0
0
0
0
0
0
0
0
0
Torque Data
-1.843935
-1.6821682
-1.492092
-1.3454532
-1.18584778995
-1.04604030808
-0.87838670005
-0.72499175595
-0.55409738172
-0.39671668905
-0.24070318584
-0.20541028338
-0.16761400548
-0.13430975796
-0.097597004018
-0.060659680155
-0.054486918065
-0.048426510379
-0.042225714168
-0.036329452293
-0.030542156086
-0.024515187105
-0.018257054511
-0.0123057477608
-0.006131414142
6.1601977706E-07
0.0060692296776
0.012261835666
0.01822998612
0.024134762016
0.030347478322
0.035823235856
0.04294771353
0.048942889424
0.055859043032
0.06108761087
0.099654170226
0.13344012614
0.17466089512
0.21152158846
0.2458124581
0.401814088
0.55801947842
0.7196598185
0.86712482598
1.0430071353
1.18843003804
1.3370727
1.5266756
1.664413
1.816035
1.7002385
1.4931708
1.3367175
1.197067557
1.05319728282
0.88805746632
0.72639717524
0.56539488348
0.4136359931
0.247045059
0.2115030117
0.17452290678
0.1387239777
0.100273117065
0.0632973414
0.057433446037
0.051115649872
0.044061542856
0.038074511574
0.031573489616
0.025315913912
0.018659228005
0.0125589705674
0.006266146964
-9.9247071075E-07
-0.0062024934244
-0.012214499206
-0.018707472381
-0.025447963416
-0.030994995912
-0.0377022567
dMdH Data
-2.28899384615385E-08
-2.36435384615385E-08
-2.17741538461538E-08
-2.95612341443527E-08
-2.21358132951801E-08
-1.58797556960662E-08
-4.51307692307693E-09
-2.8869452841945E-09
-2.69844078122475E-09
-6.02235401810783E-09
-2.65351023401564E-09
-1.62633333333333E-08
8.80999999999994E-09
-6.06670711138076E-09
7.51340846741804E-09
-6.2264981198496E-08
-1.30005200207995E-09
-9.78000000000003E-09
1.08604344173769E-08
-2.14182865370771E-08
2.53830459655159E-08
-2.30981521478281E-08
1.58611737268556E-08
-1.38198065227089E-08
3.8740703662897E-08
2.14257822412048E-07
3.27217382260942E-07
1.46205848233927E-08
-2.43204864097279E-08
9.21944683318989E-09
1.3259734805304E-08
-8.02032081283248E-09
-2.24604492089844E-08
1.74186065114791E-08
-2.30613836830209E-08
-6.28320766917995E-09
-3.19090427287181E-08
-9.22333333333337E-09
5.89999999999984E-10
-3.99666666666662E-09
-2.00687676438237E-09
-5.17842170444842E-09
-5.99230769230759E-10
-1.22546153846154E-08
-1.52193478411373E-08
-1.75541162171726E-08
-2.62406055524358E-08
-2.34076923076923E-08
-2.58153846153846E-08
-2.33753846153846E-08
-2.38569230769231E-08
-2.44661538461538E-08
-2.57069230769231E-08
-2.24419624313472E-08
-1.82060137998939E-08
-2.18259859539542E-08
-1.99230769230768E-09
-8.06846153846154E-09
-3.10466314866384E-09
-7.98449254626851E-10
-1.39875991732782E-08
7.22666666666661E-09
4.34333333333332E-09
1.669983300167E-09
-5.6800378669191E-09
9.4218843768757E-09
-1.63606544261771E-08
1.39402788055761E-08
3.12206244124881E-08
-4.65390692186155E-08
1.45002900058002E-08
1.6660666426657E-08
9.69953442234758E-09
2.45793117792701E-08
1.25802255860894E-08
2.08344597790253E-07
3.79723292175144E-07
6.39999999999994E-09
1.20807248434905E-08
-2.55410216408655E-08
1.94176698796145E-08
1.94176698796145E-08
dMdT Data
0
0
0
0
0
0
0
0
0
0
0
0
0
0
0
0
0
0
0
0
0
0
0
0
0
0
0
0
0
0
0
0
0
0
0
0
0
0
0
0
0
0
0
0
0
0
0
0
0
0
0
0
0
0
0
0
0
0
0
0
0
0
0
0
0
0
0
0
0
0
0
0
0
0
0
0
0
0
0
0
0
0
 
*********************************************** Results ***************************************
 
TotalArea 0.352639116046697
AreaFirstQuad 0.370911868616504
AreaSecondQuad -1.82727525698072E-02
AreaThirdQuad 0
AreaFourthQuad 0
Coercivity 0
PositiveCoercivity 0
NegativeCoercivity 0
Retentivity 3.78314834387892E-06
PositiveRetentivity 2.07070197261077E-04
NegativeRetentivity 1.99503900573319E-04
Magnetization 0.000393556
PositiveMagnetization 0.000393556
NegativeMagnetization 0.00000482218
Flatness -53.7348870408727
Squareness 9.61273197176238E-03
SStar 0
SFD1 0
SFD2 0
Slope 0
Intercept 0
SlopeAtHc 1.94176698796145E-08
dH1 0
dH2 99.9988
InitialSlope -2.28899384615385E-08
FieldAtHalfMs 0
FieldAtMs -15000
MomentMean 2.06202903414634E-04
MomentRMS 5.72331640368748E-05
SFD3 0
dH3 0
UserField1 0
UserField2 0
CenterField 0
ExchangeField 0
ExchangeMoment 0
ExRegionOneIntercept 0
ExRegionOneSlope 0
ExRegionTwoIntercept 0
ExRegionTwoSlope 0
NegativeIntercept 0
NegativeSlope 0
AutoCenterOffset 0
PinningField 0
PinningMoment 0
PinRegionOneIntercept 0
PinRegionOneSlope 0
PinRegionTwoIntercept 0
PinRegionTwoSlope 0
PositiveIntercept 0
PositiveSlope 0
TotalOffset 0
BHMax 0
BCoercivity 0
BRetentivity 0
BNegativeCoercivity 0
BPositiveCoercivity 0
BNegativeRetentivity 0
BPositiveRetentivity 0
MomentYMean -1.22906670731707E-04
MomentYRMS 2.06059006924079E-06
YOffCorrection 0
Mrt 0
Ms1 0
Ms2 0
Ms3 0
Hc2 0
Hex2 0
HsatValue 0
HsatIntercept 0
HsatSlope 0
CenterH 0
Span .00038873382
SpanAsPercentOfRange -25.915588
RMSAsPercentOfRange -3.81554426912499
SpanAsPercentOfMean 188.520051639783
RMSAsPercentOfMean 27.75575081103
