Version 1.25
******************************************** Units *******************************************
System CGS
TemperatureUnit K
MomentUnit emu
AppliedFieldUnit G
 
******************************************** Setup ********************************************
 
Experiment CustomField
Minor False
Acquisition PointByPoint
EditedPoint No
MaxField 15000
FieldIncrement 750
Points 101
MinField 0
RampRate 10
AverageTime 6
TimeInterval 10
TimeConstant 1
TimeConstantIndex 2
Sensitivity -0.0015
SensitivityIndex 5
SensitivityY -4
SensitivityIndexY 0
SaturationField 8000
ExperimentTime 606
Use735Domains False
AutoRangeEnabled False
NumberOfVertices 11
VertexPts
0
10
15
35
40
50
60
65
85
90
100
VertexField
15000
2000
500
-500
-2000
-15000
-2000
-500
500
2000
15000
StartAngle 0
EndAngle 0
AngleIncrement 0
StartTemp 0
FinishTemp 0
TempIncrement 0
TempPoints 0
LengthofSetPointsArray 101
SetPointArray
15000
13700
12400
11100
9800
8500
7200
5900
4600
3300
2000
1700
1400
1100
800
500
450
400
350
300
250
200
150
100
50
0
-50
-100
-150
-200
-250
-300
-350
-400
-450
-500
-800
-1100
-1400
-1700
-2000
-3300
-4600
-5900
-7200
-8500
-9800
-11100
-12400
-13700
-15000
-13700
-12400
-11100
-9800
-8500
-7200
-5900
-4600
-3300
-2000
-1700
-1400
-1100
-800
-500
-450
-400
-350
-300
-250
-200
-150
-100
-50
0
50
100
150
200
250
300
350
400
450
500
800
1100
1400
1700
2000
3300
4600
5900
7200
8500
9800
11100
12400
13700
15000
FieldDomainFile c:\Ideasvsm\Default UserID\Experiments\Jason_1p5T_cus\fdomain.ini
TempDomainFile c:\Ideasvsm\Default UserID\Experiments\Jason_1p5T_cus\tdomain.ini
NumSelectedResults 0
ResultsSelected 
UserName1 
UserValue1 
UserName2 
UserValue2 
LinearBackgroundCorrection Off
MaxLinearFieldCorrection 
MinLinearFieldCorrection 
AutoLinearCorrection Off
FitOneRegion Off
BackgroundMode Off
BackgroundFilename 
AutoCenter Off
OffsetCorrection 
SmoothDeriv Off
DerivOrder 0
DerivPoints 0
MinExFieldOne 
MaxExFieldOne 
MinExFieldTwo 
MaxExFieldTwo 
MinPinFieldOne 
MaxPinFieldOne 
MinPinFieldTwo 
MaxPinFieldTwo 
HCenterStart 
Mass 
Volume 
Density 
MolarWeight 
NumberOfMoles 
Demagnetization 
SampleArea 
Thickness 
MomentScaling 0
XAxis 0
YAxis 0
SimpleSpinValve False
HsatMax 0
HsatMin 0
FieldAutoRange True
 
*************************************************** Experiment Data ********************************************
 
DataPoints 101
MomentX Data
0.000176851
0.000208561
0.000219851
0.000228163
0.000228637
0.000229596
0.00022885
0.000228855
0.000237493
0.00023298
0.000234253
0.000237679
0.000236003
0.00023781
0.00023635
0.00023178
0.000230596
0.000228527
0.000226416
0.000222163
0.00022009
0.000213587
0.000207289
0.000199171
0.000191333
0.000179659
0.000171621
0.000158156
0.000146137
0.00013414
0.000123497
0.000118205
0.000115554
0.000113376
0.000111524
0.000110445
0.000106308
0.0000877562
0.0000877295
0.0000872093
0.0000880182
0.0000855347
0.0000955739
0.0000905441
0.0000889624
0.0000940942
0.0000888314
0.0000928127
0.000100098
0.000115495
0.000146739
0.00010945
0.0000987786
0.0000935696
0.0000962604
0.0000913999
0.0000929276
0.0000919071
0.0000918528
0.0000960375
0.0000969393
0.0000939799
0.0000943543
0.0000973558
0.0000991382
0.000104019
0.000105302
0.000107358
0.000109323
0.000115692
0.0001204
0.00012669
0.000134078
0.000140936
0.000151216
0.000162773
0.000174067
0.000186272
0.000198994
0.000213346
0.000222502
0.00023072
0.000232534
0.000236907
0.000239747
0.000240415
0.000247477
0.000265252
0.000266823
0.000269034
0.00026769
0.000265527
0.000258866
0.00026758
0.000264694
0.000260637
0.000263228
0.000261697
0.000256478
0.000247998
0.000215417
MomentY Data
-0.000123254
-0.00012308
-0.000120314
-0.000121085
-0.000122197
-0.000121713
-0.000122587
-0.000123318
-0.00012424
-0.000124065
-0.00012664
-0.000125289
-0.000125504
-0.000126998
-0.000125623
-0.000124963
-0.000125281
-0.000125949
-0.000125821
-0.000124749
-0.00012579
-0.000127562
-0.000126696
-0.000125098
-0.000123429
-0.000123119
-0.000123294
-0.000126068
-0.000123811
-0.000123533
-0.000124598
-0.000124343
-0.000124248
-0.000125241
-0.000123461
-0.000122492
-0.000124764
-0.000123477
-0.000124002
-0.000124653
-0.000123461
-0.00012153
-0.000123151
-0.000119988
-0.000121959
-0.000122309
-0.00012219
-0.000119257
-0.000121093
-0.000119122
-0.000120831
-0.000122889
-0.000120544
-0.000120687
-0.000121586
-0.000120234
-0.000121315
-0.000120266
-0.00011971
-0.000119781
-0.000124176
-0.000123795
-0.000123453
-0.000123604
-0.000123485
-0.000122897
-0.00012126
-0.000121442
-0.000122062
-0.000121466
-0.000124264
-0.000123469
-0.000122762
-0.000123994
-0.000124518
-0.000124288
-0.000123191
-0.000123914
-0.000123183
-0.000123278
-0.000122611
-0.000122714
-0.000122341
-0.000122929
-0.000122539
-0.000124343
-0.000123858
-0.000123525
-0.000123072
-0.00012157
-0.000124582
-0.000121808
-0.000121911
-0.00012211
-0.000125432
-0.000123564
-0.000122404
-0.000125392
-0.000123994
-0.000124828
-0.000122285
Field Data
15000
13700
12400
11100
9799.98
8499.97
7199.96
5899.96
4599.97
3299.94
1999.96
1699.98
1399.98
1099.98
799.979
499.979
449.99
399.991
349.992
299.99
249.995
199.992
149.99
99.9953
49.9926
-0.00394303
-50.0076
-100.002
-150.009
-200.004
-250.006
-300.006
-350.006
-400.004
-450.006
-500.002
-800.014
-1100.01
-1400.02
-1700.02
-2000.02
-3300.05
-4600.06
-5900.07
-7200.06
-8500.05
-9800.02
-11100
-12400
-13700
-15000
-13700
-12400
-11100
-9799.99
-8499.97
-7199.97
-5899.97
-4599.98
-3300
-1999.96
-1699.97
-1399.98
-1099.98
-799.981
-499.979
-449.991
-399.995
-349.995
-299.989
-249.994
-199.991
-149.994
-99.9935
-49.9905
0.00244141
50.0114
100.006
150.007
200.008
250.006
300.004
350.006
400.006
450.003
499.999
800.014
1100.01
1400.02
1700.02
2000.02
3300.04
4600.06
5900.06
7200.08
8500.04
9800.03
11100
12400
13700
15000
Time Data
0
14.571
29.11
43.665
58.236
72.822
88.406
102.945
117.485
133.069
147.593
161.103
174.659
188.231
201.819
215.36
228.838
242.348
256.903
270.475
283.985
297.525
311.02
325.59
340.129
353.655
367.196
380.783
394.262
407.803
421.328
434.884
448.41
462.98
476.521
490.093
503.603
517.097
530.607
544.194
557.735
572.243
587.828
602.398
616.906
631.477
646.047
660.633
675.188
689.728
704.282
718.837
733.392
747.9
762.471
777.01
792.61
807.134
821.673
837.227
851.813
865.322
878.879
892.42
905.914
919.486
934.056
947.566
962.121
975.662
989.203
1002.7
1016.21
1029.78
1043.3
1056.8
1070.35
1083.91
1097.45
1110.96
1124.49
1138.01
1151.58
1167.17
1180.71
1195.25
1208.81
1222.32
1235.86
1249.37
1262.88
1277.42
1293
1307.59
1322.09
1336.71
1351.28
1365.79
1380.31
1394.84
1409.39
Temperature Data
0
0
0
0
0
0
0
0
0
0
0
0
0
0
0
0
0
0
0
0
0
0
0
0
0
0
0
0
0
0
0
0
0
0
0
0
0
0
0
0
0
0
0
0
0
0
0
0
0
0
0
0
0
0
0
0
0
0
0
0
0
0
0
0
0
0
0
0
0
0
0
0
0
0
0
0
0
0
0
0
0
0
0
0
0
0
0
0
0
0
0
0
0
0
0
0
0
0
0
0
0
Angle Data
0
0
0
0
0
0
0
0
0
0
0
0
0
0
0
0
0
0
0
0
0
0
0
0
0
0
0
0
0
0
0
0
0
0
0
0
0
0
0
0
0
0
0
0
0
0
0
0
0
0
0
0
0
0
0
0
0
0
0
0
0
0
0
0
0
0
0
0
0
0
0
0
0
0
0
0
0
0
0
0
0
0
0
0
0
0
0
0
0
0
0
0
0
0
0
0
0
0
0
0
0
Bx Data
0
0
0
0
0
0
0
0
0
0
0
0
0
0
0
0
0
0
0
0
0
0
0
0
0
0
0
0
0
0
0
0
0
0
0
0
0
0
0
0
0
0
0
0
0
0
0
0
0
0
0
0
0
0
0
0
0
0
0
0
0
0
0
0
0
0
0
0
0
0
0
0
0
0
0
0
0
0
0
0
0
0
0
0
0
0
0
0
0
0
0
0
0
0
0
0
0
0
0
0
0
Hint Data
0
0
0
0
0
0
0
0
0
0
0
0
0
0
0
0
0
0
0
0
0
0
0
0
0
0
0
0
0
0
0
0
0
0
0
0
0
0
0
0
0
0
0
0
0
0
0
0
0
0
0
0
0
0
0
0
0
0
0
0
0
0
0
0
0
0
0
0
0
0
0
0
0
0
0
0
0
0
0
0
0
0
0
0
0
0
0
0
0
0
0
0
0
0
0
0
0
0
0
0
0
Torque Data
-1.84881
-1.686196
-1.4918936
-1.3440435
-1.19752815606
-1.03455684861
-0.88262149652
-0.72757126728
-0.5715002728
-0.4094070561
-0.2532749344
-0.21298879422
-0.17570308992
-0.13969526004
-0.100495761917
-0.062478875777
-0.05637519719
-0.050378466459
-0.044036343432
-0.03742345251
-0.03144687105
-0.025511379504
-0.01900313304
-0.0125092120394
-0.0061705366254
4.8546191057E-07
0.0061656370344
0.012607052136
0.018572764299
0.024707094132
0.031150247588
0.037303646058
0.043487545488
0.050096900964
0.055558190766
0.061246244984
0.099812946696
0.13582593477
0.17360528004
0.21191259306
0.24692446922
0.4010550765
0.56650198906
0.70793759916
0.87811211754
1.03963261545
1.1974644438
1.3237527
1.5015532
1.6319714
1.812465
1.6835793
1.4947456
1.3396257
1.19154158414
1.02198539298
0.87346436055
0.70956579202
0.5506636058
0.3952773
0.24834703296
0.21044778615
0.17283173094
0.13596192792
0.098785653785
0.061445919163
0.05456590866
0.04857619279
0.04272108969
0.036438463874
0.031065254416
0.024692688779
0.018413563428
0.012398594039
0.006224717079
-3.0343796608E-07
-0.0061609543774
-0.012392143484
-0.018478312281
-0.024656586224
-0.030653485666
-0.036814690856
-0.042820084046
-0.049172337574
-0.055142917617
-0.062171375657
-0.099088134012
-0.13587873525
-0.17230326144
-0.2066714314
-0.24916649164
-0.40197127232
-0.56079791466
-0.7204563266
-0.90312043456
-1.05029894256
-1.19956287212
-1.3918512
-1.5375256
-1.7101436
-1.834275
dMdH Data
-2.43923076923077E-08
-8.68461538461537E-09
-6.39384615384616E-09
-3.64609775234234E-10
-7.37686633179725E-10
5.73841739678912E-10
-3.84615384615185E-12
-6.64466649743459E-09
3.47145835096112E-09
-9.7924583455129E-10
-1.14207613840923E-08
5.58666666666663E-09
-6.0233333333333E-09
4.86665044449853E-09
1.52333333333333E-08
2.36852107463641E-08
4.13808276165528E-08
4.2220844416888E-08
8.50565977360908E-08
4.14641464146416E-08
1.30052196868188E-07
1.25954961801528E-07
1.6237721198447E-07
1.56751535417088E-07
2.33496143783283E-07
1.60748242969958E-07
2.69330164978477E-07
2.40346351510789E-07
2.39963996399639E-07
2.12851485940563E-07
0.00000010584
0.00000005302
4.35617424696989E-08
3.70385184592616E-08
2.15817265381229E-08
1.37894484220631E-08
6.18401578687716E-08
8.8997033432256E-11
1.73399999999996E-09
-2.69633333333331E-09
1.91034053060313E-09
-7.72240213536818E-09
3.86904716117568E-09
1.2167016669359E-09
-3.94756882745253E-09
4.04840111694884E-09
-3.06258557823966E-09
-5.60407692307693E-09
-1.18438461538462E-08
-2.40338461538462E-08
-2.86838461538462E-08
-8.20876923076924E-09
-4.00692307692307E-09
2.06983023207514E-09
-3.73878863402101E-09
1.17515384615384E-09
-7.84999999999996E-10
-4.17695520734804E-11
3.21904952383882E-09
6.93670963970338E-10
-9.86499549984999E-09
1.24804160138674E-09
0.000000010005
5.94135313784381E-09
1.62692248718342E-08
2.5666159878371E-08
4.1123289863189E-08
0.0000000393
1.27364716234052E-07
9.41694169416941E-08
1.25792452452853E-07
1.47768866131968E-07
1.37158628413716E-07
2.05587664740115E-07
2.31172635057002E-07
2.25839535923837E-07
2.4412636564749E-07
2.54434911301774E-07
2.87034259314814E-07
1.83127325093004E-07
1.64366574662986E-07
3.62785488580461E-08
8.74599999999996E-08
5.68034082044927E-08
1.33610688855109E-08
2.35388230588471E-08
5.92507900105334E-08
5.23649211692949E-09
7.37000000000003E-09
-4.48000000000007E-09
-1.66382055660683E-09
-5.1237673266565E-09
6.70307692307692E-09
-2.21996584667929E-09
-3.12086525739255E-09
1.99309225455583E-09
-1.17771948583428E-09
-4.01461538461542E-09
-6.52307692307692E-09
-2.50623076923077E-08
-2.50623076923077E-08
dMdT Data
0
0
0
0
0
0
0
0
0
0
0
0
0
0
0
0
0
0
0
0
0
0
0
0
0
0
0
0
0
0
0
0
0
0
0
0
0
0
0
0
0
0
0
0
0
0
0
0
0
0
0
0
0
0
0
0
0
0
0
0
0
0
0
0
0
0
0
0
0
0
0
0
0
0
0
0
0
0
0
0
0
0
0
0
0
0
0
0
0
0
0
0
0
0
0
0
0
0
0
0
0
 
*********************************************** Results ***************************************
 
TotalArea -0.49676301575052
AreaFirstQuad -0.47746763738751
AreaSecondQuad -1.92953783630102E-02
AreaThirdQuad 0
AreaFourthQuad 0
Coercivity 0
PositiveCoercivity 0
NegativeCoercivity 0
Retentivity 8.44374253474139E-06
PositiveRetentivity 1.796599206823E-04
NegativeRetentivity 1.62772435612817E-04
Magnetization 0.000269034
PositiveMagnetization 0.000269034
NegativeMagnetization 0.0000855347
Flatness -20.2772855097248
Squareness 3.13854105233591E-02
SStar 0
SFD1 0
SFD2 0
Slope 0
Intercept 0
SlopeAtHc -2.50623076923077E-08
dH1 0
dH2 249.998
InitialSlope -2.43923076923077E-08
FieldAtHalfMs 0
FieldAtMs 1700.02
MomentMean 1.71153906930693E-04
MomentRMS 6.55759525952102E-05
SFD3 0
dH3 0
UserField1 0
UserField2 0
CenterField 0
ExchangeField 0
ExchangeMoment 0
ExRegionOneIntercept 0
ExRegionOneSlope 0
ExRegionTwoIntercept 0
ExRegionTwoSlope 0
NegativeIntercept 0
NegativeSlope 0
AutoCenterOffset 0
PinningField 0
PinningMoment 0
PinRegionOneIntercept 0
PinRegionOneSlope 0
PinRegionTwoIntercept 0
PinRegionTwoSlope 0
PositiveIntercept 0
PositiveSlope 0
TotalOffset 0
BHMax 0
BCoercivity 0
BRetentivity 0
BNegativeCoercivity 0
BPositiveCoercivity 0
BNegativeRetentivity 0
BPositiveRetentivity 0
MomentYMean -1.23233316831683E-04
MomentYRMS 1.77376003974998E-06
YOffCorrection 0
Mrt 0
Ms1 0
Ms2 0
Ms3 0
Hc2 0
Hex2 0
HsatValue 0
HsatIntercept 0
HsatSlope 0
CenterH 0
Span .0001834993
SpanAsPercentOfRange -12.2332866666667
RMSAsPercentOfRange -4.37173017301401
SpanAsPercentOfMean 107.213036085882
RMSAsPercentOfMean 38.3140261132131
