Version 1.25
******************************************** Units *******************************************
System CGS
TemperatureUnit K
MomentUnit emu
AppliedFieldUnit G
 
******************************************** Setup ********************************************
 
Experiment CustomField
Minor False
Acquisition PointByPoint
EditedPoint No
MaxField 15000
FieldIncrement 750
Points 101
MinField 0
RampRate 10
AverageTime 6
TimeInterval 10
TimeConstant 1
TimeConstantIndex 2
Sensitivity -0.0015
SensitivityIndex 5
SensitivityY -4
SensitivityIndexY 0
SaturationField 8000
ExperimentTime 606
Use735Domains False
AutoRangeEnabled False
NumberOfVertices 11
VertexPts
0
10
15
35
40
50
60
65
85
90
100
VertexField
15000
2000
500
-500
-2000
-15000
-2000
-500
500
2000
15000
StartAngle 0
EndAngle 0
AngleIncrement 0
StartTemp 0
FinishTemp 0
TempIncrement 0
TempPoints 0
LengthofSetPointsArray 101
SetPointArray
15000
13700
12400
11100
9800
8500
7200
5900
4600
3300
2000
1700
1400
1100
800
500
450
400
350
300
250
200
150
100
50
0
-50
-100
-150
-200
-250
-300
-350
-400
-450
-500
-800
-1100
-1400
-1700
-2000
-3300
-4600
-5900
-7200
-8500
-9800
-11100
-12400
-13700
-15000
-13700
-12400
-11100
-9800
-8500
-7200
-5900
-4600
-3300
-2000
-1700
-1400
-1100
-800
-500
-450
-400
-350
-300
-250
-200
-150
-100
-50
0
50
100
150
200
250
300
350
400
450
500
800
1100
1400
1700
2000
3300
4600
5900
7200
8500
9800
11100
12400
13700
15000
FieldDomainFile c:\Ideasvsm\Default UserID\Experiments\Jason_1p5T_cus\fdomain.ini
TempDomainFile c:\Ideasvsm\Default UserID\Experiments\Jason_1p5T_cus\tdomain.ini
NumSelectedResults 0
ResultsSelected 
UserName1 
UserValue1 
UserName2 
UserValue2 
LinearBackgroundCorrection Off
MaxLinearFieldCorrection 
MinLinearFieldCorrection 
AutoLinearCorrection Off
FitOneRegion Off
BackgroundMode Off
BackgroundFilename 
AutoCenter Off
OffsetCorrection 
SmoothDeriv Off
DerivOrder 0
DerivPoints 0
MinExFieldOne 
MaxExFieldOne 
MinExFieldTwo 
MaxExFieldTwo 
MinPinFieldOne 
MaxPinFieldOne 
MinPinFieldTwo 
MaxPinFieldTwo 
HCenterStart 
Mass 
Volume 
Density 
MolarWeight 
NumberOfMoles 
Demagnetization 
SampleArea 
Thickness 
MomentScaling 0
XAxis 0
YAxis 0
SimpleSpinValve False
HsatMax 0
HsatMin 0
FieldAutoRange True
 
*************************************************** Experiment Data ********************************************
 
DataPoints 101
MomentX Data
0.000234443
0.000268885
0.000281584
0.000282156
0.000288387
0.000288358
0.000288296
0.000285872
0.000285758
0.000294109
0.000295738
0.000292844
0.000293614
0.000289029
0.000291107
0.000285335
0.000283897
0.00028149
0.000281312
0.000277238
0.000272003
0.000267329
0.000258585
0.000250245
0.000240781
0.000230586
0.00021836
0.000206641
0.000193166
0.000181078
0.00017183
0.000166146
0.00016187
0.000157187
0.000156726
0.000154894
0.000150477
0.000129499
0.000129578
0.00012941
0.000128857
0.00013309
0.000123227
0.000125972
0.00013004
0.000124444
0.000126493
0.000134419
0.000139895
0.000154548
0.000185872
0.000150369
0.000138206
0.000135839
0.000135918
0.000131622
0.000131508
0.000130974
0.000131093
0.000126974
0.000123094
0.000130154
0.000130542
0.000131401
0.000133347
0.000133981
0.000137063
0.000140171
0.000141532
0.000145539
0.000150626
0.000158082
0.000162953
0.0001704
0.000180625
0.000191942
0.00020414
0.000217579
0.000227627
0.000243164
0.000251281
0.000257355
0.000262125
0.000266083
0.000266679
0.000269364
0.000272072
0.000292031
0.000293498
0.000293425
0.000295056
0.000289699
0.000283106
0.000289788
0.000281277
0.000294107
0.000294657
0.000286276
0.000284104
0.000271867
0.000239182
MomentY Data
-0.000122841
-0.000122356
-0.000119972
-0.000120862
-0.000122794
-0.000122182
-0.000120743
-0.000121228
-0.000124065
-0.000122126
-0.000123636
-0.000123429
-0.000124804
-0.000123
-0.000122976
-0.000123096
-0.000122738
-0.000122523
-0.000122499
-0.000123318
-0.000122245
-0.000123111
-0.000123668
-0.00012211
-0.000121403
-0.000123676
-0.000120966
-0.000121872
-0.000123994
-0.000123088
-0.000123064
-0.000122555
-0.000121458
-0.000125432
-0.000123994
-0.000124375
-0.000123533
-0.000123731
-0.000122778
-0.000124629
-0.000123707
-0.000122444
-0.000120902
-0.00012068
-0.000121435
-0.000121784
-0.0001206
-0.000121705
-0.000123167
-0.000120918
-0.000120632
-0.000124153
-0.000121848
-0.000119774
-0.000120481
-0.000120179
-0.000120815
-0.000121339
-0.000120298
-0.000119567
-0.000122388
-0.000122333
-0.000121117
-0.000122213
-0.000121784
-0.000122794
-0.000122118
-0.00012219
-0.000122221
-0.000121172
-0.000121029
-0.000121498
-0.000123207
-0.000123366
-0.000123898
-0.000123684
-0.000125877
-0.000123231
-0.000125782
-0.000125655
-0.000123175
-0.000124558
-0.000123278
-0.000123461
-0.000125138
-0.000124923
-0.00012482
-0.000125686
-0.000125194
-0.000125631
-0.000125106
-0.000122619
-0.000122738
-0.000120544
-0.000122476
-0.000123286
-0.000123588
-0.000123
-0.000121872
-0.000122507
-0.000122118
Field Data
15000
13700
12400
11100
9799.98
8499.96
7199.96
5899.97
4599.96
3299.94
1999.96
1699.98
1399.98
1099.98
799.98
499.979
449.989
399.993
349.992
299.993
249.994
199.995
149.992
99.995
49.9974
-0.0061777
-50.0037
-100.007
-150.007
-200.003
-250.006
-300.006
-350.007
-400.002
-450.002
-500.007
-800.012
-1100.02
-1400.01
-1700.02
-2000.02
-3300.04
-4600.05
-5900.07
-7200.07
-8500.05
-9800.04
-11100
-12400
-13700
-15000
-13700
-12400
-11100
-9799.98
-8499.96
-7199.96
-5899.97
-4599.97
-3299.98
-1999.96
-1699.98
-1399.98
-1099.98
-799.981
-499.979
-449.991
-399.992
-349.992
-299.993
-249.994
-199.993
-149.995
-99.9932
-49.993
0.00947556
50.006
100.007
150.005
200.008
250.005
300.007
350.007
400.001
450.006
500.004
800.01
1100.01
1400.02
1700.01
2000.02
3300.04
4600.05
5900.06
7200.08
8500.04
9800.02
11100
12400
13700
15000
Time Data
0
14.523
29.063
44.663
59.218
73.726
88.249
102.773
117.375
133.006
147.623
161.195
174.705
188.23
201.724
215.219
228.759
242.3
256.855
270.443
283.999
297.525
311.097
324.622
338.163
351.688
365.167
378.692
392.233
405.774
419.268
432.824
446.35
460.905
474.399
487.94
501.527
515.13
529.654
543.195
556.689
571.26
586.86
601.461
615.985
630.556
645.126
659.681
674.283
688.853
703.393
717.979
732.533
747.088
761.628
776.151
790.737
805.261
819.816
835.447
850.002
863.559
877.1
890.609
904.166
917.707
931.232
944.742
959.312
972.822
986.394
999.966
1013.52
1027.08
1040.63
1054.18
1068.73
1082.26
1095.81
1109.32
1122.86
1136.42
1149.94
1164.5
1178.03
1191.52
1206.07
1219.6
1233.14
1246.67
1260.18
1274.73
1290.35
1304.85
1319.42
1333.99
1348.58
1363.17
1377.71
1392.21
1406.74
Temperature Data
0
0
0
0
0
0
0
0
0
0
0
0
0
0
0
0
0
0
0
0
0
0
0
0
0
0
0
0
0
0
0
0
0
0
0
0
0
0
0
0
0
0
0
0
0
0
0
0
0
0
0
0
0
0
0
0
0
0
0
0
0
0
0
0
0
0
0
0
0
0
0
0
0
0
0
0
0
0
0
0
0
0
0
0
0
0
0
0
0
0
0
0
0
0
0
0
0
0
0
0
0
Angle Data
0
0
0
0
0
0
0
0
0
0
0
0
0
0
0
0
0
0
0
0
0
0
0
0
0
0
0
0
0
0
0
0
0
0
0
0
0
0
0
0
0
0
0
0
0
0
0
0
0
0
0
0
0
0
0
0
0
0
0
0
0
0
0
0
0
0
0
0
0
0
0
0
0
0
0
0
0
0
0
0
0
0
0
0
0
0
0
0
0
0
0
0
0
0
0
0
0
0
0
0
0
Bx Data
0
0
0
0
0
0
0
0
0
0
0
0
0
0
0
0
0
0
0
0
0
0
0
0
0
0
0
0
0
0
0
0
0
0
0
0
0
0
0
0
0
0
0
0
0
0
0
0
0
0
0
0
0
0
0
0
0
0
0
0
0
0
0
0
0
0
0
0
0
0
0
0
0
0
0
0
0
0
0
0
0
0
0
0
0
0
0
0
0
0
0
0
0
0
0
0
0
0
0
0
0
Hint Data
0
0
0
0
0
0
0
0
0
0
0
0
0
0
0
0
0
0
0
0
0
0
0
0
0
0
0
0
0
0
0
0
0
0
0
0
0
0
0
0
0
0
0
0
0
0
0
0
0
0
0
0
0
0
0
0
0
0
0
0
0
0
0
0
0
0
0
0
0
0
0
0
0
0
0
0
0
0
0
0
0
0
0
0
0
0
0
0
0
0
0
0
0
0
0
0
0
0
0
0
0
Torque Data
-1.842615
-1.6762772
-1.4876528
-1.3415682
-1.20337874412
-1.03854211272
-0.86934477028
-0.71524156316
-0.5706940374
-0.40300847244
-0.24726705456
-0.20982683142
-0.17472310392
-0.13529754
-0.09837834048
-0.061545414984
-0.055230749882
-0.049008342339
-0.042873670008
-0.036994536774
-0.03056051653
-0.024621584445
-0.018549210656
-0.01221038945
-0.0060698343522
7.640332252E-07
0.0060487475742
0.012188053104
0.018599967958
0.024617969264
0.030766738384
0.03676723533
0.042511150206
0.050173050864
0.055797547988
0.062188370625
0.098827882396
0.13610657462
0.17189042778
0.21187179258
0.24741647414
0.40407009776
0.5561552451
0.7120204476
0.87434050045
1.0351700892
1.181884824
1.3509255
1.5272708
1.6565766
1.80948
1.7008961
1.5109152
1.3294914
1.18071139038
1.02151669284
0.8698631674
0.71589645983
0.55336719106
0.39456870866
0.24477110448
0.20796365334
0.16956137766
0.13443185574
0.097424886104
0.061394421326
0.054952000938
0.04887502248
0.042776372232
0.036350751796
0.030256523826
0.024298749514
0.018480433965
0.0123357611112
0.006194032714
-1.17197516304E-06
-0.006294605262
-0.012323962617
-0.01886792891
-0.02513200524
-0.030794365875
-0.037368271906
-0.043148162946
-0.049384523461
-0.056312850828
-0.062461999692
-0.0998572482
-0.13825585686
-0.17527410388
-0.21357395631
-0.25021450212
-0.40464760476
-0.5646009369
-0.71121683264
-0.88183699808
-1.04793593144
-1.21116487176
-1.3653
-1.5112128
-1.6783459
-1.83177
dMdH Data
-2.64938461538462E-08
-9.76846153846151E-09
-4.40000000000006E-10
-4.79300318456638E-09
2.23073491176818E-11
4.76923076923081E-11
1.86462972792099E-09
8.76916331412882E-11
-6.42374732696422E-09
-1.25309620147999E-09
9.64730982065463E-09
-2.5666666666666E-09
1.52833333333333E-08
-6.92666666666659E-09
1.92399358668803E-08
2.87657531506298E-08
4.81438515081208E-08
3.55992880142473E-09
8.14816296325918E-08
1.04702094041881E-07
9.34818696373923E-08
1.74869507829531E-07
1.66810008600515E-07
1.89289085876122E-07
2.03885411183288E-07
2.44532117544553E-07
2.34364531940892E-07
0.0000002695
2.41779342347388E-07
1.84948903065816E-07
1.13680000000001E-07
8.55182896342072E-08
9.36693669366933E-08
9.22000000000043E-09
3.66363363663629E-08
1.47230879485343E-08
6.99248020052799E-08
-2.63342111403794E-10
5.59981333955588E-10
1.84333333333335E-09
-3.25610375224996E-09
7.58686471642524E-09
-2.11150597683112E-09
-3.12923076923077E-09
4.30468161048631E-09
-1.57616597050747E-09
-6.09711068032861E-09
-4.21230769230769E-09
-1.12715384615385E-08
-2.40953846153846E-08
-0.00000002731
-9.35615384615383E-09
-1.82076923076923E-09
6.07682958723689E-11
-3.30456454516085E-09
-8.76923076923124E-11
-4.10772390556834E-10
9.15384615384433E-11
-3.16848591143008E-09
-2.98456946816203E-09
2.35349023268218E-08
1.29333333333337E-09
2.86333333333333E-09
6.48668828896091E-09
2.1133192445384E-09
6.16547971513165E-08
6.21612432248642E-08
2.72200000000003E-08
8.01416028320564E-08
1.01742034840697E-07
1.49117017659647E-07
9.7423896955878E-08
1.48934638353019E-07
2.04499182003272E-07
2.26328794189805E-07
2.43976959131201E-07
2.6877462450751E-07
2.00968038721549E-07
3.10721356718597E-07
1.62349740984459E-07
1.2147514099436E-07
9.53999999999994E-08
7.91695003400415E-08
1.19188081191882E-08
5.37021480859232E-08
9.02648613694385E-09
0.00000006653
4.88983700543317E-09
-2.4334144471486E-10
5.43648545048493E-09
-4.12070583529484E-09
-5.07149945000423E-09
5.13996046184263E-09
-6.54682235657913E-09
9.86953444721373E-09
4.2308343205279E-10
-6.44702226188092E-09
-1.67076923076927E-09
-9.41307692307689E-09
-2.51423076923077E-08
-2.51423076923077E-08
dMdT Data
0
0
0
0
0
0
0
0
0
0
0
0
0
0
0
0
0
0
0
0
0
0
0
0
0
0
0
0
0
0
0
0
0
0
0
0
0
0
0
0
0
0
0
0
0
0
0
0
0
0
0
0
0
0
0
0
0
0
0
0
0
0
0
0
0
0
0
0
0
0
0
0
0
0
0
0
0
0
0
0
0
0
0
0
0
0
0
0
0
0
0
0
0
0
0
0
0
0
0
0
0
 
*********************************************** Results ***************************************
 
TotalArea 4.65294849470575E-04
AreaFirstQuad 2.07595389200101E-03
AreaSecondQuad -1.61065904253044E-03
AreaThirdQuad 0
AreaFourthQuad 0
Coercivity 0
PositiveCoercivity 0
NegativeCoercivity 0
Retentivity 1.93237020674868E-05
PositiveRetentivity 2.30587259542905E-04
NegativeRetentivity 1.91939855407931E-04
Magnetization 0.000295738
PositiveMagnetization 0.000295738
NegativeMagnetization 0.000123094
Flatness -10.9328718036323
Squareness 0.065340612526922
SStar 0
SFD1 0
SFD2 0
Slope 0
Intercept 0
SlopeAtHc -2.51423076923077E-08
dH1 0
dH2 400
InitialSlope -2.64938461538462E-08
FieldAtHalfMs 0
FieldAtMs 1999.96
MomentMean 2.10912841584158E-04
MomentRMS 6.68662414110039E-05
SFD3 0
dH3 0
UserField1 0
UserField2 0
CenterField 0
ExchangeField 0
ExchangeMoment 0
ExRegionOneIntercept 0
ExRegionOneSlope 0
ExRegionTwoIntercept 0
ExRegionTwoSlope 0
NegativeIntercept 0
NegativeSlope 0
AutoCenterOffset 0
PinningField 0
PinningMoment 0
PinRegionOneIntercept 0
PinRegionOneSlope 0
PinRegionTwoIntercept 0
PinRegionTwoSlope 0
PositiveIntercept 0
PositiveSlope 0
TotalOffset 0
BHMax 0
BCoercivity 0
BRetentivity 0
BNegativeCoercivity 0
BPositiveCoercivity 0
BNegativeRetentivity 0
BPositiveRetentivity 0
MomentYMean -1.22698742574257E-04
MomentYRMS 1.48981708711818E-06
YOffCorrection 0
Mrt 0
Ms1 0
Ms2 0
Ms3 0
Hc2 0
Hex2 0
HsatValue 0
HsatIntercept 0
HsatSlope 0
CenterH 0
Span .000172644
SpanAsPercentOfRange -11.5096
RMSAsPercentOfRange -4.45774942740026
SpanAsPercentOfMean 81.8556132966004
RMSAsPercentOfMean 31.7032575678058
