Version 1.25
******************************************** Units *******************************************
System CGS
TemperatureUnit K
MomentUnit emu
AppliedFieldUnit G
 
******************************************** Setup ********************************************
 
Experiment Hysteresis
Minor False
Acquisition PointByPoint
EditedPoint No
MaxField 500
FieldIncrement 16.6666666666667
Points 121
MinField 0
RampRate 500
AverageTime 3
TimeInterval 0
TimeConstant 0.3
TimeConstantIndex 1
Sensitivity -0.0013
SensitivityIndex 5
SensitivityY -4
SensitivityIndexY 0
SaturationField 8000
ExperimentTime 363
Use735Domains False
AutoRangeEnabled False
NumberOfVertices 3
VertexPts
0
60
120
VertexField
500
-500
500
StartAngle 0
EndAngle 0
AngleIncrement 0
StartTemp 0
FinishTemp 0
TempIncrement 0
TempPoints 0
LengthofSetPointsArray 121
SetPointArray
500
483.333333333333
466.666666666667
450
433.333333333333
416.666666666667
400
383.333333333333
366.666666666667
350
333.333333333333
316.666666666666
300
283.333333333333
266.666666666666
250
233.333333333333
216.666666666666
200
183.333333333333
166.666666666666
150
133.333333333333
116.666666666666
99.9999999999998
83.3333333333331
66.6666666666665
49.9999999999998
33.3333333333331
16.6666666666664
-2.20268248085631E-13
-16.6666666666669
-33.3333333333336
-50.0000000000002
-66.6666666666669
-83.3333333333336
-100
-116.666666666667
-133.333333333334
-150
-166.666666666667
-183.333333333334
-200
-216.666666666667
-233.333333333334
-250
-266.666666666667
-283.333333333334
-300
-316.666666666667
-333.333333333334
-350
-366.666666666667
-383.333333333334
-400
-416.666666666667
-433.333333333334
-450
-466.666666666667
-483.333333333334
-500
-483.333333333333
-466.666666666667
-450
-433.333333333333
-416.666666666667
-400
-383.333333333333
-366.666666666667
-350
-333.333333333333
-316.666666666666
-300
-283.333333333333
-266.666666666666
-250
-233.333333333333
-216.666666666666
-200
-183.333333333333
-166.666666666666
-150
-133.333333333333
-116.666666666666
-99.9999999999998
-83.3333333333331
-66.6666666666665
-49.9999999999998
-33.3333333333331
-16.6666666666664
2.20268248085631E-13
16.6666666666669
33.3333333333336
50.0000000000002
66.6666666666669
83.3333333333336
100
116.666666666667
133.333333333334
150
166.666666666667
183.333333333334
200
216.666666666667
233.333333333334
250
266.666666666667
283.333333333334
300
316.666666666667
333.333333333334
350
366.666666666667
383.333333333334
400
416.666666666667
433.333333333334
450
466.666666666667
483.333333333334
500
FieldDomainFile c:\Ideasvsm\Default UserID\Experiments\Jason_500G\fdomain.ini
TempDomainFile c:\Ideasvsm\Default UserID\Experiments\Jason_500G\tdomain.ini
NumSelectedResults 0
ResultsSelected 
UserName1 
UserValue1 
UserName2 
UserValue2 
LinearBackgroundCorrection Off
MaxLinearFieldCorrection 
MinLinearFieldCorrection 
AutoLinearCorrection Off
FitOneRegion Off
BackgroundMode Off
BackgroundFilename 
AutoCenter Off
OffsetCorrection 
SmoothDeriv Off
DerivOrder 0
DerivPoints 0
MinExFieldOne 
MaxExFieldOne 
MinExFieldTwo 
MaxExFieldTwo 
MinPinFieldOne 
MaxPinFieldOne 
MinPinFieldTwo 
MaxPinFieldTwo 
HCenterStart 
Mass 
Volume 
Density 
MolarWeight 
NumberOfMoles 
Demagnetization 
SampleArea 
Thickness 
MomentScaling 0
XAxis 0
YAxis 0
SimpleSpinValve False
HsatMax 0
HsatMin 0
FieldAutoRange False
 
*************************************************** Experiment Data ********************************************
 
DataPoints 121
MomentX Data
0.0000307016
0.0000306986
0.0000306958
0.0000299822
0.0000300135
0.0000318151
0.000030148
0.0000333285
0.0000340382
0.0000320006
0.0000330184
0.0000343248
0.0000354094
0.0000351822
0.0000346926
0.0000353479
0.0000346528
0.0000362278
0.000035705
0.0000349549
0.0000325209
0.000035606
0.0000342028
0.0000339706
0.000033957
0.0000325504
0.0000329114
0.0000318787
0.0000302061
0.0000257845
0.0000233014
0.0000180831
0.0000123254
0.00000663088
-0.00000277397
-0.0000175412
-0.0000400668
-0.0000660845
-0.0000888792
-0.000103489
-0.000110387
-0.000114407
-0.000117204
-0.000118424
-0.000118614
-0.000118043
-0.00011852
-0.000119019
-0.000119271
-0.000118526
-0.000119089
-0.000119012
-0.000116066
-0.000115593
-0.000115876
-0.000116923
-0.000116511
-0.000116084
-0.000115584
-0.00011516
-0.000113626
-0.000115162
-0.000114765
-0.000115963
-0.000115981
-0.000116613
-0.000116908
-0.000116276
-0.000115847
-0.000118632
-0.000118021
-0.000117767
-0.000117363
-0.000117146
-0.000119756
-0.000119588
-0.000117635
-0.00011705
-0.000117711
-0.000118943
-0.000117114
-0.000117667
-0.000118429
-0.000117163
-0.00011684
-0.000116538
-0.00011397
-0.00011318
-0.000111883
-0.000110603
-0.000106942
-0.000101129
-0.0000966686
-0.000088582
-0.0000830119
-0.0000697082
-0.0000497
-0.0000247469
0.00000015424
0.0000178278
0.0000289032
0.0000313942
0.0000360112
0.0000354805
0.0000370451
0.0000367753
0.0000372584
0.0000377521
0.0000386044
0.0000380268
0.0000377691
0.0000368285
0.0000370013
0.000037733
0.0000378757
0.000035433
0.0000359486
0.0000364173
0.0000342226
0.0000354862
0.0000352901
MomentY Data
-0.000119225
-0.000115999
-0.000116952
-0.000117779
-0.000118081
-0.000116587
-0.000119607
-0.000116857
-0.000118574
-0.000116285
-0.000120401
-0.000119861
-0.000119305
-0.000118971
-0.000117874
-0.000116905
-0.000117683
-0.000116857
-0.000117222
-0.000117032
-0.000119257
-0.000116857
-0.000117874
-0.000116714
-0.00011541
-0.000116396
-0.000116793
-0.000118144
-0.000117286
-0.000116698
-0.000119241
-0.000118478
-0.000119654
-0.000117683
-0.000117
-0.000117779
-0.000116936
-0.000115267
-0.000115426
-0.000115522
-0.000116078
-0.000118176
-0.000119019
-0.000117668
-0.000116714
-0.000117826
-0.000117636
-0.000118637
-0.00011824
-0.000117731
-0.000117699
-0.000117
-0.000117413
-0.000119591
-0.000120195
-0.000118462
-0.000118653
-0.000119082
-0.000118987
-0.000118876
-0.000118192
-0.000118637
-0.00011878
-0.000119829
-0.000117334
-0.00011967
-0.000118383
-0.000118287
-0.000118685
-0.000118732
-0.000119321
-0.000118605
-0.000116396
-0.000118844
-0.00011967
-0.000118399
-0.000117954
-0.000120306
-0.000119448
-0.000117985
-0.000120338
-0.000118796
-0.000120513
-0.000120449
-0.000123835
-0.00012091
-0.000119495
-0.000119066
-0.000118399
-0.000118987
-0.000118717
-0.000118605
-0.000116714
-0.000117207
-0.000116523
-0.000118732
-0.000118335
-0.00011692
-0.000118748
-0.000117095
-0.000115856
-0.000118128
-0.000116857
-0.000117652
-0.000119591
-0.000119813
-0.000119448
-0.000119336
-0.000118001
-0.00011878
-0.000120401
-0.000118415
-0.000117556
-0.000117906
-0.000119813
-0.000121005
-0.000119623
-0.000120449
-0.000118939
-0.000118478
-0.000118939
Field Data
499.998
483.33
466.665
449.994
433.33
416.661
399.992
383.345
366.672
350
333.327
316.668
299.997
283.325
266.668
249.99
233.326
216.656
199.993
183.322
166.664
149.99
133.312
116.665
99.993
83.3552
66.6571
49.9982
33.3306
16.663
0.00768374
-16.6679
-33.3363
-49.998
-66.663
-83.3252
-99.9991
-116.675
-133.332
-150.01
-166.675
-183.341
-200.014
-216.663
-233.347
-250.002
-266.661
-283.331
-300
-316.678
-333.335
-350.001
-366.672
-383.345
-400.009
-416.667
-433.322
-450.009
-466.668
-483.35
-500.004
-483.336
-466.683
-450
-433.342
-416.667
-400
-383.348
-366.676
-350.002
-333.338
-316.682
-300.008
-283.337
-266.654
-250.007
-233.337
-216.676
-200.008
-183.344
-166.669
-150.008
-133.351
-116.67
-100.011
-83.3521
-66.6684
-50.0027
-33.335
-16.6794
0.00167899
16.6649
33.3225
49.983
66.6863
83.3248
99.977
116.657
133.326
149.996
166.666
183.335
199.996
216.667
233.339
250.002
266.661
283.334
300.002
316.665
333.325
350.009
366.658
383.327
399.991
416.661
433.326
449.999
466.664
483.334
500.001
Time Data
0
10.39
20.748
31.154
41.528
51.886
62.26
72.619
82.993
93.351
103.741
114.162
124.52
134.91
145.346
155.736
166.126
176.515
186.858
197.263
207.653
218.027
228.417
238.76
249.181
259.555
269.913
280.303
290.661
301.051
311.456
321.83
332.251
342.656
353.015
363.389
373.763
384.153
394.527
404.87
415.275
425.633
435.992
446.428
456.802
467.176
477.519
487.909
498.283
508.657
519
529.374
539.748
550.138
560.527
570.901
581.291
591.65
602.008
612.382
622.756
633.146
643.52
653.878
664.284
674.626
685.032
695.406
705.78
716.185
726.575
736.933
747.354
757.697
768.133
778.523
788.882
799.24
809.645
820.019
830.393
840.768
851.157
861.547
871.921
882.311
892.685
903.074
913.464
923.838
934.228
944.602
954.96
965.334
975.693
986.067
996.472
1006.83
1017.25
1027.64
1038.03
1048.4
1058.76
1069.17
1079.53
1089.9
1100.27
1110.65
1121.04
1131.43
1141.82
1152.18
1162.57
1172.94
1183.35
1193.7
1204.12
1214.47
1224.87
1235.29
1245.65
Temperature Data
0
0
0
0
0
0
0
0
0
0
0
0
0
0
0
0
0
0
0
0
0
0
0
0
0
0
0
0
0
0
0
0
0
0
0
0
0
0
0
0
0
0
0
0
0
0
0
0
0
0
0
0
0
0
0
0
0
0
0
0
0
0
0
0
0
0
0
0
0
0
0
0
0
0
0
0
0
0
0
0
0
0
0
0
0
0
0
0
0
0
0
0
0
0
0
0
0
0
0
0
0
0
0
0
0
0
0
0
0
0
0
0
0
0
0
0
0
0
0
0
0
Angle Data
0
0
0
0
0
0
0
0
0
0
0
0
0
0
0
0
0
0
0
0
0
0
0
0
0
0
0
0
0
0
0
0
0
0
0
0
0
0
0
0
0
0
0
0
0
0
0
0
0
0
0
0
0
0
0
0
0
0
0
0
0
0
0
0
0
0
0
0
0
0
0
0
0
0
0
0
0
0
0
0
0
0
0
0
0
0
0
0
0
0
0
0
0
0
0
0
0
0
0
0
0
0
0
0
0
0
0
0
0
0
0
0
0
0
0
0
0
0
0
0
0
Bx Data
0
0
0
0
0
0
0
0
0
0
0
0
0
0
0
0
0
0
0
0
0
0
0
0
0
0
0
0
0
0
0
0
0
0
0
0
0
0
0
0
0
0
0
0
0
0
0
0
0
0
0
0
0
0
0
0
0
0
0
0
0
0
0
0
0
0
0
0
0
0
0
0
0
0
0
0
0
0
0
0
0
0
0
0
0
0
0
0
0
0
0
0
0
0
0
0
0
0
0
0
0
0
0
0
0
0
0
0
0
0
0
0
0
0
0
0
0
0
0
0
0
Hint Data
0
0
0
0
0
0
0
0
0
0
0
0
0
0
0
0
0
0
0
0
0
0
0
0
0
0
0
0
0
0
0
0
0
0
0
0
0
0
0
0
0
0
0
0
0
0
0
0
0
0
0
0
0
0
0
0
0
0
0
0
0
0
0
0
0
0
0
0
0
0
0
0
0
0
0
0
0
0
0
0
0
0
0
0
0
0
0
0
0
0
0
0
0
0
0
0
0
0
0
0
0
0
0
0
0
0
0
0
0
0
0
0
0
0
0
0
0
0
0
0
0
Torque Data
-0.05961226155
-0.05606579667
-0.05457740508
-0.052999843326
-0.05116803973
-0.048577256007
-0.047841843144
-0.044796546665
-0.043477765728
-0.04069975
-0.040132904127
-0.037956143148
-0.035791142085
-0.033707458575
-0.031433223832
-0.02922508095
-0.027458503658
-0.025317770192
-0.023443579446
-0.021454540304
-0.019875848648
-0.01752738143
-0.015714018688
-0.01361643881
-0.01154019213
-0.0097022118592
-0.0077850826803
-0.0059069873408
-0.0039092127516
-0.001944538774
-9.1621684134E-07
0.0019747794562
0.0039888216402
0.005883914634
0.007799571
0.0098139587308
0.0116934947576
0.013448777225
0.015389979432
0.01732945522
0.01934730065
0.021666506016
0.023805466266
0.025494301884
0.027234861758
0.029456735652
0.031368933396
0.033613539847
0.035472
0.037282817618
0.039233196165
0.040950117
0.043052059536
0.045844611895
0.048079081755
0.049359206154
0.051414955266
0.053587971738
0.055527425316
0.0574587146
0.059096472768
0.057341533032
0.05543260674
0.05392305
0.050845750228
0.04986253989
0.0473532
0.045345084876
0.04351894106
0.041556437464
0.039774223498
0.03756006861
0.034919731168
0.033672902428
0.03191048418
0.029600578793
0.027523032498
0.026067422856
0.023890555584
0.02163184184
0.020056614122
0.017820350368
0.016070529063
0.01405278483
0.012384862185
0.010078102411
0.007966540458
0.0059536214782
0.003946830665
0.0019846317678
-1.9932465583E-07
-0.0019765404645
-0.003889202265
-0.005858357481
-0.0077704877349
-0.0098933201536
-0.011830778295
-0.01363953644
-0.015832195848
-0.01756378162
-0.019309256096
-0.02165699688
-0.023370932572
-0.025491305884
-0.027905244349
-0.029953489626
-0.031852123128
-0.033811946224
-0.035400536002
-0.0376134687
-0.040132663325
-0.041446315735
-0.043102847848
-0.045196553262
-0.047924121683
-0.050418064305
-0.051835756098
-0.054201929551
-0.055504549496
-0.057264445652
-0.059469618939
dMdH Data
1.79985601151896E-10
1.6801680168013E-10
4.28048707336092E-08
-1.87830052808454E-09
-1.08080868678385E-07
1.00011998320235E-07
-1.91055445425602E-07
-4.25658249865054E-08
1.2221689059501E-07
-6.10448029748697E-08
-7.84200732336874E-08
-6.50590846379941E-08
1.36276391554704E-08
2.93930479678211E-08
-3.92912819282888E-08
4.17126740278444E-08
-9.44811037792441E-08
3.13749024785453E-08
4.49943014816147E-08
1.46115980309761E-07
-1.8502458918076E-07
8.41347883439262E-08
1.39484591818342E-08
8.15738963531832E-10
8.45424274844031E-08
-2.16192261395008E-08
6.19908877536933E-08
1.00350380378699E-07
2.65281144255922E-07
1.49087532247196E-07
3.12930574507133E-07
3.45426075688128E-07
3.41773048368414E-07
5.64347434743474E-07
8.86271320713952E-07
1.35094968783548E-06
1.56019765050162E-06
1.36847571591523E-06
8.75992325218851E-07
4.13921392139213E-07
2.41209648385936E-07
1.67756252624002E-07
7.32776743347952E-08
1.13881563174297E-08
-3.42839987991597E-08
2.86331712587792E-08
2.99340131973603E-08
1.51178834963112E-08
-4.46696246552349E-08
3.37996037701868E-08
-4.62018480739186E-09
-1.7671405434587E-07
-2.83692196965149E-08
1.69827172347574E-08
6.28526833953661E-08
-2.47373161212854E-08
-2.55887816863427E-08
-3.00138063509214E-08
-2.5416616712624E-08
-9.21100036027383E-08
-9.21526277897772E-08
2.38395484297125E-08
-7.18096265659652E-08
-1.08056189218386E-09
-3.79010494752626E-08
-1.76996460070797E-08
3.79533989911124E-08
2.57317658349323E-08
-1.67026508336332E-07
3.66658665386461E-08
1.52497598463017E-08
2.42293390908003E-08
1.30166156799225E-08
-1.56446682251393E-07
1.00919084519735E-08
1.17156568686263E-07
3.51119380589398E-08
-3.96568274538037E-08
-7.3931829092655E-08
1.09685157421289E-07
-3.31912850369121E-08
-4.57465329891339E-08
7.58947305317426E-08
1.93889189026954E-08
1.81284478567011E-08
1.53922691009789E-07
4.74027493594627E-08
7.78151754591214E-08
7.68510290833114E-08
2.19470215457568E-07
3.48852121478283E-07
2.67769666698684E-07
4.85375588967918E-07
3.33473026288218E-07
7.99573278841242E-07
1.20153493232125E-06
1.49598920863309E-06
1.49385925970364E-06
1.06020155968806E-06
6.64391121775646E-07
1.49439078529006E-07
2.77114218834404E-07
-3.18337232319596E-08
9.38459692898274E-08
-1.61915621436717E-08
2.89993396962604E-08
2.96107479157919E-08
5.11339092872569E-08
-3.46636259977194E-08
-1.54681872749102E-08
-5.63773675377604E-08
1.03790017418463E-08
4.38958545803587E-08
8.56337013922235E-09
-1.46532693461308E-07
3.09390939093908E-08
2.81113176992745E-08
-1.31695169516952E-07
7.58008398320335E-08
-1.17657646847061E-08
-1.17657646847061E-08
dMdT Data
0
0
0
0
0
0
0
0
0
0
0
0
0
0
0
0
0
0
0
0
0
0
0
0
0
0
0
0
0
0
0
0
0
0
0
0
0
0
0
0
0
0
0
0
0
0
0
0
0
0
0
0
0
0
0
0
0
0
0
0
0
0
0
0
0
0
0
0
0
0
0
0
0
0
0
0
0
0
0
0
0
0
0
0
0
0
0
0
0
0
0
0
0
0
0
0
0
0
0
0
0
0
0
0
0
0
0
0
0
0
0
0
0
0
0
0
0
0
0
0
0
 
*********************************************** Results ***************************************
 
TotalArea 0.026711890308768
AreaFirstQuad 3.75379001553507E-03
AreaSecondQuad 7.29076363638888E-04
AreaThirdQuad 1.29846961134778E-02
AreaFourthQuad 9.24432781611629E-03
Coercivity 97.4851960390259
PositiveCoercivity 133.222750648364
NegativeCoercivity -61.7476414296879
Retentivity 6.51206820055622E-05
PositiveRetentivity 2.32989955228274E-05
NegativeRetentivity -1.06942368488297E-04
Magnetization 0.0000791802
PositiveMagnetization 0.0000386044
NegativeMagnetization -0.000119756
Flatness 1.13039198559369
Squareness 0.822436442514192
SStar -0.183678380909908
SFD1 -4.35351374152379
SFD2 0.854883647837539
Slope 0
Intercept 0
SlopeAtHc 5.64347434743474E-07
dH1 521.888336590066
dH2 83.3385
InitialSlope 1.79985601151896E-10
FieldAtHalfMs 0
FieldAtMs 300.002
MomentMean -4.09063681818182E-05
MomentRMS 7.17684001854612E-05
SFD3 -3.94237377660042
dH3 481.808276510033
UserField1 0
UserField2 0
CenterField 0
ExchangeField 0
ExchangeMoment 0
ExRegionOneIntercept 0
ExRegionOneSlope 0
ExRegionTwoIntercept 0
ExRegionTwoSlope 0
NegativeIntercept 0
NegativeSlope 0
AutoCenterOffset 0
PinningField 0
PinningMoment 0
PinRegionOneIntercept 0
PinRegionOneSlope 0
PinRegionTwoIntercept 0
PinRegionTwoSlope 0
PositiveIntercept 0
PositiveSlope 0
TotalOffset 0
BHMax 0
BCoercivity 0
BRetentivity 0
BNegativeCoercivity 0
BPositiveCoercivity 0
BNegativeRetentivity 0
BPositiveRetentivity 0
MomentYMean -1.18289107438016E-04
MomentYRMS 1.38404186955967E-06
YOffCorrection 0
Mrt 0
Ms1 0
Ms2 0
Ms3 0
Hc2 0
Hex2 0
HsatValue 0
HsatIntercept 0
HsatSlope 0
CenterH 0
Span .0001583604
SpanAsPercentOfRange -12.1815692307692
RMSAsPercentOfRange -5.5206461681124
SpanAsPercentOfMean -387.128965583376
RMSAsPercentOfMean -175.445543995667
