Version 1.25
******************************************** Units *******************************************
System CGS
TemperatureUnit K
MomentUnit emu
AppliedFieldUnit G
 
******************************************** Setup ********************************************
 
Experiment Hysteresis
Minor False
Acquisition PointByPoint
EditedPoint No
MaxField 500
FieldIncrement 16.6666666666667
Points 121
MinField 0
RampRate 500
AverageTime 3
TimeInterval 0
TimeConstant 0.3
TimeConstantIndex 1
Sensitivity -0.0013
SensitivityIndex 5
SensitivityY -4
SensitivityIndexY 0
SaturationField 8000
ExperimentTime 363
Use735Domains False
AutoRangeEnabled False
NumberOfVertices 3
VertexPts
0
60
120
VertexField
500
-500
500
StartAngle 0
EndAngle 0
AngleIncrement 0
StartTemp 0
FinishTemp 0
TempIncrement 0
TempPoints 0
LengthofSetPointsArray 121
SetPointArray
500
483.333333333333
466.666666666667
450
433.333333333333
416.666666666667
400
383.333333333333
366.666666666667
350
333.333333333333
316.666666666666
300
283.333333333333
266.666666666666
250
233.333333333333
216.666666666666
200
183.333333333333
166.666666666666
150
133.333333333333
116.666666666666
99.9999999999998
83.3333333333331
66.6666666666665
49.9999999999998
33.3333333333331
16.6666666666664
-2.20268248085631E-13
-16.6666666666669
-33.3333333333336
-50.0000000000002
-66.6666666666669
-83.3333333333336
-100
-116.666666666667
-133.333333333334
-150
-166.666666666667
-183.333333333334
-200
-216.666666666667
-233.333333333334
-250
-266.666666666667
-283.333333333334
-300
-316.666666666667
-333.333333333334
-350
-366.666666666667
-383.333333333334
-400
-416.666666666667
-433.333333333334
-450
-466.666666666667
-483.333333333334
-500
-483.333333333333
-466.666666666667
-450
-433.333333333333
-416.666666666667
-400
-383.333333333333
-366.666666666667
-350
-333.333333333333
-316.666666666666
-300
-283.333333333333
-266.666666666666
-250
-233.333333333333
-216.666666666666
-200
-183.333333333333
-166.666666666666
-150
-133.333333333333
-116.666666666666
-99.9999999999998
-83.3333333333331
-66.6666666666665
-49.9999999999998
-33.3333333333331
-16.6666666666664
2.20268248085631E-13
16.6666666666669
33.3333333333336
50.0000000000002
66.6666666666669
83.3333333333336
100
116.666666666667
133.333333333334
150
166.666666666667
183.333333333334
200
216.666666666667
233.333333333334
250
266.666666666667
283.333333333334
300
316.666666666667
333.333333333334
350
366.666666666667
383.333333333334
400
416.666666666667
433.333333333334
450
466.666666666667
483.333333333334
500
FieldDomainFile c:\Ideasvsm\Default UserID\Experiments\Jason_500G\fdomain.ini
TempDomainFile c:\Ideasvsm\Default UserID\Experiments\Jason_500G\tdomain.ini
NumSelectedResults 0
ResultsSelected 
UserName1 
UserValue1 
UserName2 
UserValue2 
LinearBackgroundCorrection Off
MaxLinearFieldCorrection 
MinLinearFieldCorrection 
AutoLinearCorrection Off
FitOneRegion Off
BackgroundMode Off
BackgroundFilename 
AutoCenter Off
OffsetCorrection 
SmoothDeriv Off
DerivOrder 0
DerivPoints 0
MinExFieldOne 
MaxExFieldOne 
MinExFieldTwo 
MaxExFieldTwo 
MinPinFieldOne 
MaxPinFieldOne 
MinPinFieldTwo 
MaxPinFieldTwo 
HCenterStart 
Mass 
Volume 
Density 
MolarWeight 
NumberOfMoles 
Demagnetization 
SampleArea 
Thickness 
MomentScaling 0
XAxis 0
YAxis 0
SimpleSpinValve False
HsatMax 0
HsatMin 0
FieldAutoRange False
 
*************************************************** Experiment Data ********************************************
 
DataPoints 121
MomentX Data
0.0000447781
0.0000469097
0.000048469
0.0000488041
0.0000486816
0.0000490956
0.0000500565
0.000049034
0.0000487256
0.0000468624
0.0000497111
0.0000494749
0.0000504795
0.0000492428
0.0000487076
0.0000493615
0.0000494162
0.0000502599
0.0000501777
0.0000495348
0.0000494288
0.0000502249
0.0000491018
0.0000491901
0.0000482175
0.0000474701
0.000046159
0.0000442867
0.0000425503
0.0000395192
0.0000352305
0.0000315538
0.0000242389
0.0000169623
0.0000082603
-0.00000737687
-0.0000313819
-0.0000609387
-0.0000857502
-0.000100006
-0.000106352
-0.000112018
-0.00011472
-0.000116093
-0.000115922
-0.000116251
-0.000116552
-0.000116435
-0.000117609
-0.00011604
-0.000116568
-0.000115826
-0.000115122
-0.000115234
-0.000116859
-0.000114204
-0.000116168
-0.000114754
-0.000115175
-0.000113657
-0.000113146
-0.000113169
-0.000113617
-0.000112235
-0.000114704
-0.000114821
-0.000115352
-0.000114
-0.000114723
-0.000116287
-0.000114354
-0.000114753
-0.000114764
-0.000113905
-0.000114908
-0.000114981
-0.000114723
-0.000113776
-0.000115683
-0.000116404
-0.000114865
-0.000113415
-0.000111323
-0.000115025
-0.000111127
-0.0001124
-0.00011
-0.000107561
-0.000107505
-0.000103966
-0.000100542
-0.0000942678
-0.0000894041
-0.0000837251
-0.0000750131
-0.0000594286
-0.0000404407
-0.0000104684
0.0000160603
0.0000341633
0.0000440023
0.0000493561
0.0000509179
0.0000547346
0.0000565534
0.0000567577
0.0000548709
0.00005742
0.0000571774
0.0000561679
0.0000570843
0.0000562403
0.0000567659
0.0000559355
0.0000562022
0.0000560724
0.0000554448
0.0000578419
0.000056951
0.0000570362
0.0000569654
MomentY Data
-0.000119527
-0.00011913
-0.000119352
-0.000118732
-0.000117445
-0.000120131
-0.000121673
-0.000118224
-0.000120306
-0.000120115
-0.000118303
-0.000117795
-0.00012029
-0.000119909
-0.000120052
-0.000117906
-0.000120417
-0.000119336
-0.000121578
-0.000120417
-0.000120465
-0.000119432
-0.00012056
-0.000121689
-0.000120894
-0.000119479
-0.000120433
-0.000119638
-0.000121133
-0.000122023
-0.000121339
-0.000120163
-0.000122023
-0.00012056
-0.000118287
-0.000118478
-0.000118955
-0.000119495
-0.000119543
-0.000119019
-0.000119511
-0.000120608
-0.00011994
-0.000117636
-0.000118081
-0.000119575
-0.000119336
-0.00011692
-0.000118589
-0.000118669
-0.000118574
-0.000119909
-0.000117858
-0.000120052
-0.000118367
-0.000118065
-0.000117699
-0.00011789
-0.000118685
-0.000119559
-0.000118574
-0.000119527
-0.00011797
-0.000117366
-0.000118399
-0.000120258
-0.000117811
-0.000115824
-0.000117509
-0.000116126
-0.000117159
-0.000117064
-0.000121228
-0.000120687
-0.000118383
-0.000119559
-0.00011789
-0.000117127
-0.00011762
-0.000115871
-0.000117397
-0.000117032
-0.00011851
-0.000119178
-0.000119623
-0.000119416
-0.000120115
-0.000119988
-0.000120989
-0.000118876
-0.000118685
-0.000118748
-0.000121466
-0.000119352
-0.000118367
-0.000119543
-0.000120687
-0.000120465
-0.000123135
-0.000120989
-0.000120433
-0.000121768
-0.000120703
-0.000120433
-0.000118955
-0.000120799
-0.000120942
-0.000122182
-0.00011967
-0.000120608
-0.000121371
-0.000121848
-0.000122007
-0.000119623
-0.000120703
-0.000120735
-0.000119893
-0.000120576
-0.000121339
-0.000119225
-0.000119988
Field Data
500.005
483.319
466.663
449.994
433.336
416.648
399.999
383.335
366.662
349.993
333.326
316.67
299.985
283.332
266.661
249.994
233.324
216.658
199.985
183.313
166.666
149.993
133.328
116.66
99.9988
83.3212
66.6681
49.9826
33.3199
16.6675
0.00143129
-16.6701
-33.3323
-50.0097
-66.6557
-83.3367
-99.9966
-116.67
-133.341
-149.994
-166.668
-183.336
-200.005
-216.683
-233.338
-250.003
-266.66
-283.342
-300.009
-316.673
-333.344
-350.001
-366.663
-383.332
-399.996
-416.688
-433.343
-450.004
-466.674
-483.338
-500
-483.345
-466.672
-450.005
-433.337
-416.67
-400.001
-383.332
-366.663
-350.014
-333.348
-316.67
-300
-283.33
-266.671
-250.009
-233.329
-216.675
-200.002
-183.342
-166.669
-149.997
-133.338
-116.666
-100.005
-83.3377
-66.6759
-50.008
-33.3423
-16.6701
-0.000319856
16.6614
33.3379
50.0135
66.6675
83.3565
100
116.664
133.336
150.001
166.653
183.338
199.99
216.655
233.317
249.992
266.67
283.342
300.004
316.665
333.328
350.012
366.667
383.315
399.997
416.66
433.333
449.997
466.657
483.339
500.005
Time Data
0
10.374
20.748
31.122
41.465
51.855
62.244
72.618
82.977
93.382
103.725
114.115
124.489
134.847
145.252
155.627
166.032
176.406
186.764
197.154
207.512
217.855
228.261
238.603
249.009
259.383
269.741
280.147
290.505
300.863
311.238
321.612
332.017
342.391
352.765
363.17
373.544
383.903
394.277
404.635
414.994
425.383
435.742
446.116
456.506
466.849
477.254
487.628
498.002
508.454
518.828
529.218
539.592
549.95
560.356
570.761
581.15
591.525
601.883
612.257
622.616
632.974
643.395
653.753
664.143
674.533
684.907
695.281
705.639
716.029
726.419
736.777
747.182
757.556
767.915
778.289
788.663
799.037
809.442
819.832
830.222
840.596
850.954
861.359
871.718
882.108
892.497
902.871
913.261
923.635
934.009
944.383
954.757
965.162
975.537
985.911
996.3
1006.69
1017.08
1027.47
1037.83
1048.23
1058.61
1069.01
1079.35
1089.74
1100.13
1110.48
1120.87
1131.27
1141.66
1152.05
1162.44
1172.8
1183.17
1193.56
1203.94
1214.34
1224.7
1235.11
1245.48
Temperature Data
0
0
0
0
0
0
0
0
0
0
0
0
0
0
0
0
0
0
0
0
0
0
0
0
0
0
0
0
0
0
0
0
0
0
0
0
0
0
0
0
0
0
0
0
0
0
0
0
0
0
0
0
0
0
0
0
0
0
0
0
0
0
0
0
0
0
0
0
0
0
0
0
0
0
0
0
0
0
0
0
0
0
0
0
0
0
0
0
0
0
0
0
0
0
0
0
0
0
0
0
0
0
0
0
0
0
0
0
0
0
0
0
0
0
0
0
0
0
0
0
0
Angle Data
0
0
0
0
0
0
0
0
0
0
0
0
0
0
0
0
0
0
0
0
0
0
0
0
0
0
0
0
0
0
0
0
0
0
0
0
0
0
0
0
0
0
0
0
0
0
0
0
0
0
0
0
0
0
0
0
0
0
0
0
0
0
0
0
0
0
0
0
0
0
0
0
0
0
0
0
0
0
0
0
0
0
0
0
0
0
0
0
0
0
0
0
0
0
0
0
0
0
0
0
0
0
0
0
0
0
0
0
0
0
0
0
0
0
0
0
0
0
0
0
0
Bx Data
0
0
0
0
0
0
0
0
0
0
0
0
0
0
0
0
0
0
0
0
0
0
0
0
0
0
0
0
0
0
0
0
0
0
0
0
0
0
0
0
0
0
0
0
0
0
0
0
0
0
0
0
0
0
0
0
0
0
0
0
0
0
0
0
0
0
0
0
0
0
0
0
0
0
0
0
0
0
0
0
0
0
0
0
0
0
0
0
0
0
0
0
0
0
0
0
0
0
0
0
0
0
0
0
0
0
0
0
0
0
0
0
0
0
0
0
0
0
0
0
0
Hint Data
0
0
0
0
0
0
0
0
0
0
0
0
0
0
0
0
0
0
0
0
0
0
0
0
0
0
0
0
0
0
0
0
0
0
0
0
0
0
0
0
0
0
0
0
0
0
0
0
0
0
0
0
0
0
0
0
0
0
0
0
0
0
0
0
0
0
0
0
0
0
0
0
0
0
0
0
0
0
0
0
0
0
0
0
0
0
0
0
0
0
0
0
0
0
0
0
0
0
0
0
0
0
0
0
0
0
0
0
0
0
0
0
0
0
0
0
0
0
0
0
0
Torque Data
-0.059764097635
-0.05757779247
-0.055697162376
-0.053428687608
-0.05089314652
-0.050052340888
-0.048669078327
-0.04531939704
-0.044111638572
-0.042039409195
-0.039433465778
-0.03730214265
-0.03608519565
-0.033974056788
-0.032013186372
-0.029475792564
-0.028096176108
-0.025855099088
-0.02431377633
-0.022074001521
-0.02007741969
-0.017913963976
-0.01607402368
-0.01419623874
-0.0120892549272
-0.0099551336548
-0.0080290392873
-0.0059798182988
-0.0040361394467
-0.0020338183525
-1.7367129731E-07
0.0020031292263
0.0040673072429
0.006029169432
0.0078845027859
0.0098735655426
0.011895095553
0.01394148165
0.015939983163
0.017852135886
0.019918659348
0.022111788288
0.0239885997
0.025489721388
0.027552784378
0.029894108725
0.03182213776
0.03312834664
0.035577767301
0.037579268237
0.039525931456
0.041968269909
0.043214167854
0.046019773264
0.047346326532
0.04919626872
0.051004037757
0.05305097156
0.05538720369
0.057787407942
0.059287
0.057772777815
0.05505329584
0.05281528683
0.051306667463
0.05010790086
0.047124517811
0.044399045568
0.043086202467
0.040645725764
0.039054718332
0.03707065688
0.0363684
0.03419424771
0.031569312993
0.029890826031
0.02750715581
0.025378492725
0.02352423524
0.021244020882
0.019566440593
0.017554448904
0.01580188638
0.013904020548
0.011962898115
0.0099518547832
0.0080087757285
0.006000359904
0.0040340515347
0.0019816748076
3.796210936E-08
-0.0019785079272
-0.0040494213614
-0.005969211252
-0.0078912319725
-0.0099646860795
-0.0120687
-0.01405392876
-0.01641832836
-0.018148470989
-0.020070520749
-0.022324701584
-0.02413939297
-0.026092411615
-0.027754223735
-0.030198783608
-0.03225160314
-0.034619292244
-0.03590147868
-0.03819233232
-0.040456352688
-0.042648262176
-0.044735940669
-0.045853290245
-0.048280837891
-0.0503054451
-0.051953593369
-0.054258838272
-0.056623693723
-0.057626092275
-0.05999459994
dMdH Data
-1.27747812537457E-07
-9.3617915465898E-08
-2.01031855540226E-08
7.35382398847426E-09
-2.48082454458293E-08
-5.77151780887741E-08
6.13598175708111E-08
1.84969711509625E-08
1.11776351310817E-07
-1.70918581628368E-07
1.41810758885684E-08
-6.02097692538204E-08
7.42628955743706E-08
3.2103653050207E-08
-3.92332153356931E-08
-3.28134373125404E-09
-5.06240249609984E-08
4.93012655191052E-09
3.8561660268714E-08
6.36751366612615E-09
-4.77478558147906E-08
6.73927392739276E-08
-5.29757619390472E-09
5.83751470482321E-08
4.48146016213364E-08
7.87300862902399E-08
1.12211201342483E-07
1.04208801694803E-07
1.82021810669933E-07
2.57331232375556E-07
2.20537630049939E-07
4.39011655123573E-07
4.36315013131543E-07
5.22768232608435E-07
9.37424015346802E-07
1.44088680004082E-06
1.77269183249967E-06
1.48830304120928E-06
8.56049960967995E-07
3.80592539282715E-07
3.3993280537557E-07
1.62097306377108E-07
8.23240196666268E-08
-1.02671870309214E-08
1.97419741974191E-08
1.80704808789103E-08
-7.01354753626659E-09
7.04385912281753E-08
-9.41550648103704E-08
3.16717653410117E-08
-4.45458365852195E-08
-4.22518305125433E-08
6.71905933169367E-09
9.75156024963994E-08
-1.59058231488138E-07
1.17922545782047E-07
-8.48688554108395E-08
2.52549490101973E-08
-9.10945751320206E-08
-3.0668587204417E-08
-1.38096667667345E-09
-2.6869789479998E-08
8.29183416331677E-08
-1.4812814974802E-07
-7.0198596028079E-09
-3.18555402243684E-08
8.11086447897293E-08
-4.3373927650129E-08
-9.39395759505076E-08
1.15984639385576E-07
-2.39237318623341E-08
-6.59868026394541E-10
5.15296940611877E-08
-6.02076955399486E-08
-4.38122674348802E-09
1.54676258992804E-08
5.68632160441938E-08
-1.14376536915972E-07
-4.32773109243703E-08
9.2304924128831E-08
8.69721689059506E-08
1.25577765772255E-07
-2.22048944337812E-07
2.33959546245724E-07
-7.63770976702885E-08
1.44042060281602E-07
1.46329171641299E-07
3.36019489130374E-09
2.12269526517196E-07
2.05401629200995E-07
3.76563767379669E-07
2.9164992654334E-07
3.40557461200796E-07
5.23117569352708E-07
9.33818682964827E-07
1.14085979511521E-06
1.79862578012482E-06
1.59121281190019E-06
1.08628862886289E-06
5.90859956761951E-07
3.20875037458795E-07
9.37905356713909E-08
2.29024902490249E-07
1.09158564398031E-07
1.22518740629686E-08
-1.13131070871807E-07
1.52897072936661E-07
-1.45600768215102E-08
-6.05906008042733E-08
5.49960991418112E-08
-5.058738911532E-08
3.15580906634645E-08
-4.9879865449303E-08
1.59872916916438E-08
-7.78971373702214E-09
-3.7641696155461E-08
1.43849015842535E-07
-5.34753901560626E-08
5.10730128282003E-09
-4.24816992679704E-09
-4.24816992679704E-09
dMdT Data
0
0
0
0
0
0
0
0
0
0
0
0
0
0
0
0
0
0
0
0
0
0
0
0
0
0
0
0
0
0
0
0
0
0
0
0
0
0
0
0
0
0
0
0
0
0
0
0
0
0
0
0
0
0
0
0
0
0
0
0
0
0
0
0
0
0
0
0
0
0
0
0
0
0
0
0
0
0
0
0
0
0
0
0
0
0
0
0
0
0
0
0
0
0
0
0
0
0
0
0
0
0
0
0
0
0
0
0
0
0
0
0
0
0
0
0
0
0
0
0
0
 
*********************************************** Results ***************************************
 
TotalArea 2.67262643508033E-02
AreaFirstQuad 4.36288751017357E-03
AreaSecondQuad 1.57681572742891E-03
AreaThirdQuad 1.24891545948212E-02
AreaFourthQuad 8.29740651837964E-03
Coercivity 99.3551410120354
PositiveCoercivity 123.242881166435
NegativeCoercivity -75.467400857636
Retentivity 6.78860319502576E-05
PositiveRetentivity 3.52301843466955E-05
NegativeRetentivity -1.0054187955382E-04
Magnetization 0.00008772545
PositiveMagnetization 0.0000578419
NegativeMagnetization -0.000117609
Flatness 0.986867217165269
Squareness 0.773846494378286
SStar 0.271123404919784
SFD1 -1.51564838984145
SFD2 0.754781274890606
Slope 0
Intercept 0
SlopeAtHc 9.37424015346802E-07
dH1 249.942600509397
dH2 74.9914
InitialSlope -1.27747812537457E-07
FieldAtHalfMs 0
FieldAtMs 449.997
MomentMean -3.11313716528925E-05
MomentRMS 7.84397273899358E-05
SFD3 3.77462327639442E-02
dH3 95.6048587331006
UserField1 0
UserField2 0
CenterField 0
ExchangeField 0
ExchangeMoment 0
ExRegionOneIntercept 0
ExRegionOneSlope 0
ExRegionTwoIntercept 0
ExRegionTwoSlope 0
NegativeIntercept 0
NegativeSlope 0
AutoCenterOffset 0
PinningField 0
PinningMoment 0
PinRegionOneIntercept 0
PinRegionOneSlope 0
PinRegionTwoIntercept 0
PinRegionTwoSlope 0
PositiveIntercept 0
PositiveSlope 0
TotalOffset 0
BHMax 0
BCoercivity 0
BRetentivity 0
BNegativeCoercivity 0
BPositiveCoercivity 0
BNegativeRetentivity 0
BPositiveRetentivity 0
MomentYMean -1.19488289256198E-04
MomentYRMS 1.45829779445087E-06
YOffCorrection 0
Mrt 0
Ms1 0
Ms2 0
Ms3 0
Hc2 0
Hex2 0
HsatValue 0
HsatIntercept 0
HsatSlope 0
CenterH 0
Span .0001754509
SpanAsPercentOfRange -13.4962230769231
RMSAsPercentOfRange -6.03382518384122
SpanAsPercentOfMean -563.582298769987
RMSAsPercentOfMean -251.96360849281
