Version 1.25
******************************************** Units *******************************************
System CGS
TemperatureUnit K
MomentUnit emu
AppliedFieldUnit G
 
******************************************** Setup ********************************************
 
Experiment Hysteresis
Minor False
Acquisition PointByPoint
EditedPoint No
MaxField 500
FieldIncrement 16.6666666666667
Points 121
MinField 0
RampRate 500
AverageTime 3
TimeInterval 0
TimeConstant 0.3
TimeConstantIndex 1
Sensitivity -0.0013
SensitivityIndex 5
SensitivityY -4
SensitivityIndexY 0
SaturationField 8000
ExperimentTime 363
Use735Domains False
AutoRangeEnabled False
NumberOfVertices 3
VertexPts
0
60
120
VertexField
500
-500
500
StartAngle 0
EndAngle 0
AngleIncrement 0
StartTemp 0
FinishTemp 0
TempIncrement 0
TempPoints 0
LengthofSetPointsArray 121
SetPointArray
500
483.333333333333
466.666666666667
450
433.333333333333
416.666666666667
400
383.333333333333
366.666666666667
350
333.333333333333
316.666666666666
300
283.333333333333
266.666666666666
250
233.333333333333
216.666666666666
200
183.333333333333
166.666666666666
150
133.333333333333
116.666666666666
99.9999999999998
83.3333333333331
66.6666666666665
49.9999999999998
33.3333333333331
16.6666666666664
-2.20268248085631E-13
-16.6666666666669
-33.3333333333336
-50.0000000000002
-66.6666666666669
-83.3333333333336
-100
-116.666666666667
-133.333333333334
-150
-166.666666666667
-183.333333333334
-200
-216.666666666667
-233.333333333334
-250
-266.666666666667
-283.333333333334
-300
-316.666666666667
-333.333333333334
-350
-366.666666666667
-383.333333333334
-400
-416.666666666667
-433.333333333334
-450
-466.666666666667
-483.333333333334
-500
-483.333333333333
-466.666666666667
-450
-433.333333333333
-416.666666666667
-400
-383.333333333333
-366.666666666667
-350
-333.333333333333
-316.666666666666
-300
-283.333333333333
-266.666666666666
-250
-233.333333333333
-216.666666666666
-200
-183.333333333333
-166.666666666666
-150
-133.333333333333
-116.666666666666
-99.9999999999998
-83.3333333333331
-66.6666666666665
-49.9999999999998
-33.3333333333331
-16.6666666666664
2.20268248085631E-13
16.6666666666669
33.3333333333336
50.0000000000002
66.6666666666669
83.3333333333336
100
116.666666666667
133.333333333334
150
166.666666666667
183.333333333334
200
216.666666666667
233.333333333334
250
266.666666666667
283.333333333334
300
316.666666666667
333.333333333334
350
366.666666666667
383.333333333334
400
416.666666666667
433.333333333334
450
466.666666666667
483.333333333334
500
FieldDomainFile c:\Ideasvsm\Default UserID\Experiments\Jason_500G\fdomain.ini
TempDomainFile c:\Ideasvsm\Default UserID\Experiments\Jason_500G\tdomain.ini
NumSelectedResults 0
ResultsSelected 
UserName1 
UserValue1 
UserName2 
UserValue2 
LinearBackgroundCorrection Off
MaxLinearFieldCorrection 
MinLinearFieldCorrection 
AutoLinearCorrection Off
FitOneRegion Off
BackgroundMode Off
BackgroundFilename 
AutoCenter Off
OffsetCorrection 
SmoothDeriv Off
DerivOrder 0
DerivPoints 0
MinExFieldOne 
MaxExFieldOne 
MinExFieldTwo 
MaxExFieldTwo 
MinPinFieldOne 
MaxPinFieldOne 
MinPinFieldTwo 
MaxPinFieldTwo 
HCenterStart 
Mass 
Volume 
Density 
MolarWeight 
NumberOfMoles 
Demagnetization 
SampleArea 
Thickness 
MomentScaling 0
XAxis 0
YAxis 0
SimpleSpinValve False
HsatMax 0
HsatMin 0
FieldAutoRange False
 
*************************************************** Experiment Data ********************************************
 
DataPoints 121
MomentX Data
0.0000303817
0.0000307516
0.0000327841
0.0000307958
0.0000325556
0.0000333997
0.000033731
0.0000339601
0.0000348905
0.0000347184
0.0000350356
0.0000345592
0.0000350059
0.0000344865
0.0000342996
0.0000337772
0.0000352241
0.0000342014
0.0000346739
0.0000362108
0.0000338824
0.0000353287
0.0000346409
0.0000340869
0.0000340972
0.0000343237
0.0000298888
0.0000296204
0.0000291204
0.0000279747
0.0000238003
0.0000189377
0.0000139968
0.00000808001
-0.00000157249
-0.0000169543
-0.0000413795
-0.0000660085
-0.0000885711
-0.000101128
-0.000108337
-0.000113906
-0.000115918
-0.000118331
-0.00011846
-0.000118477
-0.000117881
-0.000118175
-0.000119604
-0.000119171
-0.000118508
-0.000116306
-0.000118249
-0.000116727
-0.000116736
-0.000117294
-0.000117542
-0.000117174
-0.000115378
-0.000116302
-0.000114371
-0.000114918
-0.00011697
-0.000115719
-0.00011746
-0.000116941
-0.00011727
-0.000118427
-0.000118413
-0.000119469
-0.000117845
-0.000118326
-0.000118227
-0.00011864
-0.00011928
-0.000119801
-0.00011997
-0.000118723
-0.000119742
-0.000121623
-0.000120359
-0.000120125
-0.000118065
-0.000119517
-0.000119802
-0.000117586
-0.000117269
-0.000114277
-0.000113778
-0.000111192
-0.000108315
-0.000105907
-0.000100256
-0.0000930978
-0.00008476
-0.0000742119
-0.000052908
-0.0000276583
-0.00000304433
0.0000167489
0.0000239388
0.0000285106
0.0000318216
0.0000331051
0.000035208
0.0000339915
0.0000345991
0.0000342185
0.0000350304
0.0000346256
0.0000324837
0.0000336038
0.0000339889
0.0000336378
0.0000344343
0.0000331902
0.0000336306
0.0000331909
0.0000323583
0.0000323758
0.0000316898
MomentY Data
-0.000118637
-0.000119623
-0.000121101
-0.000120322
-0.000121593
-0.000121482
-0.000121466
-0.000121085
-0.000119988
-0.000118971
-0.000120974
-0.000119352
-0.000121069
-0.000119448
-0.000120115
-0.000120036
-0.000119607
-0.000119559
-0.000118558
-0.000117461
-0.000120497
-0.000119273
-0.00011975
-0.000119559
-0.000119861
-0.000120513
-0.000118144
-0.000120529
-0.00012037
-0.000119384
-0.000119464
-0.000120846
-0.00011905
-0.000121943
-0.000119432
-0.000118383
-0.000118732
-0.000119559
-0.000121705
-0.000119702
-0.000119829
-0.000119511
-0.000119448
-0.000119241
-0.000119781
-0.000117191
-0.000120719
-0.000120083
-0.000120385
-0.000121053
-0.000119623
-0.000120195
-0.000122658
-0.000123103
-0.000121228
-0.000120242
-0.000119082
-0.000120926
-0.000120974
-0.000120083
-0.000120052
-0.000120417
-0.000120751
-0.000120831
-0.000119479
-0.000119718
-0.000119495
-0.000117175
-0.00011843
-0.000120783
-0.000120417
-0.000121784
-0.000120354
-0.000120989
-0.000121021
-0.000122515
-0.000118399
-0.000120322
-0.000119432
-0.000119893
-0.000120719
-0.000120958
-0.000118589
-0.000118415
-0.000119766
-0.00011994
-0.000119257
-0.000120115
-0.000119352
-0.000119003
-0.000120942
-0.00011975
-0.000121005
-0.000119321
-0.000119654
-0.000120958
-0.000119225
-0.000119781
-0.000121148
-0.000121641
-0.000120592
-0.000119686
-0.000119448
-0.000120624
-0.000121069
-0.000119178
-0.000118605
-0.000120529
-0.000121625
-0.000122468
-0.000123421
-0.000123342
-0.000123072
-0.000124073
-0.000123326
-0.000120258
-0.000119607
-0.000122658
-0.000123262
-0.000120306
-0.000123183
Field Data
500.006
483.329
466.663
450.005
433.326
416.679
399.999
383.33
366.663
349.997
333.323
316.655
300.001
283.331
266.666
250.003
233.324
216.647
200.002
183.335
166.667
149.992
133.335
116.662
100.003
83.3283
66.6622
49.9919
33.3348
16.6716
0.00142637
-16.6764
-33.3386
-50.0055
-66.6782
-83.3414
-100.01
-116.678
-133.348
-150.008
-166.668
-183.333
-200.001
-216.675
-233.339
-250.007
-266.667
-283.334
-300.003
-316.668
-333.345
-350.01
-366.663
-383.339
-399.995
-416.682
-433.336
-450
-466.677
-483.344
-499.989
-483.338
-466.672
-449.997
-433.335
-416.661
-400.016
-383.333
-366.677
-350.007
-333.332
-316.672
-299.997
-283.327
-266.674
-250.003
-233.346
-216.669
-200.011
-183.335
-166.664
-150.008
-133.333
-116.668
-99.9979
-83.3299
-66.6719
-50.0047
-33.3426
-16.6676
0.000925223
16.6484
33.3258
49.9916
66.6712
83.3354
100.002
116.665
133.336
150.004
166.672
183.322
200.006
216.663
233.329
250.002
266.666
283.338
299.991
316.653
333.333
350.005
366.66
383.332
400.009
416.664
433.325
449.993
466.672
483.33
500.002
Time Data
0
10.421
20.78
31.154
41.528
51.886
62.245
72.619
82.977
93.351
103.725
114.115
124.473
134.816
145.222
155.596
165.985
176.406
186.765
197.17
207.544
217.934
228.308
238.651
249.056
259.414
269.773
280.178
290.536
300.911
311.331
321.705
332.08
342.469
352.828
363.233
373.607
384.012
394.402
404.76
415.166
425.54
435.929
446.303
456.662
467.052
477.41
487.769
498.143
508.517
518.875
529.265
539.654
550.044
560.418
570.792
581.198
591.572
601.946
612.335
622.678
633.083
643.442
653.832
664.206
674.564
684.923
695.312
705.702
716.107
726.497
736.855
747.229
757.603
767.962
778.352
788.694
799.1
809.505
819.863
830.284
840.627
851.032
861.422
871.796
882.186
892.544
902.903
913.292
923.651
934.056
944.415
954.773
965.132
975.506
985.864
996.269
1006.63
1017.03
1027.39
1037.75
1048.12
1058.51
1068.86
1079.26
1089.65
1100.03
1110.42
1120.79
1131.2
1141.57
1151.93
1162.33
1172.69
1183.1
1193.47
1203.81
1214.23
1224.62
1235.01
1245.4
Temperature Data
0
0
0
0
0
0
0
0
0
0
0
0
0
0
0
0
0
0
0
0
0
0
0
0
0
0
0
0
0
0
0
0
0
0
0
0
0
0
0
0
0
0
0
0
0
0
0
0
0
0
0
0
0
0
0
0
0
0
0
0
0
0
0
0
0
0
0
0
0
0
0
0
0
0
0
0
0
0
0
0
0
0
0
0
0
0
0
0
0
0
0
0
0
0
0
0
0
0
0
0
0
0
0
0
0
0
0
0
0
0
0
0
0
0
0
0
0
0
0
0
0
Angle Data
0
0
0
0
0
0
0
0
0
0
0
0
0
0
0
0
0
0
0
0
0
0
0
0
0
0
0
0
0
0
0
0
0
0
0
0
0
0
0
0
0
0
0
0
0
0
0
0
0
0
0
0
0
0
0
0
0
0
0
0
0
0
0
0
0
0
0
0
0
0
0
0
0
0
0
0
0
0
0
0
0
0
0
0
0
0
0
0
0
0
0
0
0
0
0
0
0
0
0
0
0
0
0
0
0
0
0
0
0
0
0
0
0
0
0
0
0
0
0
0
0
Bx Data
0
0
0
0
0
0
0
0
0
0
0
0
0
0
0
0
0
0
0
0
0
0
0
0
0
0
0
0
0
0
0
0
0
0
0
0
0
0
0
0
0
0
0
0
0
0
0
0
0
0
0
0
0
0
0
0
0
0
0
0
0
0
0
0
0
0
0
0
0
0
0
0
0
0
0
0
0
0
0
0
0
0
0
0
0
0
0
0
0
0
0
0
0
0
0
0
0
0
0
0
0
0
0
0
0
0
0
0
0
0
0
0
0
0
0
0
0
0
0
0
0
Hint Data
0
0
0
0
0
0
0
0
0
0
0
0
0
0
0
0
0
0
0
0
0
0
0
0
0
0
0
0
0
0
0
0
0
0
0
0
0
0
0
0
0
0
0
0
0
0
0
0
0
0
0
0
0
0
0
0
0
0
0
0
0
0
0
0
0
0
0
0
0
0
0
0
0
0
0
0
0
0
0
0
0
0
0
0
0
0
0
0
0
0
0
0
0
0
0
0
0
0
0
0
0
0
0
0
0
0
0
0
0
0
0
0
0
0
0
0
0
0
0
0
0
Torque Data
-0.059319211822
-0.057817264967
-0.056513355963
-0.05414550161
-0.052689408318
-0.050618998278
-0.048586278534
-0.04641551305
-0.043995160044
-0.041639493087
-0.040323416602
-0.03779340756
-0.036320821069
-0.033843321288
-0.03203058659
-0.030009360108
-0.027907183668
-0.025902098673
-0.023711837116
-0.021534712435
-0.020082873499
-0.017889995816
-0.01596686625
-0.013947992058
-0.011986459583
-0.0100421434179
-0.0078757389568
-0.0060254737151
-0.004012509876
-0.0019903222944
-1.7039986568E-07
0.0020152762344
0.00396896033
0.0060978206865
0.0079635107824
0.0098662049562
0.01187438732
0.013949905002
0.01622911834
0.017956257616
0.019971659772
0.021910310163
0.023889719448
0.025836543675
0.027949578759
0.029298570337
0.032191773573
0.034023596722
0.036115861155
0.038333611404
0.039875728935
0.04206945195
0.044974150254
0.047190180917
0.04849059386
0.050102677044
0.051602517552
0.0544167
0.056455783398
0.058041397552
0.060024679428
0.058202111946
0.056351110672
0.054373587507
0.051774432465
0.049881821598
0.04779991192
0.044917044275
0.04342555711
0.042274895481
0.040138839444
0.038565582848
0.036105838938
0.034279450403
0.032273154154
0.030629117545
0.027627933054
0.026070047418
0.023887713752
0.021980583155
0.020119511416
0.018144667664
0.015811827137
0.01381524122
0.0119763484914
0.009994588206
0.0079510907783
0.0060063145405
0.0039795059952
0.0019834944028
-1.11898320066E-07
-0.0019936459
-0.004032588429
-0.0059650477036
-0.0079774757648
-0.0100800833132
-0.01192273845
-0.013974250365
-0.016153389728
-0.018246636564
-0.020099309824
-0.021941076892
-0.023890316688
-0.026134757712
-0.028248908701
-0.029794738356
-0.03162792093
-0.034150445802
-0.036486405375
-0.038779859604
-0.041140292193
-0.04317031671
-0.04512557952
-0.047561151236
-0.049331509934
-0.050107179312
-0.051828703275
-0.055195241394
-0.057522924064
-0.05814749898
-0.061591746366
dMdH Data
-2.21802482460874E-08
-1.21954878195128E-07
1.19360067234962E-07
-1.05509922657234E-07
-5.07058328828016E-08
-1.98621103117507E-08
-1.37440758293839E-08
-5.58228835423293E-08
1.03264130565221E-08
-1.90236296029745E-08
2.8581713462923E-08
-2.68223850126098E-08
3.11577684463108E-08
1.12151215121514E-08
3.13508971973834E-08
-8.67498051441935E-08
6.13239791329375E-08
-2.8386902973866E-08
-9.2212155756885E-08
1.39692824574034E-07
-8.67346326836581E-08
4.12919493306116E-08
3.32273735980329E-08
-6.18284410829117E-10
-1.35834527757618E-08
2.66103047503615E-07
1.61004900931598E-08
3.00172298899568E-08
6.87563013106727E-08
2.50411309003264E-07
2.91560776094109E-07
2.9653347097022E-07
3.55002429965981E-07
5.78940423566669E-07
9.23100604925825E-07
1.46534202032564E-06
1.47762179025678E-06
1.35348530293941E-06
7.53715486194478E-07
4.32713085234094E-07
3.34173417341734E-07
1.20710343172546E-07
1.44716324817081E-07
7.74123859817561E-09
1.01991840652727E-09
-3.57743097238892E-08
1.76396472070555E-08
8.5727998080269E-08
-2.5982598259826E-08
-3.97553516819574E-08
-1.32133213321333E-07
1.16675674052723E-07
-9.1268889421924E-08
5.40345821326019E-10
3.34392041709117E-08
1.48913174012242E-08
-2.20835333653381E-08
-1.07693230197277E-07
5.54388912221752E-08
-1.16010814058275E-07
-3.28508798270371E-08
-1.23124924997E-07
7.50224887556225E-08
-1.04489256991958E-07
3.11263044260526E-08
-1.97656954040246E-08
-6.93520350056946E-08
8.40537944283744E-10
-6.3347330533893E-08
9.73913043478266E-08
-2.88715486194485E-08
5.93703148425788E-09
-2.47750449910016E-08
-3.84315138413495E-08
-3.1251874512627E-08
-1.01458846130759E-08
7.4773640342988E-08
-6.11718093408579E-08
-1.12796833773087E-07
7.58202867254509E-08
1.40489913544668E-08
1.23538230884558E-07
-8.71287128712871E-08
-1.70964781255062E-08
1.32949364050876E-07
1.90298955456832E-08
1.79514255543823E-07
2.99482058083921E-08
1.55082458770614E-07
1.72600752706676E-07
1.44646562452034E-07
3.38841785889887E-07
4.29514334745407E-07
4.99880093047795E-07
6.32979680992787E-07
1.27823911295645E-06
1.51531536938126E-06
1.47645432187631E-06
1.18749880009599E-06
4.313594912407E-07
2.74582582582583E-07
1.98453608247423E-07
7.70546917211984E-08
1.26179047161886E-07
-7.29622743357523E-08
3.64618338934228E-08
-2.28286948176584E-08
4.87539782621754E-08
-2.42948025447125E-08
-1.28411270983213E-07
6.71845009596928E-08
2.31221855298711E-08
-2.10592610364686E-08
4.77603885590936E-08
-7.46982888021619E-08
2.64329872156535E-08
-2.63798896088314E-08
-4.99190598956773E-08
1.05054628406799E-09
-4.11468330134356E-08
-4.11468330134356E-08
dMdT Data
0
0
0
0
0
0
0
0
0
0
0
0
0
0
0
0
0
0
0
0
0
0
0
0
0
0
0
0
0
0
0
0
0
0
0
0
0
0
0
0
0
0
0
0
0
0
0
0
0
0
0
0
0
0
0
0
0
0
0
0
0
0
0
0
0
0
0
0
0
0
0
0
0
0
0
0
0
0
0
0
0
0
0
0
0
0
0
0
0
0
0
0
0
0
0
0
0
0
0
0
0
0
0
0
0
0
0
0
0
0
0
0
0
0
0
0
0
0
0
0
0
 
*********************************************** Results ***************************************
 
TotalArea 2.95996214416245E-02
AreaFirstQuad 5.19450618088108E-03
AreaSecondQuad 7.851459995007E-04
AreaThirdQuad 1.36905851943972E-02
AreaFourthQuad 9.92938406684557E-03
Coercivity 99.9308486166412
PositiveCoercivity 135.899648906217
NegativeCoercivity -63.9620483270655
Retentivity 6.6057521910321E-05
PositiveRetentivity 2.37998841264558E-05
NegativeRetentivity -1.08315159694186E-04
Magnetization 0.0000789169
PositiveMagnetization 0.0000362108
NegativeMagnetization -0.000121623
Flatness 1.13937055289045
Squareness 0.837051657000224
SStar -0.141796815694608
SFD1 -4.25213754439293
SFD2 0.750555519524627
Slope 0
Intercept 0
SlopeAtHc 5.78940423566669E-07
dH1 524.850561862507
dH2 75.00365
InitialSlope -2.21802482460874E-08
FieldAtHalfMs 0
FieldAtMs 183.335
MomentMean -4.18904909917356E-05
MomentRMS 7.17431882052052E-05
SFD3 -4.18664341193133
dH3 518.305677626209
UserField1 0
UserField2 0
CenterField 0
ExchangeField 0
ExchangeMoment 0
ExRegionOneIntercept 0
ExRegionOneSlope 0
ExRegionTwoIntercept 0
ExRegionTwoSlope 0
NegativeIntercept 0
NegativeSlope 0
AutoCenterOffset 0
PinningField 0
PinningMoment 0
PinRegionOneIntercept 0
PinRegionOneSlope 0
PinRegionTwoIntercept 0
PinRegionTwoSlope 0
PositiveIntercept 0
PositiveSlope 0
TotalOffset 0
BHMax 0
BCoercivity 0
BRetentivity 0
BNegativeCoercivity 0
BPositiveCoercivity 0
BNegativeRetentivity 0
BPositiveRetentivity 0
MomentYMean -1.20286165289256E-04
MomentYRMS 1.32670584121668E-06
YOffCorrection 0
Mrt 0
Ms1 0
Ms2 0
Ms3 0
Hc2 0
Hex2 0
HsatValue 0
HsatIntercept 0
HsatSlope 0
CenterH 0
Span .0001578338
SpanAsPercentOfRange -12.1410615384615
RMSAsPercentOfRange -5.51870678501578
SpanAsPercentOfMean -376.777154584172
RMSAsPercentOfMean -171.263660336087
