Version 1.25
******************************************** Units *******************************************
System CGS
TemperatureUnit K
MomentUnit emu
AppliedFieldUnit G
 
******************************************** Setup ********************************************
 
Experiment Hysteresis
Minor False
Acquisition PointByPoint
EditedPoint No
MaxField 500
FieldIncrement 16.6666666666667
Points 121
MinField 0
RampRate 500
AverageTime 3
TimeInterval 0
TimeConstant 0.3
TimeConstantIndex 1
Sensitivity -0.0013
SensitivityIndex 5
SensitivityY -4
SensitivityIndexY 0
SaturationField 8000
ExperimentTime 363
Use735Domains False
AutoRangeEnabled False
NumberOfVertices 3
VertexPts
0
60
120
VertexField
500
-500
500
StartAngle 0
EndAngle 0
AngleIncrement 0
StartTemp 0
FinishTemp 0
TempIncrement 0
TempPoints 0
LengthofSetPointsArray 121
SetPointArray
500
483.333333333333
466.666666666667
450
433.333333333333
416.666666666667
400
383.333333333333
366.666666666667
350
333.333333333333
316.666666666666
300
283.333333333333
266.666666666666
250
233.333333333333
216.666666666666
200
183.333333333333
166.666666666666
150
133.333333333333
116.666666666666
99.9999999999998
83.3333333333331
66.6666666666665
49.9999999999998
33.3333333333331
16.6666666666664
-2.20268248085631E-13
-16.6666666666669
-33.3333333333336
-50.0000000000002
-66.6666666666669
-83.3333333333336
-100
-116.666666666667
-133.333333333334
-150
-166.666666666667
-183.333333333334
-200
-216.666666666667
-233.333333333334
-250
-266.666666666667
-283.333333333334
-300
-316.666666666667
-333.333333333334
-350
-366.666666666667
-383.333333333334
-400
-416.666666666667
-433.333333333334
-450
-466.666666666667
-483.333333333334
-500
-483.333333333333
-466.666666666667
-450
-433.333333333333
-416.666666666667
-400
-383.333333333333
-366.666666666667
-350
-333.333333333333
-316.666666666666
-300
-283.333333333333
-266.666666666666
-250
-233.333333333333
-216.666666666666
-200
-183.333333333333
-166.666666666666
-150
-133.333333333333
-116.666666666666
-99.9999999999998
-83.3333333333331
-66.6666666666665
-49.9999999999998
-33.3333333333331
-16.6666666666664
2.20268248085631E-13
16.6666666666669
33.3333333333336
50.0000000000002
66.6666666666669
83.3333333333336
100
116.666666666667
133.333333333334
150
166.666666666667
183.333333333334
200
216.666666666667
233.333333333334
250
266.666666666667
283.333333333334
300
316.666666666667
333.333333333334
350
366.666666666667
383.333333333334
400
416.666666666667
433.333333333334
450
466.666666666667
483.333333333334
500
FieldDomainFile c:\Ideasvsm\Default UserID\Experiments\Jason_500G\fdomain.ini
TempDomainFile c:\Ideasvsm\Default UserID\Experiments\Jason_500G\tdomain.ini
NumSelectedResults 0
ResultsSelected 
UserName1 
UserValue1 
UserName2 
UserValue2 
LinearBackgroundCorrection Off
MaxLinearFieldCorrection 
MinLinearFieldCorrection 
AutoLinearCorrection Off
FitOneRegion Off
BackgroundMode Off
BackgroundFilename 
AutoCenter Off
OffsetCorrection 
SmoothDeriv Off
DerivOrder 0
DerivPoints 0
MinExFieldOne 
MaxExFieldOne 
MinExFieldTwo 
MaxExFieldTwo 
MinPinFieldOne 
MaxPinFieldOne 
MinPinFieldTwo 
MaxPinFieldTwo 
HCenterStart 
Mass 
Volume 
Density 
MolarWeight 
NumberOfMoles 
Demagnetization 
SampleArea 
Thickness 
MomentScaling 0
XAxis 0
YAxis 0
SimpleSpinValve False
HsatMax 0
HsatMin 0
FieldAutoRange False
 
*************************************************** Experiment Data ********************************************
 
DataPoints 121
MomentX Data
0.0000204634
0.0000206126
0.0000226439
0.0000226604
0.000021911
0.0000245182
0.0000233176
0.0000226901
0.0000220935
0.0000219795
0.0000229882
0.0000267433
0.0000236677
0.0000240552
0.0000248883
0.0000238743
0.0000241221
0.0000260725
0.000023967
0.0000252692
0.0000237027
0.0000255791
0.0000248182
0.0000231621
0.0000238219
0.0000216044
0.0000213343
0.000018291
0.0000160968
0.0000144322
0.00000979685
0.00000442852
-0.000000823407
-0.00000983437
-0.0000192038
-0.0000349198
-0.0000579553
-0.0000858049
-0.000110185
-0.000124997
-0.000133301
-0.000135343
-0.000138581
-0.000141313
-0.000140044
-0.000141934
-0.000141585
-0.000141956
-0.000141132
-0.000140552
-0.000141369
-0.000141827
-0.000140115
-0.000139561
-0.000141162
-0.000141417
-0.00014096
-0.00014038
-0.000139611
-0.000139831
-0.000138874
-0.000139686
-0.000139485
-0.000140114
-0.00014033
-0.000140302
-0.000139531
-0.000138452
-0.000141728
-0.000140738
-0.000141094
-0.00014105
-0.000141539
-0.000141664
-0.00014094
-0.000140623
-0.000139463
-0.00013977
-0.000140762
-0.000137782
-0.000140339
-0.000138996
-0.000138269
-0.000137965
-0.000136965
-0.00013672
-0.000136039
-0.00013393
-0.000130455
-0.000129292
-0.0001248
-0.000121055
-0.00011585
-0.000107558
-0.0000988198
-0.0000861658
-0.0000638296
-0.0000353103
-0.0000096248
0.00000832566
0.0000201133
0.0000229889
0.0000276959
0.0000295788
0.0000294652
0.0000297501
0.000030127
0.0000306771
0.0000298798
0.0000305951
0.0000324349
0.0000330253
0.0000308154
0.0000312977
0.0000303125
0.0000316959
0.0000307078
0.0000316669
0.0000313878
0.00003061
0.0000286653
MomentY Data
-0.000116094
-0.000117111
-0.000116301
-0.000115808
-0.000117159
-0.00011762
-0.000118446
-0.000118923
-0.000119273
-0.000117668
-0.000119003
-0.000119336
-0.000117922
-0.000119972
-0.000117906
-0.000116809
-0.000119432
-0.000118097
-0.00011789
-0.000118478
-0.000118542
-0.000118462
-0.000119273
-0.000118224
-0.000121085
-0.000119686
-0.000118224
-0.000119146
-0.000117985
-0.000118462
-0.00011824
-0.000119972
-0.000119019
-0.000118876
-0.000116793
-0.000119082
-0.000116046
-0.000117509
-0.00011816
-0.000118351
-0.000116825
-0.000119702
-0.000118113
-0.000117826
-0.000116666
-0.000117334
-0.00011843
-0.000117874
-0.000117493
-0.000118478
-0.000118589
-0.000120354
-0.000118653
-0.00012056
-0.000119019
-0.00012029
-0.000117111
-0.000118097
-0.000119877
-0.000118605
-0.000118891
-0.000119559
-0.000118748
-0.000119527
-0.00011878
-0.000116444
-0.000118764
-0.000119114
-0.000117127
-0.000118717
-0.000120274
-0.000120099
-0.00011967
-0.000118907
-0.000119289
-0.000117048
-0.000116889
-0.000116682
-0.000117985
-0.000116952
-0.000116094
-0.000117461
-0.000116873
-0.000117254
-0.000117477
-0.000118001
-0.000117366
-0.000119257
-0.000118923
-0.00011851
-0.000119495
-0.000120862
-0.00012002
-0.000116905
-0.000119178
-0.00012064
-0.000120322
-0.000118971
-0.000118876
-0.000119781
-0.000120338
-0.000119766
-0.000118907
-0.000122404
-0.000122372
-0.000120687
-0.000120354
-0.000120099
-0.000118907
-0.00012091
-0.000120719
-0.000120783
-0.000118192
-0.000118732
-0.000119225
-0.000118446
-0.00012118
-0.000118732
-0.000121498
-0.000121641
-0.000119225
Field Data
499.997
483.334
466.658
449.99
433.325
416.665
400.013
383.336
366.663
350.004
333.329
316.668
299.992
283.325
266.669
250.001
233.335
216.654
199.985
183.335
166.66
149.995
133.334
116.658
100.002
83.3013
66.648
49.9863
33.3284
16.6719
-0.0108111
-16.6719
-33.3293
-49.998
-66.6797
-83.3384
-100.007
-116.658
-133.335
-150.019
-166.674
-183.335
-199.997
-216.672
-233.347
-249.996
-266.667
-283.334
-299.998
-316.674
-333.325
-350.017
-366.677
-383.336
-400.008
-416.682
-433.341
-450.007
-466.664
-483.337
-500.015
-483.348
-466.663
-449.995
-433.341
-416.685
-399.998
-383.336
-366.67
-349.995
-333.329
-316.672
-300.007
-283.331
-266.673
-250.009
-233.337
-216.675
-200.006
-183.344
-166.656
-149.991
-133.336
-116.656
-100.001
-83.3324
-66.6677
-50.0047
-33.3366
-16.6724
-0.00306182
16.6623
33.3237
49.9841
66.6707
83.3678
99.9982
116.666
133.322
149.988
166.671
183.322
199.994
216.656
233.328
249.999
266.659
283.329
300.009
316.668
333.323
349.989
366.658
383.335
399.999
416.66
433.337
450.003
466.658
483.327
499.998
Time Data
0
10.375
20.749
31.091
41.45
51.871
62.276
72.619
83.04
93.414
103.772
114.131
124.52
134.895
145.284
155.643
166.032
176.375
186.749
197.123
207.466
217.825
228.214
238.557
248.994
259.352
269.711
280.116
290.506
300.88
311.285
321.628
332.049
342.438
352.781
363.186
373.56
383.919
394.293
404.651
415.026
425.4
435.758
446.148
456.522
466.865
477.301
487.644
498.034
508.423
518.797
529.156
539.53
549.92
560.294
570.668
581.057
591.416
601.79
612.164
622.522
632.865
643.271
653.645
664.034
674.424
684.782
695.157
705.531
715.889
726.248
736.622
747.042
757.417
767.791
778.18
788.554
798.944
809.287
819.645
830.051
840.456
850.83
861.251
871.625
881.999
892.373
902.747
913.168
923.558
933.947
944.306
954.68
965.069
975.428
985.818
996.207
1006.6
1016.99
1027.38
1037.75
1048.12
1058.5
1068.84
1079.23
1089.59
1099.98
1110.34
1120.7
1131.1
1141.48
1151.83
1162.19
1172.57
1182.91
1193.3
1203.66
1214.05
1224.44
1234.8
1245.19
Temperature Data
0
0
0
0
0
0
0
0
0
0
0
0
0
0
0
0
0
0
0
0
0
0
0
0
0
0
0
0
0
0
0
0
0
0
0
0
0
0
0
0
0
0
0
0
0
0
0
0
0
0
0
0
0
0
0
0
0
0
0
0
0
0
0
0
0
0
0
0
0
0
0
0
0
0
0
0
0
0
0
0
0
0
0
0
0
0
0
0
0
0
0
0
0
0
0
0
0
0
0
0
0
0
0
0
0
0
0
0
0
0
0
0
0
0
0
0
0
0
0
0
0
Angle Data
0
0
0
0
0
0
0
0
0
0
0
0
0
0
0
0
0
0
0
0
0
0
0
0
0
0
0
0
0
0
0
0
0
0
0
0
0
0
0
0
0
0
0
0
0
0
0
0
0
0
0
0
0
0
0
0
0
0
0
0
0
0
0
0
0
0
0
0
0
0
0
0
0
0
0
0
0
0
0
0
0
0
0
0
0
0
0
0
0
0
0
0
0
0
0
0
0
0
0
0
0
0
0
0
0
0
0
0
0
0
0
0
0
0
0
0
0
0
0
0
0
Bx Data
0
0
0
0
0
0
0
0
0
0
0
0
0
0
0
0
0
0
0
0
0
0
0
0
0
0
0
0
0
0
0
0
0
0
0
0
0
0
0
0
0
0
0
0
0
0
0
0
0
0
0
0
0
0
0
0
0
0
0
0
0
0
0
0
0
0
0
0
0
0
0
0
0
0
0
0
0
0
0
0
0
0
0
0
0
0
0
0
0
0
0
0
0
0
0
0
0
0
0
0
0
0
0
0
0
0
0
0
0
0
0
0
0
0
0
0
0
0
0
0
0
Hint Data
0
0
0
0
0
0
0
0
0
0
0
0
0
0
0
0
0
0
0
0
0
0
0
0
0
0
0
0
0
0
0
0
0
0
0
0
0
0
0
0
0
0
0
0
0
0
0
0
0
0
0
0
0
0
0
0
0
0
0
0
0
0
0
0
0
0
0
0
0
0
0
0
0
0
0
0
0
0
0
0
0
0
0
0
0
0
0
0
0
0
0
0
0
0
0
0
0
0
0
0
0
0
0
0
0
0
0
0
0
0
0
0
0
0
0
0
0
0
0
0
0
Torque Data
-0.058046651718
-0.056603728074
-0.054272792058
-0.05211244192
-0.050767923675
-0.0490081373
-0.047379939798
-0.045587467128
-0.043732995999
-0.041184270672
-0.039667150987
-0.037789892448
-0.035375656624
-0.0339910669
-0.031441875114
-0.029202366809
-0.02786766572
-0.025586187438
-0.02357623165
-0.02172116413
-0.01975620972
-0.01776870769
-0.015903146182
-0.013791775392
-0.01210874217
-0.0099699993918
-0.007879393152
-0.0059556676998
-0.003932251274
-0.0019749866178
0.000001278304464
0.0020001611868
0.0039668199567
0.005943562248
0.0077877222021
0.0099241033488
0.011605412322
0.013708364922
0.0157548636
0.017754898669
0.01947169005
0.02194556617
0.023622245661
0.025529595072
0.027223661102
0.029333030664
0.03158137281
0.033397711916
0.035247665014
0.037518902172
0.039528678425
0.042125946018
0.043507326081
0.04621498816
0.047608552152
0.05012267778
0.050748997851
0.053144476679
0.055942280328
0.057326184885
0.059447283365
0.057788603532
0.055415297924
0.053786552365
0.05147224398
0.04852046814
0.047505362472
0.045660684304
0.04294695709
0.041550356415
0.040090812146
0.038031990528
0.03590183769
0.033690039217
0.031811155497
0.029263053432
0.027274528593
0.02528207235
0.02359770791
0.021442447488
0.019347761664
0.017618092851
0.015583378328
0.013678382624
0.011747817477
0.0098333065324
0.0078245212782
0.0059634105079
0.0039644884818
0.001975846124
3.658721809E-07
-0.0020138389026
-0.003999510474
-0.0058433912105
-0.0079456806846
-0.010057491392
-0.0120319834204
-0.013879870686
-0.015848786072
-0.017965712628
-0.020056854798
-0.021955742652
-0.023780686558
-0.026519561024
-0.028552814016
-0.030171629313
-0.032093477286
-0.034027529571
-0.035673170163
-0.03828832788
-0.040238419237
-0.042272721387
-0.043336042336
-0.04551413122
-0.047689880775
-0.04935171036
-0.05251177766
-0.053429756196
-0.056698013684
-0.058792379607
-0.05961226155
dMdH Data
-8.95396987337205E-09
-1.21809786519549E-07
-9.89920806335631E-10
4.49684968496849E-08
-1.56494597839136E-07
7.2099447513812E-08
3.76266714636924E-08
3.5782402686979E-08
6.84314784801025E-09
-6.04917541229387E-08
-2.25382630094232E-07
1.844327176781E-07
-2.32495350092997E-08
-5.00180115273775E-08
6.0835133189345E-08
-1.48685947437898E-08
-1.16923445836581E-07
1.26312316275722E-07
-7.82102102102101E-08
9.3943028485757E-08
-1.12595259525953E-07
4.56695276393975E-08
9.93103861837371E-08
-3.96133525456292E-08
1.32778865556534E-07
1.62190076441306E-08
1.82652430424266E-07
1.31721285396118E-07
9.99369615465434E-08
2.77853519863447E-07
3.22207631939351E-07
3.15290921752494E-07
5.40591827797009E-07
5.61659183416558E-07
9.43410950434308E-07
1.38196969151578E-06
1.67254819530359E-06
1.46189962223421E-06
8.87796691440902E-07
4.98589012308616E-07
1.22561670968129E-07
1.94334413635818E-07
1.6383808095952E-07
-7.61019490254875E-08
1.13520331551444E-07
-2.09345570151757E-08
2.2259554808903E-08
-4.9447911665866E-08
-3.47805229071719E-08
4.90661221548248E-08
2.74382937934341E-08
-1.02761104441776E-07
-3.32552974368223E-08
9.60292706333975E-08
1.52932709607774E-08
-2.74326190047413E-08
-3.48013920556821E-08
-4.61667767305049E-08
1.31949859053573E-08
-5.73809809329655E-08
-4.87190256194872E-08
1.20467485765654E-08
-3.77369810415157E-08
-1.29698570913902E-08
1.68107588856911E-09
4.6203631569485E-08
6.47581322770373E-08
-1.96567862714509E-07
5.93703148425788E-08
-2.1360854434177E-08
2.64153208861068E-09
-2.93429342934278E-08
-7.49580235068462E-09
4.34626005522881E-08
1.90230436869885E-08
6.95777351247614E-08
-1.8425159044533E-08
-5.95116683664291E-08
1.78850078021846E-07
-1.53223873441995E-07
8.05880588058809E-08
4.36505553887726E-08
1.82254196642679E-08
6.00420294205959E-08
1.46982949977792E-08
4.08648220490027E-08
1.26567844925884E-07
2.08482070541933E-07
6.97903289686867E-08
2.6947680534729E-07
2.24717593320155E-07
3.12398717994886E-07
4.97707137883844E-07
5.2366569582779E-07
7.57856154661588E-07
1.34309457379257E-06
1.71104164916786E-06
1.5421169548511E-06
1.07707068282731E-06
7.06565965353953E-07
1.7269833643625E-07
2.82329654510557E-07
1.13005641579642E-07
-6.81381957773503E-09
1.70895567152541E-08
2.26230492196879E-08
3.29994001199758E-08
-4.77997601918463E-08
4.29377513656282E-08
1.1046532572801E-07
3.54254170166807E-08
-1.32575439438478E-07
2.89200695568744E-08
-5.91214594335089E-08
8.30322309585259E-08
-5.92492654554181E-08
5.75483019320774E-08
-1.6757730411288E-08
-4.66614673945647E-08
-1.16651670565653E-07
-1.16651670565653E-07
dMdT Data
0
0
0
0
0
0
0
0
0
0
0
0
0
0
0
0
0
0
0
0
0
0
0
0
0
0
0
0
0
0
0
0
0
0
0
0
0
0
0
0
0
0
0
0
0
0
0
0
0
0
0
0
0
0
0
0
0
0
0
0
0
0
0
0
0
0
0
0
0
0
0
0
0
0
0
0
0
0
0
0
0
0
0
0
0
0
0
0
0
0
0
0
0
0
0
0
0
0
0
0
0
0
0
0
0
0
0
0
0
0
0
0
0
0
0
0
0
0
0
0
0
 
*********************************************** Results ***************************************
 
TotalArea 2.67875301615806E-02
AreaFirstQuad 1.04676060245891E-03
AreaSecondQuad 1.24418746068305E-04
AreaThirdQuad 1.40135564227611E-02
AreaFourthQuad 1.16027943902923E-02
Coercivity 86.4879054790114
PositiveCoercivity 142.258089481829
NegativeCoercivity -30.7177214761934
Retentivity 6.72995829286835E-05
PositiveRetentivity 9.79985390218859E-06
NegativeRetentivity -1.24799311955178E-04
Magnetization 0.00008749065
PositiveMagnetization 0.0000330253
NegativeMagnetization -0.000141956
Flatness 1.27021087102236
Squareness 0.769220287295654
SStar -1.46800211147245
SFD1 -4.33186749536416
SFD2 0.867105632685247
Slope 0
Intercept 0
SlopeAtHc 3.15290921752494E-07
dH1 461.142051965669
dH2 74.99415
InitialSlope -8.95396987337205E-09
FieldAtHalfMs 0
FieldAtMs 349.989
MomentMean -5.65635160909091E-05
MomentRMS 7.83151433401513E-05
SFD3 -5.72915141995217
dH3 581.990211962779
UserField1 0
UserField2 0
CenterField 0
ExchangeField 0
ExchangeMoment 0
ExRegionOneIntercept 0
ExRegionOneSlope 0
ExRegionTwoIntercept 0
ExRegionTwoSlope 0
NegativeIntercept 0
NegativeSlope 0
AutoCenterOffset 0
PinningField 0
PinningMoment 0
PinRegionOneIntercept 0
PinRegionOneSlope 0
PinRegionTwoIntercept 0
PinRegionTwoSlope 0
PositiveIntercept 0
PositiveSlope 0
TotalOffset 0
BHMax 0
BCoercivity 0
BRetentivity 0
BNegativeCoercivity 0
BPositiveCoercivity 0
BNegativeRetentivity 0
BPositiveRetentivity 0
MomentYMean -1.18720082644628E-04
MomentYRMS 1.37884749329997E-06
YOffCorrection 0
Mrt 0
Ms1 0
Ms2 0
Ms3 0
Hc2 0
Hex2 0
HsatValue 0
HsatIntercept 0
HsatSlope 0
CenterH 0
Span .0001749813
SpanAsPercentOfRange -13.4601
RMSAsPercentOfRange -6.02424179539625
SpanAsPercentOfMean -309.353647179163
RMSAsPercentOfMean -138.455224767645
