Version 1.25
******************************************** Units *******************************************
System CGS
TemperatureUnit K
MomentUnit emu
AppliedFieldUnit G
 
******************************************** Setup ********************************************
 
Experiment Hysteresis
Minor False
Acquisition PointByPoint
EditedPoint No
MaxField 500
FieldIncrement 16.6666666666667
Points 121
MinField 0
RampRate 500
AverageTime 3
TimeInterval 0
TimeConstant 0.3
TimeConstantIndex 1
Sensitivity -0.0013
SensitivityIndex 5
SensitivityY -4
SensitivityIndexY 0
SaturationField 8000
ExperimentTime 363
Use735Domains False
AutoRangeEnabled False
NumberOfVertices 3
VertexPts
0
60
120
VertexField
500
-500
500
StartAngle 0
EndAngle 0
AngleIncrement 0
StartTemp 0
FinishTemp 0
TempIncrement 0
TempPoints 0
LengthofSetPointsArray 121
SetPointArray
500
483.333333333333
466.666666666667
450
433.333333333333
416.666666666667
400
383.333333333333
366.666666666667
350
333.333333333333
316.666666666666
300
283.333333333333
266.666666666666
250
233.333333333333
216.666666666666
200
183.333333333333
166.666666666666
150
133.333333333333
116.666666666666
99.9999999999998
83.3333333333331
66.6666666666665
49.9999999999998
33.3333333333331
16.6666666666664
-2.20268248085631E-13
-16.6666666666669
-33.3333333333336
-50.0000000000002
-66.6666666666669
-83.3333333333336
-100
-116.666666666667
-133.333333333334
-150
-166.666666666667
-183.333333333334
-200
-216.666666666667
-233.333333333334
-250
-266.666666666667
-283.333333333334
-300
-316.666666666667
-333.333333333334
-350
-366.666666666667
-383.333333333334
-400
-416.666666666667
-433.333333333334
-450
-466.666666666667
-483.333333333334
-500
-483.333333333333
-466.666666666667
-450
-433.333333333333
-416.666666666667
-400
-383.333333333333
-366.666666666667
-350
-333.333333333333
-316.666666666666
-300
-283.333333333333
-266.666666666666
-250
-233.333333333333
-216.666666666666
-200
-183.333333333333
-166.666666666666
-150
-133.333333333333
-116.666666666666
-99.9999999999998
-83.3333333333331
-66.6666666666665
-49.9999999999998
-33.3333333333331
-16.6666666666664
2.20268248085631E-13
16.6666666666669
33.3333333333336
50.0000000000002
66.6666666666669
83.3333333333336
100
116.666666666667
133.333333333334
150
166.666666666667
183.333333333334
200
216.666666666667
233.333333333334
250
266.666666666667
283.333333333334
300
316.666666666667
333.333333333334
350
366.666666666667
383.333333333334
400
416.666666666667
433.333333333334
450
466.666666666667
483.333333333334
500
FieldDomainFile c:\Ideasvsm\Default UserID\Experiments\Jason_500G\fdomain.ini
TempDomainFile c:\Ideasvsm\Default UserID\Experiments\Jason_500G\tdomain.ini
NumSelectedResults 0
ResultsSelected 
UserName1 
UserValue1 
UserName2 
UserValue2 
LinearBackgroundCorrection Off
MaxLinearFieldCorrection 
MinLinearFieldCorrection 
AutoLinearCorrection Off
FitOneRegion Off
BackgroundMode Off
BackgroundFilename 
AutoCenter Off
OffsetCorrection 
SmoothDeriv Off
DerivOrder 0
DerivPoints 0
MinExFieldOne 
MaxExFieldOne 
MinExFieldTwo 
MaxExFieldTwo 
MinPinFieldOne 
MaxPinFieldOne 
MinPinFieldTwo 
MaxPinFieldTwo 
HCenterStart 
Mass 
Volume 
Density 
MolarWeight 
NumberOfMoles 
Demagnetization 
SampleArea 
Thickness 
MomentScaling 0
XAxis 0
YAxis 0
SimpleSpinValve False
HsatMax 0
HsatMin 0
FieldAutoRange False
 
*************************************************** Experiment Data ********************************************
 
DataPoints 121
MomentX Data
0.0000913276
0.0000945207
0.000094718
0.0000938712
0.0000947835
0.0000957932
0.0000951326
0.0000963567
0.0000957214
0.0000970688
0.0000961412
0.0000958502
0.000097479
0.0000974345
0.0000973296
0.0000970757
0.0000961665
0.0000961724
0.0000972273
0.0000958514
0.0000943812
0.0000954683
0.0000960614
0.0000948822
0.0000959182
0.0000922864
0.0000935425
0.0000885126
0.0000883308
0.0000878821
0.0000854076
0.0000847122
0.0000818493
0.000077687
0.0000750072
0.0000658649
0.0000473134
0.000018943
-0.0000249683
-0.0000485238
-0.0000606547
-0.0000642162
-0.000069054
-0.0000708023
-0.0000704849
-0.0000696823
-0.0000701353
-0.0000703346
-0.0000700101
-0.0000722166
-0.0000720323
-0.0000710711
-0.0000721241
-0.0000727409
-0.0000703397
-0.0000704181
-0.0000687278
-0.0000707413
-0.0000688361
-0.0000691726
-0.0000685773
-0.0000694725
-0.0000706442
-0.0000708938
-0.0000707778
-0.000069887
-0.0000709545
-0.0000704117
-0.0000712096
-0.0000696006
-0.0000714603
-0.0000719231
-0.0000720756
-0.0000723204
-0.0000722771
-0.0000737816
-0.0000722469
-0.0000721671
-0.0000738203
-0.0000725834
-0.000071713
-0.0000725139
-0.0000721299
-0.0000699703
-0.0000708168
-0.0000698134
-0.0000697277
-0.0000678141
-0.0000656249
-0.0000645994
-0.0000638989
-0.0000610816
-0.0000555651
-0.0000562725
-0.0000524169
-0.0000447138
-0.0000300827
-0.000000853513
0.000039193
0.000066042
0.0000802598
0.0000877909
0.0000913092
0.0000947515
0.0000943105
0.0000942097
0.0000960508
0.0000953416
0.000095576
0.0000940999
0.0000977756
0.0000961232
0.0000962357
0.0000952417
0.0000946285
0.0000951203
0.0000927823
0.0000935924
0.0000949791
0.0000934166
0.0000928021
MomentY Data
-0.000113805
-0.000115999
-0.000117159
-0.000116221
-0.000113837
-0.000112756
-0.000115633
-0.000114202
-0.000112883
-0.000112883
-0.00011452
-0.000113583
-0.000115728
-0.000116889
-0.000114346
-0.000114822
-0.000115697
-0.000115665
-0.000117048
-0.000117461
-0.000115903
-0.000116555
-0.00011584
-0.000115712
-0.000114441
-0.000117445
-0.000115061
-0.00011603
-0.000116014
-0.000118001
-0.000118224
-0.00011646
-0.000114282
-0.000116539
-0.000115252
-0.000114187
-0.000115633
-0.000113742
-0.00011576
-0.000114743
-0.000115426
-0.000116205
-0.00011638
-0.000114346
-0.000115093
-0.000116587
-0.000117366
-0.000118049
-0.000118764
-0.000119082
-0.000115967
-0.000117858
-0.000116905
-0.000117842
-0.000115776
-0.000117874
-0.000119082
-0.000117954
-0.000116523
-0.000115601
-0.000116396
-0.000115681
-0.000116507
-0.000115124
-0.000116142
-0.000117604
-0.000116316
-0.000114473
-0.000116857
-0.000117779
-0.000118764
-0.000117556
-0.000117842
-0.000118717
-0.000117652
-0.000117668
-0.000119098
-0.000118176
-0.000118876
-0.000118717
-0.000115967
-0.000118144
-0.000117556
-0.000118494
-0.000117016
-0.000117175
-0.000119495
-0.00011905
-0.000120131
-0.000117095
-0.00011824
-0.000117461
-0.000117779
-0.000117445
-0.000119495
-0.000118621
-0.000116412
-0.000116237
-0.000116205
-0.000116682
-0.000116173
-0.000115871
-0.00011735
-0.000118176
-0.000117032
-0.00011816
-0.000114854
-0.000118876
-0.000117588
-0.000116205
-0.000118685
-0.000116205
-0.000118732
-0.000117254
-0.000117779
-0.000117477
-0.000117572
-0.000116905
-0.00011824
-0.000116221
-0.000117079
Field Data
499.998
483.339
466.675
449.988
433.324
416.661
399.994
383.325
366.658
350.001
333.33
316.674
300.006
283.324
266.66
249.994
233.324
216.657
199.998
183.342
166.661
149.985
133.327
116.655
99.9997
83.3101
66.67
49.9965
33.3303
16.6591
-0.0000541138
-16.6651
-33.3408
-50.0052
-66.6712
-83.3377
-100.008
-116.808
-133.336
-150.002
-166.671
-183.345
-200.014
-216.688
-233.336
-250.004
-266.669
-283.347
-300.002
-316.672
-333.34
-350.006
-366.676
-383.338
-400.009
-416.669
-433.34
-450.008
-466.684
-483.326
-500.012
-483.343
-466.681
-450.005
-433.347
-416.676
-400.012
-383.342
-366.666
-350.01
-333.333
-316.673
-300.002
-283.34
-266.682
-250.016
-233.333
-216.673
-200.012
-183.339
-166.672
-150.002
-133.328
-116.673
-100.01
-83.3314
-66.6739
-50.0062
-33.3476
-16.6889
-0.000573298
16.661
33.3304
50.0078
66.6789
83.3441
99.9915
116.67
133.329
149.987
166.664
183.345
200.006
216.659
233.329
249.995
266.682
283.322
299.992
316.671
333.33
349.992
366.67
383.332
399.99
416.668
433.321
450.001
466.665
483.326
500.01
Time Data
0
10.374
20.732
31.106
41.48
51.823
62.244
72.587
82.992
93.366
103.725
114.13
124.52
134.894
145.283
155.658
166.047
176.406
186.795
197.154
207.528
217.886
228.307
238.65
249.04
259.398
269.788
280.146
290.536
300.91
311.315
321.689
332.079
342.453
352.812
363.201
373.575
381.999
392.358
402.716
413.106
423.464
433.839
444.181
454.571
464.961
475.35
485.709
496.083
506.457
516.815
527.205
537.548
547.953
558.359
568.733
579.122
589.512
599.886
610.291
620.665
631.039
641.429
651.803
662.193
672.551
682.91
693.284
703.642
714.032
724.406
734.78
745.17
755.544
765.918
776.308
786.682
797.071
807.445
817.804
828.193
838.536
848.91
859.284
869.659
880.064
890.422
900.812
911.233
921.591
931.95
942.308
952.682
963.088
973.462
983.836
994.241
1004.61
1015.02
1025.39
1035.77
1046.16
1056.52
1066.89
1077.3
1087.69
1098.07
1108.43
1118.84
1129.24
1139.6
1149.98
1160.35
1170.69
1181.11
1191.49
1201.85
1212.25
1222.63
1233.02
1243.42
Temperature Data
0
0
0
0
0
0
0
0
0
0
0
0
0
0
0
0
0
0
0
0
0
0
0
0
0
0
0
0
0
0
0
0
0
0
0
0
0
0
0
0
0
0
0
0
0
0
0
0
0
0
0
0
0
0
0
0
0
0
0
0
0
0
0
0
0
0
0
0
0
0
0
0
0
0
0
0
0
0
0
0
0
0
0
0
0
0
0
0
0
0
0
0
0
0
0
0
0
0
0
0
0
0
0
0
0
0
0
0
0
0
0
0
0
0
0
0
0
0
0
0
0
Angle Data
0
0
0
0
0
0
0
0
0
0
0
0
0
0
0
0
0
0
0
0
0
0
0
0
0
0
0
0
0
0
0
0
0
0
0
0
0
0
0
0
0
0
0
0
0
0
0
0
0
0
0
0
0
0
0
0
0
0
0
0
0
0
0
0
0
0
0
0
0
0
0
0
0
0
0
0
0
0
0
0
0
0
0
0
0
0
0
0
0
0
0
0
0
0
0
0
0
0
0
0
0
0
0
0
0
0
0
0
0
0
0
0
0
0
0
0
0
0
0
0
0
Bx Data
0
0
0
0
0
0
0
0
0
0
0
0
0
0
0
0
0
0
0
0
0
0
0
0
0
0
0
0
0
0
0
0
0
0
0
0
0
0
0
0
0
0
0
0
0
0
0
0
0
0
0
0
0
0
0
0
0
0
0
0
0
0
0
0
0
0
0
0
0
0
0
0
0
0
0
0
0
0
0
0
0
0
0
0
0
0
0
0
0
0
0
0
0
0
0
0
0
0
0
0
0
0
0
0
0
0
0
0
0
0
0
0
0
0
0
0
0
0
0
0
0
Hint Data
0
0
0
0
0
0
0
0
0
0
0
0
0
0
0
0
0
0
0
0
0
0
0
0
0
0
0
0
0
0
0
0
0
0
0
0
0
0
0
0
0
0
0
0
0
0
0
0
0
0
0
0
0
0
0
0
0
0
0
0
0
0
0
0
0
0
0
0
0
0
0
0
0
0
0
0
0
0
0
0
0
0
0
0
0
0
0
0
0
0
0
0
0
0
0
0
0
0
0
0
0
0
0
0
0
0
0
0
0
0
0
0
0
0
0
0
0
0
0
0
0
Torque Data
-0.05690227239
-0.056066840661
-0.054675176325
-0.052298055348
-0.049328304188
-0.046981027716
-0.046252506202
-0.04377648165
-0.041389455014
-0.039509162883
-0.0381729516
-0.035968782942
-0.034719094368
-0.033117459036
-0.03049150436
-0.028704811068
-0.026994886828
-0.025059631905
-0.023409365904
-0.021535534662
-0.019316509883
-0.017481501675
-0.01544459968
-0.01349838336
-0.0114440656677
-0.0097843546945
-0.00767111687
-0.005801093895
-0.0038667814242
-0.0019657904591
6.3975498912E-09
0.001940817546
0.0038102533056
0.0058275560028
0.0076839891424
0.0095160819499
0.011564225064
0.013285975536
0.01543497536
0.017211679486
0.019238166846
0.021305605725
0.02327762932
0.024777406048
0.026855340248
0.029147216348
0.031297873854
0.033448830003
0.035629437528
0.037709935104
0.03865643978
0.041251007148
0.04286625778
0.045173316596
0.046311441984
0.049114441706
0.05160299388
0.053080243632
0.054379419732
0.055872968926
0.058199396752
0.055913601583
0.054371603267
0.05180637562
0.050329787274
0.049002764304
0.046527795792
0.043882308766
0.042847488762
0.04122382779
0.039587960412
0.037226811188
0.035352835684
0.03363727478
0.031375670664
0.029418882688
0.027789493634
0.025605548448
0.023776626512
0.021765456063
0.019328451824
0.017721836288
0.015673506368
0.013825050462
0.01170277016
0.009764356795
0.0079671976805
0.00595323811
0.0040060805356
0.0019541867455
6.778675552E-08
-0.001957017721
-0.0039256211816
-0.005873166071
-0.0079677951555
-0.0098863604861
-0.011640210498
-0.01356137079
-0.015493496445
-0.017500783134
-0.019361856872
-0.021244368495
-0.0234707041
-0.025603893984
-0.027306959528
-0.0295394092
-0.030629494428
-0.033680186072
-0.035275459296
-0.036798753555
-0.03956127105
-0.04067082036
-0.04353546244
-0.044947210328
-0.04711042221
-0.048948906636
-0.050946416612
-0.052607366905
-0.0551784696
-0.056172631046
-0.05854067079
dMdH Data
-1.91674170118255E-07
-1.18398943831008E-08
5.074608977048E-08
-5.47467594815172E-08
-6.05953309728139E-08
3.96352072958541E-08
-7.34357189993404E-08
3.81172376552472E-08
-8.08909167317042E-08
5.56415332013677E-08
1.7471181556196E-08
-9.77201823854096E-08
2.66754585781139E-09
6.29500720115176E-09
1.52346093843758E-08
5.45410917816438E-08
-3.53992920141967E-10
-6.33231286391741E-08
8.26068683957735E-08
8.81362028655355E-08
-6.51894938834248E-08
-3.5604514347461E-08
7.0729366602687E-08
-6.22024220518391E-08
2.17608570606845E-07
-7.54863252023723E-08
3.0167031517078E-07
1.09083054325516E-08
2.69146792072557E-08
1.48536953502951E-07
4.17280579212719E-08
1.71680948925682E-07
2.49771968987782E-07
1.60794431777272E-07
5.48543485434854E-07
1.11284739926696E-06
1.68871428571428E-06
2.65678242981607E-06
1.41338653546142E-06
7.27752114703942E-07
2.13596017752189E-07
2.90227368168457E-07
1.04851865179321E-07
-1.90653531955793E-08
-4.81521478281737E-08
2.71827182718274E-08
1.19498740856216E-08
-1.94836385469829E-08
1.32363527294541E-07
-1.10571154307658E-08
-5.76743069722785E-08
6.31673665266941E-08
3.70183651422396E-08
-1.44034551016735E-07
4.70588235294093E-09
-1.01391638174075E-07
1.20800335973122E-07
-1.14248021108179E-07
2.02199254897248E-08
-3.56766151264532E-08
-5.37044813726078E-08
-7.03216900732204E-08
-1.49676181338454E-08
6.96362108296295E-09
5.34341071321458E-08
-6.40602496399426E-08
3.25614877024601E-08
-4.78472055648842E-08
9.66018251681078E-08
-1.11512862025545E-07
-2.77791116446577E-08
-9.14762161837937E-09
-1.46921137918614E-08
2.59935166286429E-09
-9.02736109444376E-08
9.19918479889715E-08
4.78991596638648E-09
-9.92257367504955E-08
7.41858093924314E-08
5.2222955540889E-08
-4.80443911217757E-08
2.30298668585823E-08
1.29666766736715E-07
-5.08011762587765E-08
6.01609247778585E-08
5.14482965631127E-09
1.14808881849325E-07
1.31415605152894E-07
6.15594254053441E-08
4.1975448617988E-08
1.69089674162895E-07
3.30935726540847E-07
-4.24166836557257E-08
2.31274480988057E-07
4.62226675947484E-07
8.78881987577639E-07
1.75250694007255E-06
2.40389657242331E-06
1.61177812462481E-06
8.52539425556155E-07
4.51477729152929E-07
2.11169797731228E-07
2.06707500150123E-07
-2.64547090581878E-08
-6.04824192967744E-09
1.1033139569725E-07
-4.26201923076929E-08
1.40611877624474E-08
-8.85005096228787E-08
2.20643496008164E-07
-9.91717680950667E-08
6.74541311907878E-09
-5.96567038770855E-08
-3.68111417937329E-08
2.94879481952277E-08
-1.40395124001681E-07
4.85671462829734E-08
8.32153144503117E-08
-9.37818858411854E-08
-3.68316950371614E-08
-3.68316950371614E-08
dMdT Data
0
0
0
0
0
0
0
0
0
0
0
0
0
0
0
0
0
0
0
0
0
0
0
0
0
0
0
0
0
0
0
0
0
0
0
0
0
0
0
0
0
0
0
0
0
0
0
0
0
0
0
0
0
0
0
0
0
0
0
0
0
0
0
0
0
0
0
0
0
0
0
0
0
0
0
0
0
0
0
0
0
0
0
0
0
0
0
0
0
0
0
0
0
0
0
0
0
0
0
0
0
0
0
0
0
0
0
0
0
0
0
0
0
0
0
0
0
0
0
0
0
 
*********************************************** Results ***************************************
 
TotalArea 0.038038483894628
AreaFirstQuad 1.39247965071501E-02
AreaSecondQuad 8.17083270341185E-03
AreaThirdQuad 1.04175144380595E-02
AreaFourthQuad 5.52534024600646E-03
Coercivity 120.481553568216
PositiveCoercivity 117.025053961053
NegativeCoercivity -123.938053175379
Retentivity 7.46532055495635E-05
PositiveRetentivity 8.5407608037899E-05
NegativeRetentivity -6.3898803061228E-05
Magnetization 0.00008579795
PositiveMagnetization 0.0000977756
NegativeMagnetization -0.0000738203
Flatness 0.222419792726426
Squareness 0.870104769980675
SStar 0.766776713336984
SFD1 0.794973199847847
SFD2 0.414931568521775
Slope 0
Intercept 0
SlopeAtHc 2.65678242981607E-06
dH1 24.7019474054515
dH2 49.9916
InitialSlope -1.91674170118255E-07
FieldAtHalfMs 0
FieldAtMs 333.33
MomentMean 1.23778833636364E-05
MomentRMS 7.91296039083953E-05
SFD3 0.699888444771657
dH3 36.1579064176841
UserField1 0
UserField2 0
CenterField 0
ExchangeField 0
ExchangeMoment 0
ExRegionOneIntercept 0
ExRegionOneSlope 0
ExRegionTwoIntercept 0
ExRegionTwoSlope 0
NegativeIntercept 0
NegativeSlope 0
AutoCenterOffset 0
PinningField 0
PinningMoment 0
PinRegionOneIntercept 0
PinRegionOneSlope 0
PinRegionTwoIntercept 0
PinRegionTwoSlope 0
PositiveIntercept 0
PositiveSlope 0
TotalOffset 0
BHMax 0
BCoercivity 0
BRetentivity 0
BNegativeCoercivity 0
BPositiveCoercivity 0
BNegativeRetentivity 0
BPositiveRetentivity 0
MomentYMean -1.16683636363636E-04
MomentYRMS 1.56923269997367E-06
YOffCorrection 0
Mrt 0
Ms1 0
Ms2 0
Ms3 0
Hc2 0
Hex2 0
HsatValue 0
HsatIntercept 0
HsatSlope 0
CenterH 0
Span .0001715959
SpanAsPercentOfRange -13.1996846153846
RMSAsPercentOfRange -6.0868926083381
SpanAsPercentOfMean 1386.31052627393
RMSAsPercentOfMean 639.282190530745
