Version 1.25
******************************************** Units *******************************************
System CGS
TemperatureUnit K
MomentUnit emu
AppliedFieldUnit G
 
******************************************** Setup ********************************************
 
Experiment Hysteresis
Minor False
Acquisition PointByPoint
EditedPoint No
MaxField 500
FieldIncrement 16.6666666666667
Points 121
MinField 0
RampRate 500
AverageTime 3
TimeInterval 0
TimeConstant 0.3
TimeConstantIndex 1
Sensitivity -0.0013
SensitivityIndex 5
SensitivityY -4
SensitivityIndexY 0
SaturationField 8000
ExperimentTime 363
Use735Domains False
AutoRangeEnabled False
NumberOfVertices 3
VertexPts
0
60
120
VertexField
500
-500
500
StartAngle 0
EndAngle 0
AngleIncrement 0
StartTemp 0
FinishTemp 0
TempIncrement 0
TempPoints 0
LengthofSetPointsArray 121
SetPointArray
500
483.333333333333
466.666666666667
450
433.333333333333
416.666666666667
400
383.333333333333
366.666666666667
350
333.333333333333
316.666666666666
300
283.333333333333
266.666666666666
250
233.333333333333
216.666666666666
200
183.333333333333
166.666666666666
150
133.333333333333
116.666666666666
99.9999999999998
83.3333333333331
66.6666666666665
49.9999999999998
33.3333333333331
16.6666666666664
-2.20268248085631E-13
-16.6666666666669
-33.3333333333336
-50.0000000000002
-66.6666666666669
-83.3333333333336
-100
-116.666666666667
-133.333333333334
-150
-166.666666666667
-183.333333333334
-200
-216.666666666667
-233.333333333334
-250
-266.666666666667
-283.333333333334
-300
-316.666666666667
-333.333333333334
-350
-366.666666666667
-383.333333333334
-400
-416.666666666667
-433.333333333334
-450
-466.666666666667
-483.333333333334
-500
-483.333333333333
-466.666666666667
-450
-433.333333333333
-416.666666666667
-400
-383.333333333333
-366.666666666667
-350
-333.333333333333
-316.666666666666
-300
-283.333333333333
-266.666666666666
-250
-233.333333333333
-216.666666666666
-200
-183.333333333333
-166.666666666666
-150
-133.333333333333
-116.666666666666
-99.9999999999998
-83.3333333333331
-66.6666666666665
-49.9999999999998
-33.3333333333331
-16.6666666666664
2.20268248085631E-13
16.6666666666669
33.3333333333336
50.0000000000002
66.6666666666669
83.3333333333336
100
116.666666666667
133.333333333334
150
166.666666666667
183.333333333334
200
216.666666666667
233.333333333334
250
266.666666666667
283.333333333334
300
316.666666666667
333.333333333334
350
366.666666666667
383.333333333334
400
416.666666666667
433.333333333334
450
466.666666666667
483.333333333334
500
FieldDomainFile c:\Ideasvsm\Default UserID\Experiments\Jason_500G\fdomain.ini
TempDomainFile c:\Ideasvsm\Default UserID\Experiments\Jason_500G\tdomain.ini
NumSelectedResults 0
ResultsSelected 
UserName1 
UserValue1 
UserName2 
UserValue2 
LinearBackgroundCorrection Off
MaxLinearFieldCorrection 
MinLinearFieldCorrection 
AutoLinearCorrection Off
FitOneRegion Off
BackgroundMode Off
BackgroundFilename 
AutoCenter Off
OffsetCorrection 
SmoothDeriv Off
DerivOrder 0
DerivPoints 0
MinExFieldOne 
MaxExFieldOne 
MinExFieldTwo 
MaxExFieldTwo 
MinPinFieldOne 
MaxPinFieldOne 
MinPinFieldTwo 
MaxPinFieldTwo 
HCenterStart 
Mass 
Volume 
Density 
MolarWeight 
NumberOfMoles 
Demagnetization 
SampleArea 
Thickness 
MomentScaling 0
XAxis 0
YAxis 0
SimpleSpinValve False
HsatMax 0
HsatMin 0
FieldAutoRange False
 
*************************************************** Experiment Data ********************************************
 
DataPoints 121
MomentX Data
0.0000332751
0.0000329847
0.000031319
0.0000331439
0.0000326228
0.0000320525
0.0000336007
0.0000321039
0.0000336834
0.0000345597
0.0000343361
0.0000349733
0.0000359012
0.0000365544
0.0000359957
0.0000359904
0.0000361716
0.0000369853
0.000038106
0.0000370614
0.0000365242
0.0000360687
0.0000373695
0.0000362883
0.000035602
0.0000335994
0.0000328103
0.0000318838
0.0000285584
0.0000281588
0.000022459
0.0000151181
0.0000117325
0.00000540191
-0.00000482863
-0.0000218798
-0.0000449556
-0.0000750436
-0.0000993466
-0.000113674
-0.000121093
-0.000125815
-0.000127981
-0.000130093
-0.000131642
-0.00012995
-0.000130843
-0.000130439
-0.000129073
-0.000128479
-0.000129975
-0.000129546
-0.00012828
-0.000129705
-0.000128755
-0.000129209
-0.000129521
-0.000127495
-0.000127177
-0.000126695
-0.000127854
-0.000128743
-0.00012791
-0.000128264
-0.000129181
-0.000126775
-0.000129705
-0.000127456
-0.000128394
-0.000128815
-0.000127242
-0.000128489
-0.00012848
-0.000127724
-0.000129085
-0.000127361
-0.000127203
-0.000128431
-0.000127342
-0.000127953
-0.000128892
-0.000127204
-0.000126133
-0.000126372
-0.000124968
-0.000123716
-0.000121704
-0.000119598
-0.000119352
-0.000115696
-0.000110589
-0.00010822
-0.000101357
-0.0000948847
-0.0000855141
-0.0000744257
-0.0000493184
-0.0000230189
0.00000406177
0.0000218223
0.0000319998
0.0000380557
0.0000411062
0.0000427012
0.0000424171
0.00004516
0.0000438632
0.0000455389
0.0000442845
0.0000448231
0.0000440986
0.0000444486
0.0000460568
0.0000448541
0.0000443239
0.0000455192
0.0000469796
0.0000455293
0.0000444299
0.0000440611
0.0000436229
MomentY Data
-0.000121053
-0.000121005
-0.000120401
-0.00012126
-0.000119781
-0.000120147
-0.00012188
-0.000121212
-0.000119845
-0.000121005
-0.000121021
-0.000121498
-0.000121291
-0.000120846
-0.000119305
-0.000120338
-0.000121403
-0.000118049
-0.000121435
-0.000121848
-0.000121752
-0.000120846
-0.000121752
-0.000121848
-0.000120576
-0.00011967
-0.000123056
-0.000122341
-0.000122547
-0.000120672
-0.000120354
-0.000122499
-0.000119591
-0.000120465
-0.000120592
-0.000120401
-0.000120497
-0.000119273
-0.000120052
-0.000119432
-0.00011905
-0.000118097
-0.000118764
-0.000119845
-0.00011913
-0.000120465
-0.000119225
-0.000117842
-0.00011824
-0.000117811
-0.000120179
-0.00011851
-0.000120767
-0.000120735
-0.000121943
-0.000120719
-0.000119448
-0.000119972
-0.0001194
-0.000119607
-0.000117811
-0.000120846
-0.000119686
-0.000118367
-0.000119066
-0.000119321
-0.000118478
-0.000118955
-0.000122325
-0.000120163
-0.000118224
-0.000119527
-0.000120624
-0.000119702
-0.000120529
-0.0001194
-0.00012029
-0.000119479
-0.000119241
-0.000120068
-0.000119321
-0.000122134
-0.000118462
-0.000120974
-0.000119702
-0.000119972
-0.000119734
-0.000118987
-0.000120592
-0.000120942
-0.000121593
-0.000121148
-0.000120862
-0.000120767
-0.00012126
-0.000120068
-0.000119098
-0.000120004
-0.000118589
-0.000120068
-0.000119178
-0.000118383
-0.00012056
-0.000121848
-0.000120831
-0.000123183
-0.000122356
-0.000120656
-0.000120608
-0.000118907
-0.000118828
-0.00011975
-0.000119416
-0.000118001
-0.000118876
-0.000119766
-0.000119193
-0.000118653
-0.000119114
-0.000118367
-0.00011789
Field Data
499.994
483.325
466.658
449.991
433.332
416.671
399.994
383.33
366.654
349.992
333.323
316.669
299.998
283.324
266.661
249.99
233.328
216.653
199.992
183.329
166.646
149.989
133.325
116.668
100.001
83.3012
66.6599
49.9775
33.3193
16.6618
-0.00383116
-16.6834
-33.3533
-50.0065
-66.6729
-83.3312
-99.9959
-116.675
-133.339
-150.014
-166.673
-183.344
-200.011
-216.668
-233.33
-250.013
-266.66
-283.333
-299.999
-316.671
-333.335
-350.011
-366.662
-383.338
-400.013
-416.677
-433.347
-450.001
-466.663
-483.34
-500.002
-483.339
-466.677
-450.001
-433.336
-416.676
-399.992
-383.337
-366.667
-349.994
-333.332
-316.669
-300.004
-283.335
-266.661
-250.005
-233.333
-216.674
-200.013
-183.335
-166.663
-150.006
-133.33
-116.665
-100.003
-83.3362
-66.6707
-50.011
-33.3366
-16.6686
-0.00156739
16.6601
33.3255
49.9907
66.661
83.3267
99.9856
116.667
133.33
150.001
166.668
183.324
199.994
216.656
233.331
249.995
266.666
283.33
299.993
316.684
333.33
350
366.669
383.323
399.987
416.669
433.337
450.001
466.67
483.329
500.006
Time Data
0
10.405
20.763
31.169
41.527
51.901
62.26
72.634
82.977
93.366
103.725
114.114
124.489
134.863
145.283
155.673
166.078
176.452
186.842
197.216
207.606
217.996
228.401
238.759
249.102
259.461
269.835
280.24
290.598
300.957
311.331
321.689
332.079
342.469
352.827
363.201
373.575
383.934
394.292
404.682
415.087
425.508
435.882
446.303
456.677
467.067
477.425
487.799
498.189
508.579
518.953
529.327
539.685
550.059
560.449
570.807
581.197
591.556
601.93
612.319
622.709
633.099
643.504
653.878
664.299
674.642
685
695.374
705.748
716.138
726.496
736.87
747.26
757.65
768.055
778.414
788.803
799.224
809.598
819.957
830.393
840.767
851.157
861.546
871.936
882.326
892.7
903.09
913.479
923.853
934.243
944.617
955.038
965.428
975.802
986.16
996.565
1006.94
1017.33
1027.69
1038.11
1048.48
1058.83
1069.25
1079.62
1089.98
1100.37
1110.76
1121.21
1131.6
1141.99
1152.36
1162.75
1173.16
1183.53
1193.91
1204.28
1214.66
1225.01
1235.39
1245.73
Temperature Data
0
0
0
0
0
0
0
0
0
0
0
0
0
0
0
0
0
0
0
0
0
0
0
0
0
0
0
0
0
0
0
0
0
0
0
0
0
0
0
0
0
0
0
0
0
0
0
0
0
0
0
0
0
0
0
0
0
0
0
0
0
0
0
0
0
0
0
0
0
0
0
0
0
0
0
0
0
0
0
0
0
0
0
0
0
0
0
0
0
0
0
0
0
0
0
0
0
0
0
0
0
0
0
0
0
0
0
0
0
0
0
0
0
0
0
0
0
0
0
0
0
Angle Data
0
0
0
0
0
0
0
0
0
0
0
0
0
0
0
0
0
0
0
0
0
0
0
0
0
0
0
0
0
0
0
0
0
0
0
0
0
0
0
0
0
0
0
0
0
0
0
0
0
0
0
0
0
0
0
0
0
0
0
0
0
0
0
0
0
0
0
0
0
0
0
0
0
0
0
0
0
0
0
0
0
0
0
0
0
0
0
0
0
0
0
0
0
0
0
0
0
0
0
0
0
0
0
0
0
0
0
0
0
0
0
0
0
0
0
0
0
0
0
0
0
Bx Data
0
0
0
0
0
0
0
0
0
0
0
0
0
0
0
0
0
0
0
0
0
0
0
0
0
0
0
0
0
0
0
0
0
0
0
0
0
0
0
0
0
0
0
0
0
0
0
0
0
0
0
0
0
0
0
0
0
0
0
0
0
0
0
0
0
0
0
0
0
0
0
0
0
0
0
0
0
0
0
0
0
0
0
0
0
0
0
0
0
0
0
0
0
0
0
0
0
0
0
0
0
0
0
0
0
0
0
0
0
0
0
0
0
0
0
0
0
0
0
0
0
Hint Data
0
0
0
0
0
0
0
0
0
0
0
0
0
0
0
0
0
0
0
0
0
0
0
0
0
0
0
0
0
0
0
0
0
0
0
0
0
0
0
0
0
0
0
0
0
0
0
0
0
0
0
0
0
0
0
0
0
0
0
0
0
0
0
0
0
0
0
0
0
0
0
0
0
0
0
0
0
0
0
0
0
0
0
0
0
0
0
0
0
0
0
0
0
0
0
0
0
0
0
0
0
0
0
0
0
0
0
0
0
0
0
0
0
0
0
0
0
0
0
0
0
Torque Data
-0.060525773682
-0.058484741625
-0.056186089858
-0.05456590866
-0.051904940292
-0.050061770637
-0.04875126872
-0.04646419596
-0.04394164863
-0.04235078196
-0.040339082783
-0.038474650162
-0.036387057418
-0.034238572104
-0.031813990605
-0.03008329662
-0.028326719184
-0.025575669997
-0.02428602852
-0.022338271992
-0.020289483792
-0.018125570694
-0.0162325854
-0.014215762464
-0.012057720576
-0.009968654604
-0.0082029006544
-0.0061142973275
-0.0040831802571
-0.0020106127296
4.6109543064E-07
0.0020436998166
0.0039887545003
0.0060240330225
0.0080402183568
0.0100331598112
0.0120492059623
0.013916177275
0.016007613628
0.017916472048
0.01984242065
0.021652376368
0.023754106404
0.02596657646
0.0277966029
0.030117816045
0.0317925385
0.033388527386
0.03547188176
0.037307327181
0.040059866965
0.04147980361
0.044280669754
0.04628231343
0.048778785259
0.050300830763
0.051762432456
0.053987519972
0.0557195622
0.05781084738
0.058905735622
0.058409584794
0.055854703422
0.053265268367
0.051595584176
0.049718196996
0.047390252176
0.045599852835
0.044852540775
0.042056329022
0.039407842368
0.037850495563
0.036187682496
0.03391576617
0.032140383669
0.029850597
0.02806762657
0.025887992846
0.023849750133
0.02201266678
0.019886395823
0.018320832804
0.01579453846
0.01411343171
0.011970559106
0.0099980105864
0.0079827495938
0.005950658857
0.0040201272672
0.0020159338212
1.9058365227E-07
-0.0020183377948
-0.004027786581
-0.0060372268669
-0.00808331286
-0.0100048702156
-0.0119080849888
-0.014000506668
-0.01581147137
-0.018010320068
-0.019863158904
-0.021702445092
-0.02411127664
-0.026399100288
-0.028193618061
-0.030795134085
-0.032628185096
-0.03418546448
-0.036181555744
-0.037655944388
-0.03960893724
-0.0419125
-0.043786145304
-0.045232497323
-0.047548854612
-0.049902779454
-0.051650737041
-0.053393968653
-0.05558693038
-0.057210203743
-0.05894570734
dMdH Data
1.74215609814625E-08
9.99400011999762E-08
-1.09491810163796E-07
3.12803889789302E-08
3.42296380769464E-08
-9.28344426455599E-08
8.98223715794522E-08
-9.47169585032379E-08
-5.259272596327E-08
1.34141220229169E-08
-3.8261078419599E-08
-5.56595285225843E-08
-3.91747631042339E-08
3.35293764628217E-08
3.17917341491097E-10
-1.08750450126034E-08
-4.87976011994004E-08
-6.72648700558188E-08
6.2689791754186E-08
3.22004435653059E-08
2.73458605991473E-08
-7.80604896783484E-08
6.49096475956055E-08
4.11771764564709E-08
1.19917603803638E-07
4.74181704554333E-08
5.55375725315302E-08
1.99625409708132E-07
2.39891940567313E-08
3.42009249171455E-07
4.40113294918959E-07
2.03096599259744E-07
3.80142555184589E-07
6.13842221475544E-07
1.02358403918767E-06
1.38471139594472E-06
1.80393426503828E-06
1.45841334613538E-06
8.59214392803598E-07
4.45344858634973E-07
2.83246355947453E-07
1.29957400851983E-07
1.26793540253347E-07
9.29660304885381E-08
-1.01420607804353E-07
5.36432990929308E-08
-2.42307922989275E-08
-8.19632785311405E-08
-3.56285988483687E-08
8.97743638982238E-08
-2.57255936675464E-08
-7.60314695814058E-08
8.54521467977926E-08
-5.69715142428785E-08
2.72443590974551E-08
1.87162567486507E-08
-1.21652455866458E-07
-1.90853438962921E-08
-2.89020807099599E-08
6.95594766534632E-08
-5.33517373822247E-08
4.9993998319531E-08
-2.1228112257137E-08
-5.50255025502546E-08
1.44417767106842E-07
-1.75617357947735E-07
1.35034524166917E-07
-5.62687462507496E-08
-2.52504048461594E-08
9.44064338014638E-08
-7.48364640220838E-08
5.40054005400912E-10
4.53536504889301E-08
-8.16240854024224E-08
1.03506243996158E-07
9.47696737044111E-09
-7.37139083978636E-08
6.5362223155874E-08
-3.66350881400663E-08
-5.63219769673696E-08
1.01338776490364E-07
6.42240345406575E-08
-1.43414341434141E-08
8.42635938062667E-08
7.51193990448065E-08
1.2072845099157E-07
1.26412840567357E-07
1.4753154536295E-08
2.19342452603792E-07
3.06413272206348E-07
1.4218264862386E-07
4.11811297658622E-07
3.88372176751554E-07
5.6211345926588E-07
6.65342589870212E-07
1.50714032739256E-06
1.57657630654501E-06
1.62519774350357E-06
1.06535480774999E-06
6.10637787244255E-07
3.63586695485111E-07
1.82993401319736E-07
9.5726803504981E-08
-1.70374812593703E-08
1.64600336053769E-07
-7.77877751784539E-08
1.00558089294287E-07
-7.52805617235791E-08
3.22688874243605E-08
-4.35239697224561E-08
2.09958008398321E-08
9.64784930109787E-08
-7.22168848324728E-08
-3.18170907345177E-08
7.16520800863211E-08
8.76169906407485E-08
-8.70319251080175E-08
-6.59547663327132E-08
-2.21381835644398E-08
-2.62757090603825E-08
-2.62757090603825E-08
dMdT Data
0
0
0
0
0
0
0
0
0
0
0
0
0
0
0
0
0
0
0
0
0
0
0
0
0
0
0
0
0
0
0
0
0
0
0
0
0
0
0
0
0
0
0
0
0
0
0
0
0
0
0
0
0
0
0
0
0
0
0
0
0
0
0
0
0
0
0
0
0
0
0
0
0
0
0
0
0
0
0
0
0
0
0
0
0
0
0
0
0
0
0
0
0
0
0
0
0
0
0
0
0
0
0
0
0
0
0
0
0
0
0
0
0
0
0
0
0
0
0
0
0
 
*********************************************** Results ***************************************
 
TotalArea 2.54055976787473E-02
AreaFirstQuad 1.80142367495483E-03
AreaSecondQuad 7.01198019059775E-04
AreaThirdQuad 1.32192378626667E-02
AreaFourthQuad 9.68373812206606E-03
Coercivity 94.8187068723778
PositiveCoercivity 130.830753359869
NegativeCoercivity -58.8066603848868
Retentivity 6.65245437182467E-05
PositiveRetentivity 2.24603102921551E-05
NegativeRetentivity -1.10588777144338E-04
Magnetization 0.0000893108
PositiveMagnetization 0.0000469796
NegativeMagnetization -0.000131642
Flatness 1.1409179141699
Squareness 0.744865612201959
SStar -0.142960230798722
SFD1 -4.41297792503473
SFD2 0.703118110329573
Slope 0
Intercept 0
SlopeAtHc 6.13842221475544E-07
dH1 513.25156718052
dH2 66.66875
InitialSlope 1.74215609814625E-08
FieldAtHalfMs 0
FieldAtMs 433.337
MomentMean -4.42323161157025E-05
MomentRMS 7.86067977899334E-05
SFD3 -5.23093255076683
dH3 590.808967072718
UserField1 0
UserField2 0
CenterField 0
ExchangeField 0
ExchangeMoment 0
ExRegionOneIntercept 0
ExRegionOneSlope 0
ExRegionTwoIntercept 0
ExRegionTwoSlope 0
NegativeIntercept 0
NegativeSlope 0
AutoCenterOffset 0
PinningField 0
PinningMoment 0
PinRegionOneIntercept 0
PinRegionOneSlope 0
PinRegionTwoIntercept 0
PinRegionTwoSlope 0
PositiveIntercept 0
PositiveSlope 0
TotalOffset 0
BHMax 0
BCoercivity 0
BRetentivity 0
BNegativeCoercivity 0
BPositiveCoercivity 0
BNegativeRetentivity 0
BPositiveRetentivity 0
MomentYMean -1.20110173553719E-04
MomentYRMS 1.2335984468057E-06
YOffCorrection 0
Mrt 0
Ms1 0
Ms2 0
Ms3 0
Hc2 0
Hex2 0
HsatValue 0
HsatIntercept 0
HsatSlope 0
CenterH 0
Span .0001786216
SpanAsPercentOfRange -13.7401230769231
RMSAsPercentOfRange -6.0466767530718
SpanAsPercentOfMean -403.826016102714
RMSAsPercentOfMean -177.713501559164
