Version 1.25
******************************************** Units *******************************************
System CGS
TemperatureUnit K
MomentUnit emu
AppliedFieldUnit G
 
******************************************** Setup ********************************************
 
Experiment CustomField
Minor False
Acquisition PointByPoint
EditedPoint No
MaxField 500
FieldIncrement 16.6666666666667
Points 143
MinField 0
RampRate 500
AverageTime 3
TimeInterval 0
TimeConstant 0.3
TimeConstantIndex 1
Sensitivity -0.0013
SensitivityIndex 5
SensitivityY -4
SensitivityIndexY 0
SaturationField 8000
ExperimentTime 429
Use735Domains False
AutoRangeEnabled False
NumberOfVertices 7
VertexPts
0
27
44
71
98
115
142
VertexField
500
50
-50
-500
-50
50
500
StartAngle 0
EndAngle 0
AngleIncrement 0
StartTemp 0
FinishTemp 0
TempIncrement 0
TempPoints 0
LengthofSetPointsArray 143
SetPointArray
500
483.333333333333
466.666666666667
450
433.333333333333
416.666666666667
400
383.333333333333
366.666666666667
350
333.333333333333
316.666666666666
300
283.333333333333
266.666666666666
250
233.333333333333
216.666666666666
200
183.333333333333
166.666666666666
150
133.333333333333
116.666666666666
99.9999999999998
83.3333333333331
66.6666666666665
50
44.1176470588235
38.2352941176471
32.3529411764706
26.4705882352941
20.5882352941176
14.7058823529412
8.8235294117647
2.94117647058823
-2.94117647058824
-8.82352941176471
-14.7058823529412
-20.5882352941177
-26.4705882352941
-32.3529411764706
-38.2352941176471
-44.1176470588235
-50
-66.6666666666667
-83.3333333333333
-100
-116.666666666667
-133.333333333333
-150
-166.666666666667
-183.333333333333
-200
-216.666666666667
-233.333333333333
-250
-266.666666666667
-283.333333333333
-300
-316.666666666667
-333.333333333333
-350
-366.666666666667
-383.333333333333
-400
-416.666666666667
-433.333333333333
-450
-466.666666666667
-483.333333333334
-500
-483.333333333333
-466.666666666667
-450
-433.333333333333
-416.666666666667
-400
-383.333333333333
-366.666666666667
-350
-333.333333333333
-316.666666666666
-300
-283.333333333333
-266.666666666666
-250
-233.333333333333
-216.666666666666
-200
-183.333333333333
-166.666666666666
-150
-133.333333333333
-116.666666666666
-99.9999999999998
-83.3333333333331
-66.6666666666665
-50
-44.1176470588235
-38.2352941176471
-32.3529411764706
-26.4705882352941
-20.5882352941176
-14.7058823529412
-8.8235294117647
-2.94117647058823
2.94117647058824
8.82352941176471
14.7058823529412
20.5882352941177
26.4705882352941
32.3529411764706
38.2352941176471
44.1176470588235
50
66.6666666666667
83.3333333333333
100
116.666666666667
133.333333333333
150
166.666666666667
183.333333333333
200
216.666666666667
233.333333333333
250
266.666666666667
283.333333333333
300
316.666666666667
333.333333333333
350
366.666666666667
383.333333333333
400
416.666666666667
433.333333333333
450
466.666666666667
483.333333333334
500
FieldDomainFile c:\Ideasvsm\Default UserID\Experiments\Jason_500G\fdomain.ini
TempDomainFile c:\Ideasvsm\Default UserID\Experiments\Jason_500G\tdomain.ini
NumSelectedResults 0
ResultsSelected 
UserName1 
UserValue1 
UserName2 
UserValue2 
LinearBackgroundCorrection Off
MaxLinearFieldCorrection 
MinLinearFieldCorrection 
AutoLinearCorrection Off
FitOneRegion Off
BackgroundMode Off
BackgroundFilename 
AutoCenter Off
OffsetCorrection 
SmoothDeriv Off
DerivOrder 0
DerivPoints 0
MinExFieldOne 
MaxExFieldOne 
MinExFieldTwo 
MaxExFieldTwo 
MinPinFieldOne 
MaxPinFieldOne 
MinPinFieldTwo 
MaxPinFieldTwo 
HCenterStart 
Mass 
Volume 
Density 
MolarWeight 
NumberOfMoles 
Demagnetization 
SampleArea 
Thickness 
MomentScaling 0
XAxis 0
YAxis 0
SimpleSpinValve False
HsatMax 0
HsatMin 0
FieldAutoRange False
 
*************************************************** Experiment Data ********************************************
 
DataPoints 143
MomentX Data
0.000258704
0.000258351
0.00025648
0.000255285
0.000256813
0.000255587
0.000255415
0.000252346
0.00025272
0.000252256
0.000250375
0.000249475
0.000247151
0.000245188
0.000243288
0.000242088
0.000240924
0.000239867
0.000237824
0.00023562
0.000230683
0.000229755
0.000226859
0.000225669
0.000221327
0.000219488
0.000216118
0.000211627
0.000211941
0.000208861
0.000207317
0.000206305
0.000203461
0.000204312
0.000202709
0.00019949
0.000196533
0.000194137
0.000193525
0.000191451
0.000190398
0.000186166
0.000185326
0.000181331
0.000181962
0.000175944
0.000171915
0.000167096
0.000164401
0.000160273
0.000156569
0.000152317
0.000148914
0.000147473
0.00014425
0.000140101
0.00013763
0.000136721
0.000132647
0.000130187
0.000129637
0.000128174
0.000124799
0.000125327
0.000124977
0.00012414
0.0001236
0.000122967
0.000122171
0.000120777
0.000119032
0.000119382
0.0001194
0.000120522
0.00012233
0.000123598
0.000122491
0.000123955
0.000124235
0.000123816
0.000125383
0.00012699
0.000127298
0.000129396
0.000131293
0.00013388
0.000132904
0.000134091
0.000137577
0.000139205
0.000140141
0.00014262
0.000146368
0.000149285
0.000149968
0.000152962
0.000156323
0.00015994
0.000162192
0.000162896
0.000164506
0.000166944
0.000168487
0.000168755
0.000171898
0.000174161
0.000173317
0.000176575
0.000179002
0.000179633
0.000182136
0.0001831
0.000186502
0.000187559
0.000190666
0.000191962
0.000197349
0.000204157
0.000205409
0.000210926
0.000212573
0.000215639
0.000220421
0.000225745
0.000227543
0.000230258
0.000234105
0.000235176
0.000237804
0.000239298
0.00024265
0.000244071
0.000245443
0.000248129
0.000247628
0.000249822
0.000250604
0.000250561
0.000250676
0.000252585
0.000252541
0.000253378
0.000251955
MomentY Data
-0.000118701
-0.000117731
-0.000118033
-0.000121212
-0.000119909
-0.000119368
-0.000120815
-0.000121069
-0.000117922
-0.00011994
-0.000118907
-0.000119336
-0.000120052
-0.000120894
-0.00011994
-0.000119495
-0.000120163
-0.000121133
-0.000120513
-0.000121721
-0.000117254
-0.000119384
-0.000119559
-0.000119909
-0.000119686
-0.000122261
-0.000120401
-0.000121673
-0.0001218
-0.000119559
-0.000120624
-0.000118462
-0.000120831
-0.000124296
-0.000122515
-0.000120656
-0.000120529
-0.000119972
-0.000120083
-0.000119034
-0.000120354
-0.00012118
-0.000118955
-0.000120099
-0.000119861
-0.000120719
-0.000120227
-0.000119813
-0.000120942
-0.000121959
-0.000121657
-0.000123978
-0.000123072
-0.000122372
-0.000122738
-0.000122293
-0.000119193
-0.000120211
-0.000119623
-0.000120115
-0.000120735
-0.000120894
-0.000121752
-0.000122341
-0.000121037
-0.00012153
-0.000120815
-0.000122054
-0.000123056
-0.000122007
-0.000120767
-0.000121085
-0.000121371
-0.000122531
-0.000119479
-0.000121371
-0.000118208
-0.000119241
-0.000123549
-0.000121562
-0.000123723
-0.000122166
-0.000119845
-0.000120099
-0.000122579
-0.000119972
-0.000120131
-0.000123707
-0.000121721
-0.00012331
-0.00012145
-0.000122499
-0.00012056
-0.000122722
-0.000122309
-0.000121593
-0.000119638
-0.000118049
-0.000120354
-0.000120703
-0.000119686
-0.000120544
-0.000121339
-0.000121355
-0.000121244
-0.000123024
-0.000120926
-0.000122611
-0.000123088
-0.00012056
-0.000120052
-0.000122102
-0.000120465
-0.000120878
-0.00012091
-0.000120354
-0.000120592
-0.000121307
-0.000121307
-0.000121641
-0.000120783
-0.000121212
-0.000119432
-0.000123247
-0.000121339
-0.00012296
-0.000122197
-0.000120004
-0.000121943
-0.000123644
-0.000123088
-0.000122245
-0.000122976
-0.000120767
-0.00012358
-0.000124296
-0.000121371
-0.000121625
-0.000120862
-0.00012331
-0.000121244
-0.000123851
-0.000121228
Field Data
499.987
483.32
466.669
449.997
433.332
416.666
400.009
383.329
366.657
349.987
333.325
316.669
299.99
283.331
266.663
249.998
233.329
216.652
199.992
183.321
166.657
150
133.327
116.669
100.011
83.3159
66.6681
50.0049
44.1
38.2325
32.3555
26.4605
20.5714
14.6948
8.82153
2.9258
-2.95018
-8.84353
-14.7096
-20.5812
-26.4728
-32.3504
-38.2403
-44.1264
-50.017
-66.6744
-83.3379
-100.018
-116.672
-133.32
-150.001
-166.671
-183.338
-200.014
-216.664
-233.336
-250.004
-266.67
-283.335
-299.997
-316.674
-333.34
-350
-366.684
-383.345
-399.996
-416.676
-433.33
-450.001
-466.663
-483.357
-500.005
-483.344
-466.678
-450.004
-433.339
-416.67
-400.006
-383.339
-366.67
-349.992
-333.334
-316.673
-299.991
-283.341
-266.662
-250.009
-233.354
-216.669
-200.008
-183.335
-166.664
-149.992
-133.34
-116.663
-100.007
-83.3267
-66.654
-50.0065
-44.1239
-38.2325
-32.3509
-26.4726
-20.591
-14.7156
-8.82302
-2.94668
2.94749
8.81679
14.7008
20.5752
26.4618
32.3477
38.2366
44.1036
50.0017
66.65
83.3121
100.011
116.675
133.331
149.996
166.67
183.323
199.986
216.657
233.334
249.997
266.669
283.326
299.991
316.669
333.337
349.993
366.663
383.334
399.992
416.66
433.327
449.993
466.668
483.33
500.006
Time Data
0
10.389
20.81
31.215
41.621
52.026
62.431
72.79
83.164
93.553
103.943
114.348
124.754
135.174
145.58
155.985
166.39
176.78
187.201
198.636
209.057
219.446
229.867
240.241
251.66
262.112
272.533
282.985
293.391
303.78
314.17
324.56
334.965
345.355
355.729
366.15
376.539
386.929
397.365
407.755
418.16
428.534
438.94
449.36
459.766
470.171
480.561
490.966
501.356
511.776
522.213
532.587
543.023
553.413
563.772
575.191
585.581
596.017
606.438
616.828
627.217
637.622
648.059
658.464
668.869
679.29
689.68
700.101
710.506
721.972
732.409
743.859
754.28
764.67
775.075
785.48
795.901
806.306
816.665
827.117
837.507
847.881
858.302
868.722
879.159
889.564
899.938
910.375
920.764
931.154
941.544
951.933
962.354
972.728
983.118
993.523
1003.94
1014.35
1024.74
1035.16
1045.55
1055.97
1066.39
1076.78
1087.2
1097.58
1107.98
1118.4
1128.81
1139.23
1149.65
1160.07
1170.46
1180.86
1191.3
1201.71
1212.13
1222.53
1232.92
1243.34
1253.75
1264.14
1274.53
1284.95
1295.35
1305.76
1316.21
1326.6
1337.02
1347.43
1357.85
1368.24
1378.61
1389.02
1399.44
1409.81
1420.23
1430.62
1441.06
1451.43
1461.81
1472.23
1482.63
Temperature Data
0
0
0
0
0
0
0
0
0
0
0
0
0
0
0
0
0
0
0
0
0
0
0
0
0
0
0
0
0
0
0
0
0
0
0
0
0
0
0
0
0
0
0
0
0
0
0
0
0
0
0
0
0
0
0
0
0
0
0
0
0
0
0
0
0
0
0
0
0
0
0
0
0
0
0
0
0
0
0
0
0
0
0
0
0
0
0
0
0
0
0
0
0
0
0
0
0
0
0
0
0
0
0
0
0
0
0
0
0
0
0
0
0
0
0
0
0
0
0
0
0
0
0
0
0
0
0
0
0
0
0
0
0
0
0
0
0
0
0
0
0
0
0
Angle Data
0
0
0
0
0
0
0
0
0
0
0
0
0
0
0
0
0
0
0
0
0
0
0
0
0
0
0
0
0
0
0
0
0
0
0
0
0
0
0
0
0
0
0
0
0
0
0
0
0
0
0
0
0
0
0
0
0
0
0
0
0
0
0
0
0
0
0
0
0
0
0
0
0
0
0
0
0
0
0
0
0
0
0
0
0
0
0
0
0
0
0
0
0
0
0
0
0
0
0
0
0
0
0
0
0
0
0
0
0
0
0
0
0
0
0
0
0
0
0
0
0
0
0
0
0
0
0
0
0
0
0
0
0
0
0
0
0
0
0
0
0
0
0
Bx Data
0
0
0
0
0
0
0
0
0
0
0
0
0
0
0
0
0
0
0
0
0
0
0
0
0
0
0
0
0
0
0
0
0
0
0
0
0
0
0
0
0
0
0
0
0
0
0
0
0
0
0
0
0
0
0
0
0
0
0
0
0
0
0
0
0
0
0
0
0
0
0
0
0
0
0
0
0
0
0
0
0
0
0
0
0
0
0
0
0
0
0
0
0
0
0
0
0
0
0
0
0
0
0
0
0
0
0
0
0
0
0
0
0
0
0
0
0
0
0
0
0
0
0
0
0
0
0
0
0
0
0
0
0
0
0
0
0
0
0
0
0
0
0
Hint Data
0
0
0
0
0
0
0
0
0
0
0
0
0
0
0
0
0
0
0
0
0
0
0
0
0
0
0
0
0
0
0
0
0
0
0
0
0
0
0
0
0
0
0
0
0
0
0
0
0
0
0
0
0
0
0
0
0
0
0
0
0
0
0
0
0
0
0
0
0
0
0
0
0
0
0
0
0
0
0
0
0
0
0
0
0
0
0
0
0
0
0
0
0
0
0
0
0
0
0
0
0
0
0
0
0
0
0
0
0
0
0
0
0
0
0
0
0
0
0
0
0
0
0
0
0
0
0
0
0
0
0
0
0
0
0
0
0
0
0
0
0
0
0
Torque Data
-0.059348956887
-0.05690174692
-0.055082342077
-0.054545036364
-0.051960406788
-0.049736587088
-0.048327087335
-0.046409258701
-0.043236926754
-0.04197744078
-0.039634675775
-0.037790011784
-0.03601439948
-0.034253017914
-0.03198356022
-0.02987351101
-0.028037512627
-0.026243706716
-0.024101635896
-0.022314015441
-0.019541199878
-0.0179076
-0.015940442793
-0.013989663121
-0.011969916546
-0.0101862852499
-0.0080269059081
-0.0060842461977
-0.00537138
-0.0045710394675
-0.003902849832
-0.003134563751
-0.0024856628334
-0.0018265048608
-0.00108076974795
-0.0003530153248
0.00035558224522
0.00106097598116
0.0017663728968
0.0024498625608
0.0031861073712
0.003920221472
0.0045488748865
0.0052995365136
0.005995087637
0.0080488668936
0.0100194657033
0.011983456634
0.014110545024
0.01625957388
0.018248671657
0.020663537238
0.022563774336
0.024476113208
0.026592906032
0.028535359448
0.029798726772
0.03205666737
0.033893382705
0.036034139655
0.03823363539
0.04029880596
0.0426132
0.044860487244
0.046398928765
0.04861151388
0.05034071094
0.05288965982
0.055375323056
0.056936152641
0.058373574819
0.060543105425
0.058663944624
0.057182522018
0.053766027916
0.052594787769
0.04925372736
0.047697115446
0.047361150111
0.04457313854
0.043302060216
0.040722081444
0.037951675685
0.036028619109
0.034731656439
0.031991973464
0.030033831179
0.028867523278
0.026373167349
0.02466298648
0.02226603575
0.020416173336
0.01808303552
0.01636375148
0.014268934867
0.012160151151
0.0099690397346
0.007868438046
0.006018482301
0.0053258871017
0.004575894995
0.0038997068896
0.0032121588114
0.002498820805
0.0017841782064
0.00108544321248
0.00035633022568
-0.00036139469639
-0.00108524104752
-0.001772328448
-0.0024700939104
-0.0032310387036
-0.0038967656805
-0.0046219637348
-0.005332566276
-0.0060179046018
-0.0080374568
-0.0101063409147
-0.012132034377
-0.014192463675
-0.016104118173
-0.018181315152
-0.01990573144
-0.022594009781
-0.024266101254
-0.02664014472
-0.028512714798
-0.030000639988
-0.032518417867
-0.035031559944
-0.036925292208
-0.038711201905
-0.040992450912
-0.042267604631
-0.04531221354
-0.047646882864
-0.048547429032
-0.0506762725
-0.052372767874
-0.05548863683
-0.056580694992
-0.05986090383
-0.060614727368
dMdH Data
2.11795764084735E-08
1.12365623686263E-07
7.16770633397317E-08
-9.16891689168909E-08
7.3562942517701E-08
1.03259890736626E-08
1.83992805755394E-07
-2.24328214971197E-08
2.78344331133766E-08
1.12891609650703E-07
5.40345821325661E-08
1.39336890700882E-07
1.17834203733715E-07
1.13990880729543E-07
7.2007200720072E-08
6.98302237686727E-08
6.33807039635425E-08
1.22629051620648E-07
1.32205626537101E-07
2.96267402784446E-07
5.57123131416222E-08
1.73693996281413E-07
7.14371473166034E-08
2.60655540881259E-07
1.10152080550581E-07
2.0242914979757E-07
2.69516059340343E-07
-5.31761757184684E-08
5.24925436727738E-07
2.62719074357665E-07
1.7167090754877E-07
4.82926083781903E-07
-1.44811625770005E-07
2.72931433426354E-07
5.45988367852666E-07
5.03235205021119E-07
4.06559936199279E-07
1.04328792530602E-07
3.53225696573335E-07
1.78729037952342E-07
7.20021777596295E-07
1.42617022360312E-07
6.78717656852588E-07
-1.07119818015145E-07
3.61280872164923E-07
2.41785939328473E-07
2.8890714084448E-07
1.61822985468956E-07
2.47957712638155E-07
2.22049037827468E-07
2.5506898620276E-07
2.04175916481672E-07
8.64116094986808E-08
1.93573573573573E-07
2.48860364683301E-07
1.48248140148789E-07
5.45421816872675E-08
2.44464446444644E-07
1.47641339575081E-07
3.29795526773409E-08
8.77835113404534E-08
2.02581032412964E-07
-3.16470870294888E-08
2.10071424284262E-08
5.02672512161437E-08
3.23741007194239E-08
3.80088867539325E-08
4.77475856277374E-08
8.3663425759212E-08
1.0452857314005E-07
-2.10235463719371E-08
1.08036732489039E-09
6.73226929077159E-08
1.08432289792492E-07
7.60876087608753E-08
-6.64107025016499E-08
8.78540566490643E-08
1.67996640067193E-08
-2.51364808926741E-08
9.3956109845304E-08
9.64701644855332E-08
1.84862853370144E-08
1.257642968469E-07
1.13933933933934E-07
1.55105222135621E-07
-5.86080586080602E-08
7.12698889222465E-08
2.08930176805514E-07
9.7713222495648E-08
5.61386673064247E-08
1.4870133765221E-07
2.24808061420344E-07
1.75174153254865E-07
4.0954608142951E-08
1.79755043227666E-07
2.01495176945258E-07
2.16941467188878E-07
1.35275566901938E-07
1.19674973651106E-07
2.73279695827818E-07
4.14513057671383E-07
2.62490856199919E-07
4.55658324265537E-08
5.34942301800727E-07
3.84042304050176E-07
-1.43626815330628E-07
5.52749581365992E-07
4.13507573305163E-07
1.07239790551004E-07
4.26086068364429E-07
1.63761764006387E-07
5.77991471142902E-07
1.7949022737693E-07
5.2957218339867E-07
2.19731778030212E-07
3.23576581392695E-07
4.08591954195449E-07
7.49749983531854E-08
3.31072971675468E-07
9.88832853025933E-08
1.83978397839784E-07
2.86793810723282E-07
3.19702155767729E-07
1.07903738822542E-07
1.62857657009178E-07
2.30676980272231E-07
6.42741403108686E-08
1.57629558541266E-07
8.96920213723972E-08
2.011401140114E-07
8.52020625974345E-08
8.23134149268042E-08
1.61263208453411E-07
-3.0053989202158E-08
1.31605782496552E-07
4.69444110937659E-08
-2.57979361650902E-09
6.89986200276126E-09
1.1454458178327E-07
-2.63868065966945E-09
5.02340655383511E-08
-8.53322139601834E-08
-8.53322139601834E-08
dMdT Data
0
0
0
0
0
0
0
0
0
0
0
0
0
0
0
0
0
0
0
0
0
0
0
0
0
0
0
0
0
0
0
0
0
0
0
0
0
0
0
0
0
0
0
0
0
0
0
0
0
0
0
0
0
0
0
0
0
0
0
0
0
0
0
0
0
0
0
0
0
0
0
0
0
0
0
0
0
0
0
0
0
0
0
0
0
0
0
0
0
0
0
0
0
0
0
0
0
0
0
0
0
0
0
0
0
0
0
0
0
0
0
0
0
0
0
0
0
0
0
0
0
0
0
0
0
0
0
0
0
0
0
0
0
0
0
0
0
0
0
0
0
0
0
 
*********************************************** Results ***************************************
 
TotalArea 0.008351727507275
AreaFirstQuad 4.87334050141406E-03
AreaSecondQuad 3.47838700586094E-03
AreaThirdQuad 0
AreaFourthQuad 0
Coercivity 0
PositiveCoercivity 0
NegativeCoercivity 0
Retentivity 1.15359291503648E-05
PositiveRetentivity 1.98017634437149E-04
NegativeRetentivity 1.7494577613642E-04
Magnetization 0.000258704
PositiveMagnetization 0.000258704
NegativeMagnetization 0.000119032
Flatness -16.1652956477187
Squareness 4.45912283937041E-02
SStar 0
SFD1 0
SFD2 0
Slope 0
Intercept 0
SlopeAtHc -8.53322139601834E-08
dH1 0
dH2 17.65035
InitialSlope 2.11795764084735E-08
FieldAtHalfMs 0
FieldAtMs 499.987
MomentMean 1.8787858041958E-04
MomentRMS 4.67868025593128E-05
SFD3 0
dH3 0
UserField1 0
UserField2 0
CenterField 0
ExchangeField 0
ExchangeMoment 0
ExRegionOneIntercept 0
ExRegionOneSlope 0
ExRegionTwoIntercept 0
ExRegionTwoSlope 0
NegativeIntercept 0
NegativeSlope 0
AutoCenterOffset 0
PinningField 0
PinningMoment 0
PinRegionOneIntercept 0
PinRegionOneSlope 0
PinRegionTwoIntercept 0
PinRegionTwoSlope 0
PositiveIntercept 0
PositiveSlope 0
TotalOffset 0
BHMax 0
BCoercivity 0
BRetentivity 0
BNegativeCoercivity 0
BPositiveCoercivity 0
BNegativeRetentivity 0
BPositiveRetentivity 0
MomentYMean -1.21037811188811E-04
MomentYRMS 1.45488217397686E-06
YOffCorrection 0
Mrt 0
Ms1 0
Ms2 0
Ms3 0
Hc2 0
Hex2 0
HsatValue 0
HsatIntercept 0
HsatSlope 0
CenterH 0
Span .000139672
SpanAsPercentOfRange -10.744
RMSAsPercentOfRange -3.59898481225483
SpanAsPercentOfMean 74.3416304764903
RMSAsPercentOfMean 24.9026804731152
