Version 1.25
******************************************** Units *******************************************
System CGS
TemperatureUnit K
MomentUnit emu
AppliedFieldUnit G
 
******************************************** Setup ********************************************
 
Experiment CustomField
Minor False
Acquisition PointByPoint
EditedPoint No
MaxField 500
FieldIncrement 16.6666666666667
Points 143
MinField 0
RampRate 500
AverageTime 3
TimeInterval 0
TimeConstant 0.3
TimeConstantIndex 1
Sensitivity -0.0013
SensitivityIndex 5
SensitivityY -4
SensitivityIndexY 0
SaturationField 8000
ExperimentTime 429
Use735Domains False
AutoRangeEnabled False
NumberOfVertices 7
VertexPts
0
27
44
71
98
115
142
VertexField
500
50
-50
-500
-50
50
500
StartAngle 0
EndAngle 0
AngleIncrement 0
StartTemp 0
FinishTemp 0
TempIncrement 0
TempPoints 0
LengthofSetPointsArray 143
SetPointArray
500
483.333333333333
466.666666666667
450
433.333333333333
416.666666666667
400
383.333333333333
366.666666666667
350
333.333333333333
316.666666666666
300
283.333333333333
266.666666666666
250
233.333333333333
216.666666666666
200
183.333333333333
166.666666666666
150
133.333333333333
116.666666666666
99.9999999999998
83.3333333333331
66.6666666666665
50
44.1176470588235
38.2352941176471
32.3529411764706
26.4705882352941
20.5882352941176
14.7058823529412
8.8235294117647
2.94117647058823
-2.94117647058824
-8.82352941176471
-14.7058823529412
-20.5882352941177
-26.4705882352941
-32.3529411764706
-38.2352941176471
-44.1176470588235
-50
-66.6666666666667
-83.3333333333333
-100
-116.666666666667
-133.333333333333
-150
-166.666666666667
-183.333333333333
-200
-216.666666666667
-233.333333333333
-250
-266.666666666667
-283.333333333333
-300
-316.666666666667
-333.333333333333
-350
-366.666666666667
-383.333333333333
-400
-416.666666666667
-433.333333333333
-450
-466.666666666667
-483.333333333334
-500
-483.333333333333
-466.666666666667
-450
-433.333333333333
-416.666666666667
-400
-383.333333333333
-366.666666666667
-350
-333.333333333333
-316.666666666666
-300
-283.333333333333
-266.666666666666
-250
-233.333333333333
-216.666666666666
-200
-183.333333333333
-166.666666666666
-150
-133.333333333333
-116.666666666666
-99.9999999999998
-83.3333333333331
-66.6666666666665
-50
-44.1176470588235
-38.2352941176471
-32.3529411764706
-26.4705882352941
-20.5882352941176
-14.7058823529412
-8.8235294117647
-2.94117647058823
2.94117647058824
8.82352941176471
14.7058823529412
20.5882352941177
26.4705882352941
32.3529411764706
38.2352941176471
44.1176470588235
50
66.6666666666667
83.3333333333333
100
116.666666666667
133.333333333333
150
166.666666666667
183.333333333333
200
216.666666666667
233.333333333333
250
266.666666666667
283.333333333333
300
316.666666666667
333.333333333333
350
366.666666666667
383.333333333333
400
416.666666666667
433.333333333333
450
466.666666666667
483.333333333334
500
FieldDomainFile c:\Ideasvsm\Default UserID\Experiments\Jason_500G\fdomain.ini
TempDomainFile c:\Ideasvsm\Default UserID\Experiments\Jason_500G\tdomain.ini
NumSelectedResults 0
ResultsSelected 
UserName1 
UserValue1 
UserName2 
UserValue2 
LinearBackgroundCorrection Off
MaxLinearFieldCorrection 
MinLinearFieldCorrection 
AutoLinearCorrection Off
FitOneRegion Off
BackgroundMode Off
BackgroundFilename 
AutoCenter Off
OffsetCorrection 
SmoothDeriv Off
DerivOrder 0
DerivPoints 0
MinExFieldOne 
MaxExFieldOne 
MinExFieldTwo 
MaxExFieldTwo 
MinPinFieldOne 
MaxPinFieldOne 
MinPinFieldTwo 
MaxPinFieldTwo 
HCenterStart 
Mass 
Volume 
Density 
MolarWeight 
NumberOfMoles 
Demagnetization 
SampleArea 
Thickness 
MomentScaling 0
XAxis 0
YAxis 0
SimpleSpinValve False
HsatMax 0
HsatMin 0
FieldAutoRange False
 
*************************************************** Experiment Data ********************************************
 
DataPoints 143
MomentX Data
0.00017729
0.000176905
0.000177372
0.000179881
0.000178302
0.00017711
0.000177149
0.000179521
0.000179292
0.000181586
0.000181132
0.000181116
0.000181634
0.000181932
0.000181973
0.00018193
0.000183606
0.000183625
0.000184139
0.000182771
0.000184444
0.000184847
0.000185184
0.000186959
0.000185708
0.000187193
0.00018679
0.000186973
0.000188446
0.000186317
0.000188679
0.000186582
0.00018785
0.000187293
0.000188243
0.000189277
0.00018967
0.000189329
0.000190104
0.000189569
0.000189733
0.000189822
0.000188706
0.000188857
0.00018992
0.0001889
0.000192053
0.000189662
0.000189558
0.000190614
0.000192397
0.000190774
0.000193793
0.000194045
0.000194357
0.000194853
0.000194063
0.000194157
0.000194373
0.000195075
0.00019535
0.000196791
0.000196414
0.00019555
0.000198202
0.000198799
0.000197352
0.000199651
0.00020012
0.00019977
0.000197361
0.000200068
0.000198894
0.000199331
0.000199259
0.000197264
0.000198596
0.00019806
0.000198003
0.000193781
0.000196251
0.000195568
0.000194773
0.000194721
0.000194306
0.000193989
0.000193663
0.000191629
0.000192358
0.00019212
0.000190533
0.000191431
0.000190493
0.000188702
0.000191375
0.000188036
0.000188971
0.000189031
0.000188047
0.000187167
0.000188211
0.000186596
0.000186397
0.000186072
0.000187196
0.000187871
0.00018714
0.000188245
0.000184224
0.000186165
0.00018661
0.000185227
0.000185202
0.000185248
0.000185901
0.000186813
0.000185809
0.000185482
0.000184075
0.000184058
0.00018339
0.000184953
0.000182336
0.000180214
0.000182165
0.000179425
0.000180387
0.00018111
0.000179869
0.000180016
0.000178506
0.000178388
0.000177695
0.000177658
0.000178868
0.000177809
0.000175528
0.000174469
0.000176264
0.000175795
0.00017406
0.000174009
0.000172904
MomentY Data
-0.000121117
-0.000120719
-0.000120417
-0.000120481
-0.000120449
-0.000121307
-0.000123056
-0.000121784
-0.000120354
-0.000120703
-0.000120544
-0.00012126
-0.000121721
-0.000121053
-0.00012331
-0.000122388
-0.00012242
-0.00012215
-0.000122976
-0.00012304
-0.000120449
-0.000123437
-0.00012242
-0.00012296
-0.000121323
-0.000120719
-0.000122738
-0.000121848
-0.000123167
-0.000120227
-0.000120767
-0.00012153
-0.000120068
-0.000119448
-0.000119654
-0.000119686
-0.000121101
-0.000120211
-0.000120783
-0.000121546
-0.000121101
-0.000120465
-0.000121991
-0.000121816
-0.000120417
-0.000122245
-0.000121403
-0.000119416
-0.000120529
-0.000119813
-0.000119432
-0.000119495
-0.000119766
-0.000120195
-0.000119702
-0.000118415
-0.000118939
-0.000117381
-0.000120195
-0.000120687
-0.00012029
-0.000121991
-0.000121848
-0.000123119
-0.000120608
-0.00012366
-0.000122738
-0.000122229
-0.000121752
-0.000123819
-0.000122118
-0.000120624
-0.00012153
-0.000121276
-0.000122849
-0.000123056
-0.000121848
-0.000120099
-0.000118685
-0.000119686
-0.000121514
-0.00012277
-0.000120656
-0.000121403
-0.000121752
-0.000120751
-0.000119718
-0.000118907
-0.000119702
-0.000119321
-0.000118319
-0.000120068
-0.000121784
-0.000121276
-0.000119718
-0.000118764
-0.000121705
-0.000119368
-0.000118415
-0.000118415
-0.000119797
-0.000120751
-0.00011975
-0.000120672
-0.000119464
-0.000120211
-0.000122531
-0.000120815
-0.000119193
-0.000118844
-0.000119591
-0.000119972
-0.000121323
-0.000119511
-0.000121005
-0.000120513
-0.000120274
-0.000121991
-0.000119702
-0.000118542
-0.000120354
-0.000119511
-0.000119098
-0.000120544
-0.000118939
-0.000119193
-0.000119766
-0.000118685
-0.00011851
-0.00011913
-0.000120099
-0.000122356
-0.000120274
-0.000120131
-0.000121593
-0.000120878
-0.000119686
-0.000118796
-0.000120958
-0.000119686
-0.000121276
-0.000120672
-0.000122897
Field Data
499.998
483.321
466.656
449.99
433.326
416.662
400.004
383.333
366.657
350.005
333.33
316.668
299.986
283.329
266.65
249.987
233.325
216.646
199.986
183.328
166.662
149.999
133.329
116.672
99.996
83.3637
66.6581
49.9832
44.1294
38.238
32.3592
26.4665
20.5985
14.708
8.82203
2.93802
-2.93992
-8.83878
-14.7129
-20.585
-26.4816
-32.3419
-38.2433
-44.1246
-50.0087
-66.6645
-83.3372
-100.006
-116.679
-133.348
-150.013
-166.681
-183.334
-200.007
-216.669
-233.343
-250.007
-266.673
-283.334
-300.009
-316.674
-333.325
-350.015
-366.665
-383.333
-399.987
-416.673
-433.335
-449.994
-466.669
-483.337
-500.005
-483.344
-466.679
-450.013
-433.335
-416.678
-400.008
-383.348
-366.681
-350.005
-333.346
-316.67
-300.006
-283.337
-266.664
-250.013
-233.334
-216.671
-200.002
-183.336
-166.666
-150.006
-133.339
-116.667
-100.008
-83.3312
-66.663
-50.0085
-44.1276
-38.2373
-32.3424
-26.4741
-20.5867
-14.7109
-8.83077
-2.94818
2.93353
8.82153
14.7093
20.5908
26.4666
32.3441
38.2279
44.1289
50.0047
66.6508
83.3217
100.009
116.661
133.317
150.008
166.656
183.331
200.005
216.672
233.317
250.004
266.669
283.325
299.996
316.654
333.339
349.999
366.66
383.335
399.994
416.658
433.33
450.001
466.67
483.328
499.981
Time Data
0
10.375
20.749
31.138
41.528
51.918
62.307
72.713
83.118
93.507
104.927
115.301
125.722
136.143
146.532
156.906
167.296
177.701
188.106
198.527
208.901
219.275
229.696
240.086
250.522
260.943
272.363
282.768
293.158
303.61
314.03
325.465
335.855
346.276
356.666
367.071
377.476
387.866
398.255
408.692
419.082
429.487
439.845
450.282
460.703
471.108
481.513
491.95
502.355
512.745
524.164
534.6
544.974
555.411
565.801
576.221
586.642
597.063
607.468
617.858
628.279
638.684
649.121
659.526
669.9
680.321
690.742
701.147
711.583
721.989
732.41
742.877
753.283
763.703
774.124
784.561
795.996
806.416
816.837
827.211
837.617
848.022
858.427
868.832
879.238
889.643
900.048
911.468
921.842
932.247
942.668
953.026
963.416
973.806
984.18
994.6
1004.99
1015.4
1025.79
1036.19
1046.6
1057.02
1067.42
1077.81
1088.17
1098.58
1108.97
1119.37
1129.81
1141.24
1151.63
1162.02
1172.43
1182.82
1193.24
1203.64
1214
1224.42
1234.83
1245.25
1255.7
1266.11
1276.51
1286.93
1298.37
1308.79
1319.18
1329.6
1340.03
1350.47
1360.89
1371.31
1381.72
1392.12
1403.54
1413.96
1424.37
1434.79
1445.18
1455.57
1465.99
1476.41
1486.83
Temperature Data
0
0
0
0
0
0
0
0
0
0
0
0
0
0
0
0
0
0
0
0
0
0
0
0
0
0
0
0
0
0
0
0
0
0
0
0
0
0
0
0
0
0
0
0
0
0
0
0
0
0
0
0
0
0
0
0
0
0
0
0
0
0
0
0
0
0
0
0
0
0
0
0
0
0
0
0
0
0
0
0
0
0
0
0
0
0
0
0
0
0
0
0
0
0
0
0
0
0
0
0
0
0
0
0
0
0
0
0
0
0
0
0
0
0
0
0
0
0
0
0
0
0
0
0
0
0
0
0
0
0
0
0
0
0
0
0
0
0
0
0
0
0
0
Angle Data
0
0
0
0
0
0
0
0
0
0
0
0
0
0
0
0
0
0
0
0
0
0
0
0
0
0
0
0
0
0
0
0
0
0
0
0
0
0
0
0
0
0
0
0
0
0
0
0
0
0
0
0
0
0
0
0
0
0
0
0
0
0
0
0
0
0
0
0
0
0
0
0
0
0
0
0
0
0
0
0
0
0
0
0
0
0
0
0
0
0
0
0
0
0
0
0
0
0
0
0
0
0
0
0
0
0
0
0
0
0
0
0
0
0
0
0
0
0
0
0
0
0
0
0
0
0
0
0
0
0
0
0
0
0
0
0
0
0
0
0
0
0
0
Bx Data
0
0
0
0
0
0
0
0
0
0
0
0
0
0
0
0
0
0
0
0
0
0
0
0
0
0
0
0
0
0
0
0
0
0
0
0
0
0
0
0
0
0
0
0
0
0
0
0
0
0
0
0
0
0
0
0
0
0
0
0
0
0
0
0
0
0
0
0
0
0
0
0
0
0
0
0
0
0
0
0
0
0
0
0
0
0
0
0
0
0
0
0
0
0
0
0
0
0
0
0
0
0
0
0
0
0
0
0
0
0
0
0
0
0
0
0
0
0
0
0
0
0
0
0
0
0
0
0
0
0
0
0
0
0
0
0
0
0
0
0
0
0
0
Hint Data
0
0
0
0
0
0
0
0
0
0
0
0
0
0
0
0
0
0
0
0
0
0
0
0
0
0
0
0
0
0
0
0
0
0
0
0
0
0
0
0
0
0
0
0
0
0
0
0
0
0
0
0
0
0
0
0
0
0
0
0
0
0
0
0
0
0
0
0
0
0
0
0
0
0
0
0
0
0
0
0
0
0
0
0
0
0
0
0
0
0
0
0
0
0
0
0
0
0
0
0
0
0
0
0
0
0
0
0
0
0
0
0
0
0
0
0
0
0
0
0
0
0
0
0
0
0
0
0
0
0
0
0
0
0
0
0
0
0
0
0
0
0
0
Torque Data
-0.060558257766
-0.058346027799
-0.056193315552
-0.05421524519
-0.052193683374
-0.050544017234
-0.049222892224
-0.046683826072
-0.044128636578
-0.042246653515
-0.04018093152
-0.03839916168
-0.036514595906
-0.034297825437
-0.0328806115
-0.030595408956
-0.0285636465
-0.0264633089
-0.024593478336
-0.02255667712
-0.020074271238
-0.018515426563
-0.01632213618
-0.01434598912
-0.012131814708
-0.0100635825003
-0.0081814818778
-0.0060903529536
-0.0054352858098
-0.004597240026
-0.0039079235064
-0.003216473745
-0.002473220698
-0.001756841184
-0.00105559117762
-0.00035163986172
0.00035602725192
0.00106251858258
0.0017770682007
0.00250202441
0.0032069482416
0.0038960669835
0.0046653384103
0.0053750822736
0.0060218976279
0.0081494018025
0.0101173860916
0.011942316496
0.014063203191
0.015976823924
0.017916352616
0.019917546095
0.021957179844
0.024039841365
0.025935712638
0.027631311345
0.029735582573
0.031302343413
0.03405533013
0.036207186183
0.03809271546
0.040662650075
0.04264862772
0.045143428135
0.046233026464
0.04946239242
0.051141610674
0.052966103715
0.054787669488
0.057782488911
0.059024147766
0.06031260312
0.05874079632
0.056596962404
0.055283647037
0.05332447176
0.050771380944
0.048040560792
0.04549765738
0.043886582166
0.04253050757
0.04092488842
0.03820813552
0.036421628418
0.034496846424
0.032199944664
0.029931056334
0.027745045938
0.025935952042
0.023864438642
0.021692132184
0.020011253288
0.018268330704
0.016170820564
0.013967139906
0.011877350112
0.010141823696
0.007957428984
0.0059217565275
0.005225369754
0.0045807138281
0.0039053771424
0.003170273475
0.0024842382624
0.0017574229576
0.00106155569247
0.00036124344358
-0.00035441442695
-0.00105146462529
-0.0017481120492
-0.0024624743628
-0.0031752509352
-0.0039240832443
-0.0045686545569
-0.0053398175445
-0.0060262164111
-0.0080163583192
-0.0101644975047
-0.011971277318
-0.013829228262
-0.016045234218
-0.017927606088
-0.019848396288
-0.022099452064
-0.023788394695
-0.025825785696
-0.027943443822
-0.02967172474
-0.03160294319
-0.03375250725
-0.036029219604
-0.038744516824
-0.040092014886
-0.042045729869
-0.04458328938
-0.04633676813
-0.047873681884
-0.049497303768
-0.05241473014
-0.053858819686
-0.05659587092
-0.058324156416
-0.061446164957
dMdH Data
2.30856868741391E-08
-2.80228022802284E-08
-1.50546021840874E-07
9.47551608257326E-08
7.15314450312055E-08
-2.34121743306627E-09
-1.42283006418331E-07
1.37323099064524E-08
-1.37761229882296E-07
2.72263868065962E-08
9.6026887528556E-10
-3.10514326819324E-08
-1.78903764183228E-08
-2.45818094609958E-09
2.58056772489945E-09
-1.00588164686113E-07
-1.13915702380245E-09
-3.08523409363739E-08
8.21227038059786E-08
-1.00384015360614E-07
-2.41853207705697E-08
-2.02159568086379E-08
-1.06561805847392E-07
7.50179899256411E-08
-8.92841038220805E-08
2.41236471602339E-08
-1.09745785581927E-08
-2.51631418907375E-07
3.61374206470447E-07
-4.01782676736749E-07
3.5586403516215E-07
-2.16087252897072E-07
9.45590357355089E-08
-1.61400754675949E-07
-1.75730496719077E-07
-6.68601584908966E-08
5.78077798083023E-08
-1.3193465574418E-07
9.11088026430057E-08
-2.78126377912708E-08
-1.51869358223968E-08
1.89107669366592E-07
-2.5674595752643E-08
-1.80656345065513E-07
6.12399284333377E-08
-1.89111541621932E-07
1.43441639470148E-07
6.2376297007144E-09
-6.33511308416828E-08
-1.06990699069907E-07
9.73722102231818E-08
-1.81288656698492E-07
-1.51142565824993E-08
-1.87252430680594E-08
-2.97469113590023E-08
4.74075852136356E-08
-5.64022560902534E-09
-1.29644078986847E-08
-4.20989505247389E-08
-1.65016501650161E-08
-8.65413488679359E-08
2.25883762732175E-08
5.18918918918916E-08
-1.59107271418286E-07
-3.58472439053678E-08
8.67194054896314E-08
-1.37978634017524E-07
-2.81529503571649E-08
2.09895052473769E-08
1.44528437724981E-07
-1.62407007439404E-07
-7.04639577456335E-08
2.6222622262226E-08
-4.32017280691199E-09
-1.19618659311668E-07
7.99663805006901E-08
-3.21535692861417E-08
-3.42136854741915E-09
-2.53314933701326E-07
1.48117054449508E-07
-4.09988594753583E-08
-4.76733029503475E-08
-3.12049927988511E-09
-2.48965144879718E-08
-1.9012775145445E-08
-1.95784036994765E-08
-1.21949757179688E-07
4.37496249174826E-08
-1.42780010798492E-08
-9.52238089523579E-08
5.38692261547684E-08
-5.63025210084032E-08
-1.07457850842982E-07
1.60328694817658E-07
-2.00432198811454E-07
5.60659119255495E-08
3.59966883046899E-09
-5.90831306854013E-08
-1.49636960329202E-07
1.77240548019627E-07
-2.7396563130842E-07
-3.39110134110371E-08
-5.52026361381971E-08
1.91293100513972E-07
1.14793380418461E-07
-1.24264992120816E-07
1.87870534249393E-07
-6.82914402173912E-07
3.29666410202842E-07
7.56609708407742E-08
-2.35372204635966E-07
-4.25350914504246E-09
7.81807675311745E-09
1.1065921030334E-07
1.55212907178596E-07
-6.03144280041575E-08
-1.96150177854824E-08
-8.43156172658255E-08
-1.02089839058351E-09
-4.01056676272815E-08
9.36432808100173E-08
-1.57196059586736E-07
-1.27256371814094E-07
1.17008516252849E-07
-1.64396712065758E-07
5.77951336737756E-08
4.33271408881165E-08
-7.44674467446743E-08
8.8256484149846E-09
-9.05764501229683E-08
-7.08368351542728E-09
-4.15343122565171E-08
-2.22088835534294E-09
7.26246923954142E-08
-6.35082458770619E-08
-1.36922984572903E-07
-6.3550168026883E-08
1.07665547024952E-07
-2.81326855017703E-08
-1.04085428040074E-07
-3.06159202785388E-09
-6.63544106167054E-08
-6.63544106167054E-08
dMdT Data
0
0
0
0
0
0
0
0
0
0
0
0
0
0
0
0
0
0
0
0
0
0
0
0
0
0
0
0
0
0
0
0
0
0
0
0
0
0
0
0
0
0
0
0
0
0
0
0
0
0
0
0
0
0
0
0
0
0
0
0
0
0
0
0
0
0
0
0
0
0
0
0
0
0
0
0
0
0
0
0
0
0
0
0
0
0
0
0
0
0
0
0
0
0
0
0
0
0
0
0
0
0
0
0
0
0
0
0
0
0
0
0
0
0
0
0
0
0
0
0
0
0
0
0
0
0
0
0
0
0
0
0
0
0
0
0
0
0
0
0
0
0
0
 
*********************************************** Results ***************************************
 
TotalArea 0.001643054026585
AreaFirstQuad 1.12880368701092E-03
AreaSecondQuad 5.14250339574078E-04
AreaThirdQuad 0
AreaFourthQuad 0
Coercivity 0
PositiveCoercivity 0
NegativeCoercivity 0
Retentivity 8.89780165593028E-07
PositiveRetentivity 1.89473436482849E-04
NegativeRetentivity 1.87693876151663E-04
Magnetization 0.00020012
PositiveMagnetization 0.00020012
NegativeMagnetization 0.000172904
Flatness -211.944099913227
Squareness 4.44623308811227E-03
SStar 0
SFD1 0
SFD2 0
Slope 0
Intercept 0
SlopeAtHc -6.63544106167054E-08
dH1 0
dH2 17.6398
InitialSlope 2.30856868741391E-08
FieldAtHalfMs 0
FieldAtMs -449.994
MomentMean 1.87507517482517E-04
MomentRMS 6.7707572005171E-06
SFD3 0
dH3 0
UserField1 0
UserField2 0
CenterField 0
ExchangeField 0
ExchangeMoment 0
ExRegionOneIntercept 0
ExRegionOneSlope 0
ExRegionTwoIntercept 0
ExRegionTwoSlope 0
NegativeIntercept 0
NegativeSlope 0
AutoCenterOffset 0
PinningField 0
PinningMoment 0
PinRegionOneIntercept 0
PinRegionOneSlope 0
PinRegionTwoIntercept 0
PinRegionTwoSlope 0
PositiveIntercept 0
PositiveSlope 0
TotalOffset 0
BHMax 0
BCoercivity 0
BRetentivity 0
BNegativeCoercivity 0
BPositiveCoercivity 0
BNegativeRetentivity 0
BPositiveRetentivity 0
MomentYMean -1.20729853146853E-04
MomentYRMS 1.34367294057744E-06
YOffCorrection 0
Mrt 0
Ms1 0
Ms2 0
Ms3 0
Hc2 0
Hex2 0
HsatValue 0
HsatIntercept 0
HsatSlope 0
CenterH 0
Span .000027216
SpanAsPercentOfRange -2.09353846153846
RMSAsPercentOfRange -.520827476962854
SpanAsPercentOfMean 14.5146180619332
RMSAsPercentOfMean 3.61092573323007
