Version 1.25
******************************************** Units *******************************************
System CGS
TemperatureUnit K
MomentUnit emu
AppliedFieldUnit G
 
******************************************** Setup ********************************************
 
Experiment CustomField
Minor False
Acquisition PointByPoint
EditedPoint No
MaxField 500
FieldIncrement 16.6666666666667
Points 143
MinField 0
RampRate 500
AverageTime 3
TimeInterval 0
TimeConstant 0.3
TimeConstantIndex 1
Sensitivity -0.0013
SensitivityIndex 5
SensitivityY -4
SensitivityIndexY 0
SaturationField 8000
ExperimentTime 429
Use735Domains False
AutoRangeEnabled False
NumberOfVertices 7
VertexPts
0
27
44
71
98
115
142
VertexField
500
50
-50
-500
-50
50
500
StartAngle 0
EndAngle 0
AngleIncrement 0
StartTemp 0
FinishTemp 0
TempIncrement 0
TempPoints 0
LengthofSetPointsArray 143
SetPointArray
500
483.333333333333
466.666666666667
450
433.333333333333
416.666666666667
400
383.333333333333
366.666666666667
350
333.333333333333
316.666666666666
300
283.333333333333
266.666666666666
250
233.333333333333
216.666666666666
200
183.333333333333
166.666666666666
150
133.333333333333
116.666666666666
99.9999999999998
83.3333333333331
66.6666666666665
50
44.1176470588235
38.2352941176471
32.3529411764706
26.4705882352941
20.5882352941176
14.7058823529412
8.8235294117647
2.94117647058823
-2.94117647058824
-8.82352941176471
-14.7058823529412
-20.5882352941177
-26.4705882352941
-32.3529411764706
-38.2352941176471
-44.1176470588235
-50
-66.6666666666667
-83.3333333333333
-100
-116.666666666667
-133.333333333333
-150
-166.666666666667
-183.333333333333
-200
-216.666666666667
-233.333333333333
-250
-266.666666666667
-283.333333333333
-300
-316.666666666667
-333.333333333333
-350
-366.666666666667
-383.333333333333
-400
-416.666666666667
-433.333333333333
-450
-466.666666666667
-483.333333333334
-500
-483.333333333333
-466.666666666667
-450
-433.333333333333
-416.666666666667
-400
-383.333333333333
-366.666666666667
-350
-333.333333333333
-316.666666666666
-300
-283.333333333333
-266.666666666666
-250
-233.333333333333
-216.666666666666
-200
-183.333333333333
-166.666666666666
-150
-133.333333333333
-116.666666666666
-99.9999999999998
-83.3333333333331
-66.6666666666665
-50
-44.1176470588235
-38.2352941176471
-32.3529411764706
-26.4705882352941
-20.5882352941176
-14.7058823529412
-8.8235294117647
-2.94117647058823
2.94117647058824
8.82352941176471
14.7058823529412
20.5882352941177
26.4705882352941
32.3529411764706
38.2352941176471
44.1176470588235
50
66.6666666666667
83.3333333333333
100
116.666666666667
133.333333333333
150
166.666666666667
183.333333333333
200
216.666666666667
233.333333333333
250
266.666666666667
283.333333333333
300
316.666666666667
333.333333333333
350
366.666666666667
383.333333333333
400
416.666666666667
433.333333333333
450
466.666666666667
483.333333333334
500
FieldDomainFile c:\Ideasvsm\Default UserID\Experiments\Jason_500G\fdomain.ini
TempDomainFile c:\Ideasvsm\Default UserID\Experiments\Jason_500G\tdomain.ini
NumSelectedResults 0
ResultsSelected 
UserName1 
UserValue1 
UserName2 
UserValue2 
LinearBackgroundCorrection Off
MaxLinearFieldCorrection 
MinLinearFieldCorrection 
AutoLinearCorrection Off
FitOneRegion Off
BackgroundMode Off
BackgroundFilename 
AutoCenter Off
OffsetCorrection 
SmoothDeriv Off
DerivOrder 0
DerivPoints 0
MinExFieldOne 
MaxExFieldOne 
MinExFieldTwo 
MaxExFieldTwo 
MinPinFieldOne 
MaxPinFieldOne 
MinPinFieldTwo 
MaxPinFieldTwo 
HCenterStart 
Mass 
Volume 
Density 
MolarWeight 
NumberOfMoles 
Demagnetization 
SampleArea 
Thickness 
MomentScaling 0
XAxis 0
YAxis 0
SimpleSpinValve False
HsatMax 0
HsatMin 0
FieldAutoRange False
 
*************************************************** Experiment Data ********************************************
 
DataPoints 143
MomentX Data
0.000338743
0.000338108
0.000338867
0.00033904
0.000340293
0.000340377
0.000340195
0.000341024
0.000341908
0.000340799
0.000340133
0.000343214
0.000342366
0.000342278
0.000341719
0.000341487
0.000340927
0.000342849
0.000340618
0.000343811
0.000340705
0.000341249
0.00034119
0.000339298
0.000339817
0.000338384
0.000337
0.000335737
0.000332661
0.000331681
0.000330429
0.000327724
0.00032545
0.000320005
0.000315225
0.000308552
0.000298485
0.000277929
0.000230446
0.000118801
0.0000618637
0.0000524836
0.0000480246
0.0000476911
0.0000459157
0.0000400372
0.0000395601
0.0000354781
0.0000342141
0.0000334334
0.0000330642
0.000032474
0.0000325239
0.0000323231
0.0000325574
0.000031276
0.000029343
0.0000318496
0.0000336315
0.0000319876
0.0000325433
0.0000332522
0.000034636
0.0000328377
0.0000337154
0.0000340275
0.0000364929
0.0000349515
0.0000370602
0.0000360309
0.0000368886
0.0000353247
0.000033978
0.0000337002
0.0000356101
0.0000353711
0.0000342897
0.0000339021
0.0000350266
0.0000335826
0.0000336259
0.0000315412
0.000033402
0.0000335791
0.0000314369
0.0000300888
0.0000312222
0.0000307791
0.0000311911
0.0000333086
0.0000325274
0.0000326314
0.0000316162
0.0000328015
0.0000319941
0.0000333747
0.0000323902
0.000034993
0.0000368063
0.0000395172
0.0000401693
0.000038299
0.0000430534
0.0000436728
0.0000473804
0.0000509917
0.0000568328
0.0000643428
0.0000758197
0.0000947078
0.000143097
0.000257209
0.000312148
0.000320924
0.000323696
0.000325745
0.000329889
0.0003336
0.000335994
0.000336999
0.000337346
0.000338284
0.000339201
0.000338654
0.000339353
0.000341383
0.000339314
0.00033964
0.000339268
0.000340562
0.000338416
0.000338589
0.000339371
0.000339487
0.0003385
0.000340268
0.000336909
0.000338284
0.000336827
0.000336972
0.000336891
0.000337174
0.000334392
MomentY Data
-0.000118256
-0.000117652
-0.000118987
-0.000118876
-0.000118669
-0.000118399
-0.00011913
-0.000118828
-0.00011727
-0.000116698
-0.000116094
-0.000116555
-0.000117826
-0.000119019
-0.000120163
-0.000118367
-0.000118224
-0.000117954
-0.000119384
-0.000117159
-0.000118208
-0.000118605
-0.000118828
-0.000117207
-0.000117461
-0.000120163
-0.00011692
-0.000118701
-0.000118319
-0.000118256
-0.000117922
-0.000117699
-0.000120099
-0.00011665
-0.000118256
-0.000119654
-0.000118176
-0.000120052
-0.000119495
-0.000117413
-0.000118176
-0.000117302
-0.000118542
-0.000117302
-0.000117715
-0.000118335
-0.000115792
-0.000116905
-0.000113646
-0.000114155
-0.000115061
-0.00011433
-0.000116555
-0.000118176
-0.000117159
-0.000115554
-0.000116936
-0.000115744
-0.000115712
-0.000117127
-0.000118033
-0.000115331
-0.000115522
-0.000117318
-0.000117509
-0.000115585
-0.000118971
-0.000118478
-0.00011541
-0.000116841
-0.000115808
-0.000116777
-0.000117477
-0.000116301
-0.000117381
-0.000115204
-0.000116062
-0.00011762
-0.000116253
-0.000116809
-0.000118192
-0.000115999
-0.000116173
-0.000116841
-0.00011576
-0.000116698
-0.000115585
-0.000115474
-0.00011665
-0.000117429
-0.000117207
-0.00011522
-0.000117477
-0.000116618
-0.000117493
-0.000116936
-0.000116348
-0.000116189
-0.00011762
-0.00011735
-0.000117493
-0.000119495
-0.00011851
-0.000118192
-0.000119464
-0.000120052
-0.000118796
-0.00011913
-0.000118176
-0.000118923
-0.000120608
-0.000118748
-0.000119543
-0.000120195
-0.000119829
-0.000120592
-0.000120926
-0.000119225
-0.000122484
-0.000123342
-0.000118637
-0.000118987
-0.000118113
-0.000119082
-0.00011816
-0.000120322
-0.000118939
-0.000118717
-0.000118494
-0.000117493
-0.000118144
-0.000118319
-0.000118462
-0.000118383
-0.000119988
-0.000118764
-0.000118097
-0.000119448
-0.000116253
-0.00011603
-0.000114648
-0.000117731
-0.000118208
Field Data
499.996
483.327
466.658
449.978
433.326
416.667
399.982
383.324
366.669
349.99
333.338
316.653
299.984
283.322
266.67
249.996
233.327
216.66
199.993
183.313
166.666
149.991
133.327
116.658
99.9892
83.3344
66.6505
49.999
44.1209
38.2124
32.3401
26.4554
20.5826
14.7018
8.8118
2.92405
-2.95343
-8.82527
-14.7211
-20.5915
-26.4843
-32.3552
-38.2378
-44.1216
-49.9967
-66.6749
-83.3429
-100.013
-116.662
-133.335
-150.009
-166.671
-183.339
-199.998
-216.678
-233.338
-250.003
-266.671
-283.335
-300.005
-316.662
-333.335
-350.006
-366.671
-383.339
-400.005
-416.664
-433.351
-450.006
-466.66
-483.335
-500.008
-483.334
-466.686
-450.007
-433.342
-416.677
-400
-383.338
-366.675
-350.014
-333.332
-316.678
-300.012
-283.347
-266.664
-250.003
-233.331
-216.668
-199.995
-183.339
-166.666
-150.003
-133.342
-116.669
-100.002
-83.3339
-66.6652
-50.0025
-44.1214
-38.2353
-32.3522
-26.4688
-20.5952
-14.7056
-8.81852
-2.94217
2.94425
8.81355
14.6998
20.5811
26.4655
32.3279
38.2341
44.1043
49.9978
66.6647
83.3305
99.9991
116.664
133.321
150.003
166.662
183.326
199.999
216.672
233.332
249.989
266.666
283.334
299.994
316.664
333.33
350
366.667
383.325
400.018
416.675
433.333
450.006
466.655
483.333
500.008
Time Data
0
10.358
20.764
31.184
41.574
51.964
62.369
72.759
83.133
93.538
103.912
114.286
124.691
135.128
145.502
155.907
166.281
176.655
187.045
197.481
207.887
218.276
228.682
239.103
249.492
259.897
270.287
280.677
291.098
301.487
311.908
322.313
332.75
343.155
353.56
363.966
374.355
384.745
395.135
405.524
415.914
426.288
436.662
447.083
457.473
467.894
478.283
488.689
499.063
509.468
519.889
530.294
540.699
551.089
561.479
571.868
582.274
592.694
603.084
613.474
623.895
634.315
644.752
655.157
665.594
676.015
686.404
696.809
707.215
717.62
727.978
738.399
748.789
759.194
769.615
780.005
790.394
800.784
811.174
821.563
831.969
842.374
852.795
863.2
873.605
884.042
894.463
904.837
915.226
925.632
936.068
946.458
956.879
967.268
977.674
988.063
998.469
1008.84
1019.23
1029.64
1040.06
1050.46
1060.87
1071.27
1081.68
1092.08
1102.49
1112.89
1123.32
1133.75
1144.16
1154.55
1164.97
1175.36
1185.78
1196.2
1206.64
1217.01
1227.42
1237.82
1248.19
1258.6
1268.97
1279.38
1289.78
1300.22
1310.61
1321.05
1331.42
1341.83
1352.22
1362.62
1373.03
1383.45
1393.84
1404.24
1414.66
1425.07
1435.5
1445.93
1456.32
1466.75
1477.16
Temperature Data
0
0
0
0
0
0
0
0
0
0
0
0
0
0
0
0
0
0
0
0
0
0
0
0
0
0
0
0
0
0
0
0
0
0
0
0
0
0
0
0
0
0
0
0
0
0
0
0
0
0
0
0
0
0
0
0
0
0
0
0
0
0
0
0
0
0
0
0
0
0
0
0
0
0
0
0
0
0
0
0
0
0
0
0
0
0
0
0
0
0
0
0
0
0
0
0
0
0
0
0
0
0
0
0
0
0
0
0
0
0
0
0
0
0
0
0
0
0
0
0
0
0
0
0
0
0
0
0
0
0
0
0
0
0
0
0
0
0
0
0
0
0
0
Angle Data
0
0
0
0
0
0
0
0
0
0
0
0
0
0
0
0
0
0
0
0
0
0
0
0
0
0
0
0
0
0
0
0
0
0
0
0
0
0
0
0
0
0
0
0
0
0
0
0
0
0
0
0
0
0
0
0
0
0
0
0
0
0
0
0
0
0
0
0
0
0
0
0
0
0
0
0
0
0
0
0
0
0
0
0
0
0
0
0
0
0
0
0
0
0
0
0
0
0
0
0
0
0
0
0
0
0
0
0
0
0
0
0
0
0
0
0
0
0
0
0
0
0
0
0
0
0
0
0
0
0
0
0
0
0
0
0
0
0
0
0
0
0
0
Bx Data
0
0
0
0
0
0
0
0
0
0
0
0
0
0
0
0
0
0
0
0
0
0
0
0
0
0
0
0
0
0
0
0
0
0
0
0
0
0
0
0
0
0
0
0
0
0
0
0
0
0
0
0
0
0
0
0
0
0
0
0
0
0
0
0
0
0
0
0
0
0
0
0
0
0
0
0
0
0
0
0
0
0
0
0
0
0
0
0
0
0
0
0
0
0
0
0
0
0
0
0
0
0
0
0
0
0
0
0
0
0
0
0
0
0
0
0
0
0
0
0
0
0
0
0
0
0
0
0
0
0
0
0
0
0
0
0
0
0
0
0
0
0
0
Hint Data
0
0
0
0
0
0
0
0
0
0
0
0
0
0
0
0
0
0
0
0
0
0
0
0
0
0
0
0
0
0
0
0
0
0
0
0
0
0
0
0
0
0
0
0
0
0
0
0
0
0
0
0
0
0
0
0
0
0
0
0
0
0
0
0
0
0
0
0
0
0
0
0
0
0
0
0
0
0
0
0
0
0
0
0
0
0
0
0
0
0
0
0
0
0
0
0
0
0
0
0
0
0
0
0
0
0
0
0
0
0
0
0
0
0
0
0
0
0
0
0
0
0
0
0
0
0
0
0
0
0
0
0
0
0
0
0
0
0
0
0
0
0
0
Torque Data
-0.059127526976
-0.056864388204
-0.055526235446
-0.053491584728
-0.051422363094
-0.049332956133
-0.04764985566
-0.045549624272
-0.04299927363
-0.04084313302
-0.038698541772
-0.036907490415
-0.035345914784
-0.033720701118
-0.03204386721
-0.029591276532
-0.027584851248
-0.02555591364
-0.023875964312
-0.021476767767
-0.019701254528
-0.017789682555
-0.015842980756
-0.013673134206
-0.0117448314212
-0.0100137115072
-0.00779277646
-0.005934931299
-0.0052203407671
-0.0045188455744
-0.0038136092722
-0.0031137741246
-0.0024719496774
-0.00171496497
-0.0010420482208
-0.0003498742787
0.00034902454368
0.00105949131404
0.0017590978445
0.0024177097895
0.0031298086368
0.0037953296704
0.0045327852876
0.0051755519232
0.0058853615405
0.0078899742915
0.0096504410768
0.011692019765
0.013258169652
0.015220856925
0.017260185549
0.01905549543
0.021369077145
0.023634963648
0.025385777802
0.026963139252
0.029234350808
0.030865568224
0.03278525952
0.035138685635
0.037376565846
0.038443858885
0.040433393132
0.043017108378
0.045045782551
0.046234577925
0.049570932744
0.051342559778
0.05193519246
0.05452502106
0.05597405968
0.058389434216
0.056780628318
0.054276048486
0.052822271667
0.049922731768
0.048360365974
0.047048
0.044564192514
0.042830940075
0.041368854688
0.038666178668
0.036789433294
0.035053702092
0.03280024872
0.031119155472
0.028896596755
0.026943663894
0.0252743222
0.023485212855
0.021488614173
0.01920325652
0.017621902431
0.015550077356
0.013707790817
0.011693833872
0.0096957325972
0.0077457629228
0.00588129405
0.00517764629
0.0044923801029
0.003865926139
0.003136817488
0.0024341878784
0.0017567897984
0.00105868096304
0.00034951802732
-0.0003507485025
-0.0010415500848
-0.0017481443154
-0.0024822453088
-0.003142725194
-0.0038645741497
-0.0045955476495
-0.0052849741647
-0.0060293346976
-0.0080614955122
-0.0099350788625
-0.0122482897644
-0.014389571088
-0.015816803477
-0.017848406961
-0.019684948806
-0.021830826732
-0.02363188184
-0.026070408384
-0.027752274748
-0.029677944113
-0.031598321004
-0.033289761662
-0.035442491136
-0.037467367816
-0.03948693846
-0.04143405
-0.043995639996
-0.0455252103
-0.047240925746
-0.0497709954
-0.050376261249
-0.05221419618
-0.05350106244
-0.056903277423
-0.059104945664
dMdH Data
3.80946667466569E-08
-4.55336252924606E-08
-1.03717026378872E-08
-7.524621667067E-08
-5.04231946695608E-09
1.0908001198681E-08
-4.97658782566927E-08
-5.30771540078046E-08
6.64907968103608E-08
3.99951957722778E-08
-1.84656877434821E-07
5.08728777971093E-08
5.28147881406651E-09
3.35695411962539E-08
1.39138778937248E-08
3.35952966584699E-08
-1.15317693646128E-07
1.33857322853543E-07
-1.91426858513191E-07
1.86580164594222E-07
-3.26236881559221E-08
3.54056649063894E-09
1.13504109424682E-07
-3.11360145901349E-08
8.60412613781019E-08
8.29542253310076E-08
7.58490226105751E-08
5.23298344703224E-07
1.65862740120163E-07
2.13204366261947E-07
4.59666593029378E-07
3.87208827135263E-07
9.25894436131143E-07
8.11544991511039E-07
1.13337013290305E-06
1.71280889088521E-06
3.50077658791793E-06
8.05365826355237E-06
1.90182951757972E-05
9.66218096660331E-06
1.59772777597983E-06
7.57998164077109E-07
5.66810564601107E-08
3.02190601011047E-07
3.52466093463324E-07
2.86237101031915E-08
2.44869556871284E-07
7.59204757042465E-08
4.68242068014157E-08
2.21422574067408E-08
3.54219181370784E-08
-2.99376049916013E-09
1.205354463053E-08
-1.4046762589928E-08
7.69147659063628E-08
1.15991599159916E-07
-1.50383969282457E-07
-1.06931108977436E-07
9.8614277144571E-08
-3.3361349582758E-08
-4.25178432195767E-08
-8.30064183312338E-08
1.07908790879088E-07
-5.26577873770098E-08
-1.87267490699628E-08
-1.47992076355123E-07
9.23713070054532E-08
-1.26610627439208E-07
6.18049717785515E-08
-5.14362818590704E-08
9.37983566244827E-08
-8.07664627563872E-08
-1.66866890917827E-08
1.14509263145273E-07
-1.43414341434145E-08
-6.4890489048905E-08
-2.3241590214067E-08
6.74888968911296E-08
-8.66590649942988E-08
2.59888362043095E-09
-1.24967030332094E-07
1.11732917016933E-07
1.0626425057002E-08
-1.28544854485448E-07
-8.08068093268596E-08
6.80271292239362E-08
-2.65774952015357E-08
2.47254395967114E-08
1.27001739339051E-07
-4.69020172910662E-08
6.23762970071359E-09
-6.09254035887897E-08
7.11421883440373E-08
-4.84255982726564E-08
8.28343433131336E-08
-5.9064920416844E-08
1.56148949828121E-07
1.08823900088221E-07
4.60951182601895E-07
1.10786429044699E-07
-3.17910625350581E-07
8.08104157459971E-07
1.05454916916372E-07
6.29516435751155E-07
6.13428049219648E-07
9.94001378406664E-07
1.27581789950428E-06
1.95541205935972E-06
3.20885113612232E-06
8.22763674697771E-06
1.93922914825641E-05
9.37141784934498E-06
1.48589617689885E-06
4.72215597424279E-07
3.4767116314584E-07
2.48636519088732E-07
2.22671578922103E-07
1.43623339692597E-07
6.03063924776023E-08
2.08320826079119E-08
5.62282699916092E-08
5.50453208475909E-08
-3.28252520403293E-08
4.19240688538356E-08
1.21753733581241E-07
-1.24189675870348E-07
1.95713513838016E-08
-2.2306170174492E-08
7.76337892968557E-08
-1.28811524609841E-07
1.03779244151146E-08
4.69218768750754E-08
6.95860827834658E-09
-5.92188156236898E-08
1.06135190298957E-07
-2.01222069130776E-07
8.25478777691071E-08
-8.74654820506669E-08
8.6966952558032E-09
-4.86515706648894E-09
1.69684614462139E-08
-1.66836581709146E-07
-1.66836581709146E-07
dMdT Data
0
0
0
0
0
0
0
0
0
0
0
0
0
0
0
0
0
0
0
0
0
0
0
0
0
0
0
0
0
0
0
0
0
0
0
0
0
0
0
0
0
0
0
0
0
0
0
0
0
0
0
0
0
0
0
0
0
0
0
0
0
0
0
0
0
0
0
0
0
0
0
0
0
0
0
0
0
0
0
0
0
0
0
0
0
0
0
0
0
0
0
0
0
0
0
0
0
0
0
0
0
0
0
0
0
0
0
0
0
0
0
0
0
0
0
0
0
0
0
0
0
0
0
0
0
0
0
0
0
0
0
0
0
0
0
0
0
0
0
0
0
0
0
 
*********************************************** Results ***************************************
 
TotalArea 0.01234166507501
AreaFirstQuad 7.20082353489128E-03
AreaSecondQuad 5.14084154011872E-03
AreaThirdQuad 0
AreaFourthQuad 0
Coercivity 0
PositiveCoercivity 0
NegativeCoercivity 0
Retentivity 1.21478594006611E-04
PositiveRetentivity 3.03543661162607E-04
NegativeRetentivity 6.05864731493845E-05
Magnetization 0.000343811
PositiveMagnetization 0.000343811
NegativeMagnetization 0.000029343
Flatness -1.4987419688615
Squareness 0.353329573534911
SStar 0
SFD1 0
SFD2 0
Slope 0
Intercept 0
SlopeAtHc -1.66836581709146E-07
dH1 217.694415642408
dH2 248.537215
InitialSlope 3.80946667466569E-08
FieldAtHalfMs 0
FieldAtMs 183.313
MomentMean 1.85461257342657E-04
MomentRMS 1.47511523114133E-04
SFD3 0
dH3 -527.196051298312
UserField1 0
UserField2 0
CenterField 0
ExchangeField 0
ExchangeMoment 0
ExRegionOneIntercept 0
ExRegionOneSlope 0
ExRegionTwoIntercept 0
ExRegionTwoSlope 0
NegativeIntercept 0
NegativeSlope 0
AutoCenterOffset 0
PinningField 0
PinningMoment 0
PinRegionOneIntercept 0
PinRegionOneSlope 0
PinRegionTwoIntercept 0
PinRegionTwoSlope 0
PositiveIntercept 0
PositiveSlope 0
TotalOffset 0
BHMax 0
BCoercivity 0
BRetentivity 0
BNegativeCoercivity 0
BPositiveCoercivity 0
BNegativeRetentivity 0
BPositiveRetentivity 0
MomentYMean -1.1778258041958E-04
MomentYRMS 1.58572917608764E-06
YOffCorrection 0
Mrt 0
Ms1 0
Ms2 0
Ms3 0
Hc2 0
Hex2 0
HsatValue 0
HsatIntercept 0
HsatSlope 0
CenterH 0
Span .000314468
SpanAsPercentOfRange -24.1898461538462
RMSAsPercentOfRange -11.3470402395487
SpanAsPercentOfMean 169.55994179366
RMSAsPercentOfMean 79.537648578318
