Version 1.25
******************************************** Units *******************************************
System CGS
TemperatureUnit K
MomentUnit emu
AppliedFieldUnit G
 
******************************************** Setup ********************************************
 
Experiment CustomField
Minor False
Acquisition PointByPoint
EditedPoint No
MaxField 15000
FieldIncrement 750
Points 81
MinField 0
RampRate 10
AverageTime 6
TimeInterval 10
TimeConstant 1
TimeConstantIndex 2
Sensitivity -0.0013
SensitivityIndex 5
SensitivityY -4
SensitivityIndexY 0
SaturationField 8000
ExperimentTime 486
Use735Domains False
AutoRangeEnabled False
NumberOfVertices 11
VertexPts
0
10
15
25
30
40
50
55
65
70
80
VertexField
15000
2000
500
-500
-2000
-15000
-2000
-500
500
2000
15000
StartAngle 0
EndAngle 0
AngleIncrement 0
StartTemp 0
FinishTemp 0
TempIncrement 0
TempPoints 0
LengthofSetPointsArray 81
SetPointArray
15000
13700
12400
11100
9800
8500
7200
5900
4600
3300
2000
1700
1400
1100
800
500
400
300
200
100
0
-100
-200
-300
-400
-500
-800
-1100
-1400
-1700
-2000
-3300
-4600
-5900
-7200
-8500
-9800
-11100
-12400
-13700
-15000
-13700
-12400
-11100
-9800
-8500
-7200
-5900
-4600
-3300
-2000
-1700
-1400
-1100
-800
-500
-400
-300
-200
-100
0
100
200
300
400
500
800
1100
1400
1700
2000
3300
4600
5900
7200
8500
9800
11100
12400
13700
15000
FieldDomainFile c:\Ideasvsm\Default UserID\Experiments\Jason_1p5T_cus\fdomain.ini
TempDomainFile c:\Ideasvsm\Default UserID\Experiments\Jason_1p5T_cus\tdomain.ini
NumSelectedResults 0
ResultsSelected 
UserName1 
UserValue1 
UserName2 
UserValue2 
LinearBackgroundCorrection Off
MaxLinearFieldCorrection 
MinLinearFieldCorrection 
AutoLinearCorrection Off
FitOneRegion Off
BackgroundMode Off
BackgroundFilename 
AutoCenter Off
OffsetCorrection 
SmoothDeriv Off
DerivOrder 0
DerivPoints 0
MinExFieldOne 
MaxExFieldOne 
MinExFieldTwo 
MaxExFieldTwo 
MinPinFieldOne 
MaxPinFieldOne 
MinPinFieldTwo 
MaxPinFieldTwo 
HCenterStart 
Mass 
Volume 
Density 
MolarWeight 
NumberOfMoles 
Demagnetization 
SampleArea 
Thickness 
MomentScaling 0
XAxis 0
YAxis 0
SimpleSpinValve False
HsatMax 0
HsatMin 0
FieldAutoRange True
 
*************************************************** Experiment Data ********************************************
 
DataPoints 81
MomentX Data
-0.000190196
-0.000155346
-0.000122691
-0.0000861935
-0.0000483909
-0.0000155718
0.0000244134
0.0000556196
0.000094486
0.000127857
0.000161805
0.000173936
0.000179356
0.000187033
0.000195763
0.000202024
0.000202461
0.000205947
0.000208019
0.00021059
0.000212732
0.000214302
0.000216812
0.000218794
0.000221439
0.000222664
0.000230009
0.000238195
0.000244373
0.000254722
0.000260798
0.000294501
0.000335502
0.000371122
0.000406723
0.000448449
0.000479979
0.000518093
0.000551912
0.000585212
0.000619761
0.000584186
0.000548216
0.000508014
0.000472231
0.000442155
0.000404138
0.000366029
0.000333996
0.00029315
0.000255565
0.00024677
0.00024133
0.000232482
0.00022377
0.000213884
0.000214599
0.000210357
0.000208829
0.000205735
0.000203706
0.000200486
0.000198747
0.000194976
0.000193331
0.000191118
0.000184056
0.000173839
0.000165689
0.000158442
0.000151679
0.000114847
0.0000774376
0.0000425775
-0.00000338022
-0.0000342785
-0.0000692252
-0.000107659
-0.00014399
-0.000178372
-0.000213609
MomentY Data
-0.000113686
-0.000114083
-0.000114965
-0.00011483
-0.000120266
-0.000114735
-0.000116841
-0.000116094
-0.000115895
-0.000119328
-0.000122237
-0.000119853
-0.00012211
-0.000119281
-0.00012056
-0.000120076
-0.000120163
-0.000120139
-0.000121172
-0.000118407
-0.000119233
-0.000118136
-0.000121117
-0.000120894
-0.000117707
-0.000118828
-0.000118979
-0.000119082
-0.000119027
-0.000119432
-0.00012033
-0.000118454
-0.00011994
-0.00011692
-0.000117071
-0.000116793
-0.000118128
-0.000118725
-0.000117826
-0.000119249
-0.000118478
-0.000121196
-0.0001158
-0.000117493
-0.000121037
-0.000118995
-0.000120012
-0.00011731
-0.000120902
-0.000118613
-0.000119543
-0.000118025
-0.000118454
-0.000118486
-0.000119885
-0.00011963
-0.000116857
-0.000116102
-0.000116754
-0.000118852
-0.000117938
-0.000119328
-0.000117874
-0.000118693
-0.00011785
-0.000117262
-0.000117803
-0.000118653
-0.000118184
-0.000118248
-0.000117699
-0.000116618
-0.000116897
-0.0001158
-0.000115554
-0.000116595
-0.000115832
-0.000116189
-0.000116587
-0.000117636
-0.000116674
Field Data
15000
13700
12400
11100
9799.96
8499.96
7199.97
5899.97
4599.97
3299.95
1999.96
1699.97
1399.98
1099.98
799.979
499.98
399.984
299.987
199.992
99.9903
-0.00864556
-100.005
-200.009
-300.007
-400.011
-500.008
-800.012
-1100.02
-1400.02
-1700.02
-2000.02
-3300.05
-4600.06
-5900.06
-7200.07
-8500.06
-9800.04
-11100
-12400
-13700
-15000
-13700
-12400
-11100
-9799.98
-8499.96
-7199.95
-5899.96
-4599.97
-3299.99
-1999.96
-1699.98
-1399.97
-1099.98
-799.98
-499.977
-399.983
-299.988
-199.985
-99.9876
0.00961581
100.01
200.009
300.01
400.011
500.008
800.013
1100.02
1400.02
1700.02
2000.02
3300.04
4600.06
5900.07
7200.06
8500.04
9800.02
11100
12400
13700
15000
Time Data
0
14.555
29.094
43.634
58.173
72.744
87.283
101.9
116.486
132.04
146.626
160.151
173.645
187.17
200.727
214.283
227.793
242.363
255.858
269.398
282.971
296.558
311.113
324.623
339.178
352.719
366.244
379.769
393.294
406.867
420.345
434.9
450.469
464.992
479.563
495.116
509.624
524.164
538.703
553.258
567.797
582.368
596.907
612.491
627.046
641.601
656.156
670.758
685.328
700.897
715.468
728.977
742.565
756.106
769.631
783.157
796.713
811.268
824.824
838.381
851.891
865.463
879.019
892.56
907.068
920.625
934.181
947.722
961.232
974.788
988.298
1002.88
1018.48
1033.04
1047.61
1062.1
1076.67
1091.21
1105.8
1120.41
1134.99
Temperature Data
0
0
0
0
0
0
0
0
0
0
0
0
0
0
0
0
0
0
0
0
0
0
0
0
0
0
0
0
0
0
0
0
0
0
0
0
0
0
0
0
0
0
0
0
0
0
0
0
0
0
0
0
0
0
0
0
0
0
0
0
0
0
0
0
0
0
0
0
0
0
0
0
0
0
0
0
0
0
0
0
0
Angle Data
0
0
0
0
0
0
0
0
0
0
0
0
0
0
0
0
0
0
0
0
0
0
0
0
0
0
0
0
0
0
0
0
0
0
0
0
0
0
0
0
0
0
0
0
0
0
0
0
0
0
0
0
0
0
0
0
0
0
0
0
0
0
0
0
0
0
0
0
0
0
0
0
0
0
0
0
0
0
0
0
0
Bx Data
0
0
0
0
0
0
0
0
0
0
0
0
0
0
0
0
0
0
0
0
0
0
0
0
0
0
0
0
0
0
0
0
0
0
0
0
0
0
0
0
0
0
0
0
0
0
0
0
0
0
0
0
0
0
0
0
0
0
0
0
0
0
0
0
0
0
0
0
0
0
0
0
0
0
0
0
0
0
0
0
0
Hint Data
0
0
0
0
0
0
0
0
0
0
0
0
0
0
0
0
0
0
0
0
0
0
0
0
0
0
0
0
0
0
0
0
0
0
0
0
0
0
0
0
0
0
0
0
0
0
0
0
0
0
0
0
0
0
0
0
0
0
0
0
0
0
0
0
0
0
0
0
0
0
0
0
0
0
0
0
0
0
0
0
0
Torque Data
-1.70529
-1.5629371
-1.425566
-1.274613
-1.17860198936
-0.9752429106
-0.84125169477
-0.68495111718
-0.53311352315
-0.3937764336
-0.24446911052
-0.20374650441
-0.1709515578
-0.13120671438
-0.09644546824
-0.06003559848
-0.048063277392
-0.036040138193
-0.024233430624
-0.0118395514521
1.03083605548E-06
0.01181419068
0.024224490053
0.036269046258
0.047084094777
0.059414950624
0.095184627748
0.13099258164
0.16664018054
0.20303678864
0.2406624066
0.3909041227
0.5517311964
0.6898350152
0.84291939497
0.99274750758
1.15765912512
1.3178475
1.4610424
1.6337113
1.77717
1.6603852
1.43592
1.3041723
1.18616017926
1.0114527402
0.8640803994
0.6921243076
0.55614557294
0.39142171387
0.23908121828
0.2006401395
0.16583204638
0.13033223028
0.0959056023
0.05981224851
0.046740813431
0.034829206776
0.02334904869
0.0118837262352
-1.13406939978E-06
-0.01193399328
-0.023575860866
-0.03560908693
-0.04714129635
-0.058631938096
-0.094243931439
-0.13052067306
-0.16545996368
-0.20102396496
-0.23540035398
-0.38484406472
-0.53773321382
-0.683228106
-0.83199573324
-0.9910621638
-1.13515591664
-1.2896979
-1.4456788
-1.6116132
-1.75011
dMdH Data
-2.68076923076923E-08
-2.51192307692308E-08
-0.000000028075
-2.90780283683579E-08
-2.52454615384615E-08
-3.07580827544827E-08
-2.40047692307692E-08
-2.98972307692308E-08
-2.56696050829987E-08
-2.6114047031131E-08
-4.04380146004867E-08
-1.80672689089637E-08
-0.00000002559
-2.90999030003234E-08
-2.08700695668986E-08
-4.37017480699224E-09
-3.4861045831375E-08
-2.07210360518025E-08
-2.57095629374302E-08
-2.14202258634297E-08
-1.57005723737862E-08
-2.50989960401584E-08
-1.9820396407928E-08
-2.64489420423184E-08
-1.22503675110252E-08
-2.44830068932415E-08
-2.72859390416255E-08
-2.05933333333333E-08
-3.44966666666666E-08
-2.02533333333335E-08
-2.59247863510842E-08
-3.15389881616295E-08
-0.0000000274
-2.73851739602003E-08
-3.20971699782306E-08
-2.42542192956814E-08
-2.93193636727284E-08
-2.60146153846154E-08
-2.56153846153846E-08
-2.65761538461539E-08
-2.73653846153846E-08
-2.76692307692307E-08
-3.09246153846154E-08
-2.75249611544438E-08
-2.31350286918663E-08
-2.92436212029138E-08
-2.93148408833914E-08
-2.4640958776606E-08
-3.14204833920522E-08
-2.89108712875857E-08
-2.93186212414162E-08
-1.81327289090364E-08
-2.94943164772159E-08
-0.00000002904
-3.29530038032954E-08
7.15042902574164E-09
-4.24221211060553E-08
-1.52795416137515E-08
-3.09408044609161E-08
-2.02905649278796E-08
-3.21998762912954E-08
-1.73901739017388E-08
-3.77096229037711E-08
-1.64498355016449E-08
-2.21306639199178E-08
-2.35396076732055E-08
-3.40558720296526E-08
-2.71666666666666E-08
-2.41566666666666E-08
-2.25433333333334E-08
-2.83318718173567E-08
-2.87760188304795E-08
-2.68152552672672E-08
-3.53523642489557E-08
-2.37682733580517E-08
-2.68824904998539E-08
-2.9564916383329E-08
-2.79469230769231E-08
-2.64476923076923E-08
-2.71053846153846E-08
-2.71053846153846E-08
dMdT Data
0
0
0
0
0
0
0
0
0
0
0
0
0
0
0
0
0
0
0
0
0
0
0
0
0
0
0
0
0
0
0
0
0
0
0
0
0
0
0
0
0
0
0
0
0
0
0
0
0
0
0
0
0
0
0
0
0
0
0
0
0
0
0
0
0
0
0
0
0
0
0
0
0
0
0
0
0
0
0
0
0
 
*********************************************** Results ***************************************
 
TotalArea 0.362341820482431
AreaFirstQuad 0.134495706074577
AreaSecondQuad 6.75280959906424E-02
AreaThirdQuad 0
AreaFourthQuad 0.160318018417213
Coercivity 444.624089315636
PositiveCoercivity 7104.44489555618
NegativeCoercivity 7993.69307418745
Retentivity 4.51280984996748E-06
PositiveRetentivity 2.12731814810152E-04
NegativeRetentivity 2.03706195110217E-04
Magnetization 0.000416685
PositiveMagnetization 0.000619761
NegativeMagnetization -0.000213609
Flatness -47.6789865128018
Squareness 1.08302671081692E-02
SStar 1.32998544535501
SFD1 1.16499272267751
SFD2 35.5355914798032
Slope 0
Intercept 0
SlopeAtHc -3.07580827544827E-08
dH1 -73.3597390641935
dH2 15799.98
InitialSlope -2.68076923076923E-08
FieldAtHalfMs 0
FieldAtMs -15000
MomentMean 2.03245283703704E-04
MomentRMS 1.86943010828128E-04
SFD3 1.32998544535501
dH3 -146.719478128388
UserField1 0
UserField2 0
CenterField 0
ExchangeField 0
ExchangeMoment 0
ExRegionOneIntercept 0
ExRegionOneSlope 0
ExRegionTwoIntercept 0
ExRegionTwoSlope 0
NegativeIntercept 0
NegativeSlope 0
AutoCenterOffset 0
PinningField 0
PinningMoment 0
PinRegionOneIntercept 0
PinRegionOneSlope 0
PinRegionTwoIntercept 0
PinRegionTwoSlope 0
PositiveIntercept 0
PositiveSlope 0
TotalOffset 0
BHMax 0
BCoercivity 0
BRetentivity 0
BNegativeCoercivity 0
BPositiveCoercivity 0
BNegativeRetentivity 0
BPositiveRetentivity 0
MomentYMean -1.18233703703704E-04
MomentYRMS 1.84810807614466E-06
YOffCorrection 0
Mrt 0
Ms1 0
Ms2 0
Ms3 0
Hc2 0
Hex2 0
HsatValue 0
HsatIntercept 0
HsatSlope 0
CenterH 0
Span .00083337
SpanAsPercentOfRange -64.1053846153846
RMSAsPercentOfRange -14.3802316021637
SpanAsPercentOfMean 410.031654763959
RMSAsPercentOfMean 91.9790154150187
