Version 1.25
******************************************** Units *******************************************
System CGS
TemperatureUnit K
MomentUnit emu
AppliedFieldUnit G
 
******************************************** Setup ********************************************
 
Experiment CustomField
Minor False
Acquisition PointByPoint
EditedPoint No
MaxField 15000
FieldIncrement 750
Points 81
MinField 0
RampRate 10
AverageTime 6
TimeInterval 10
TimeConstant 1
TimeConstantIndex 2
Sensitivity -0.0013
SensitivityIndex 5
SensitivityY -4
SensitivityIndexY 0
SaturationField 8000
ExperimentTime 486
Use735Domains False
AutoRangeEnabled False
NumberOfVertices 11
VertexPts
0
10
15
25
30
40
50
55
65
70
80
VertexField
15000
2000
500
-500
-2000
-15000
-2000
-500
500
2000
15000
StartAngle 0
EndAngle 0
AngleIncrement 0
StartTemp 0
FinishTemp 0
TempIncrement 0
TempPoints 0
LengthofSetPointsArray 81
SetPointArray
15000
13700
12400
11100
9800
8500
7200
5900
4600
3300
2000
1700
1400
1100
800
500
400
300
200
100
0
-100
-200
-300
-400
-500
-800
-1100
-1400
-1700
-2000
-3300
-4600
-5900
-7200
-8500
-9800
-11100
-12400
-13700
-15000
-13700
-12400
-11100
-9800
-8500
-7200
-5900
-4600
-3300
-2000
-1700
-1400
-1100
-800
-500
-400
-300
-200
-100
0
100
200
300
400
500
800
1100
1400
1700
2000
3300
4600
5900
7200
8500
9800
11100
12400
13700
15000
FieldDomainFile c:\Ideasvsm\Default UserID\Experiments\Jason_1p5T_cus\fdomain.ini
TempDomainFile c:\Ideasvsm\Default UserID\Experiments\Jason_1p5T_cus\tdomain.ini
NumSelectedResults 0
ResultsSelected 
UserName1 
UserValue1 
UserName2 
UserValue2 
LinearBackgroundCorrection Off
MaxLinearFieldCorrection 
MinLinearFieldCorrection 
AutoLinearCorrection Off
FitOneRegion Off
BackgroundMode Off
BackgroundFilename 
AutoCenter Off
OffsetCorrection 
SmoothDeriv Off
DerivOrder 0
DerivPoints 0
MinExFieldOne 
MaxExFieldOne 
MinExFieldTwo 
MaxExFieldTwo 
MinPinFieldOne 
MaxPinFieldOne 
MinPinFieldTwo 
MaxPinFieldTwo 
HCenterStart 
Mass 
Volume 
Density 
MolarWeight 
NumberOfMoles 
Demagnetization 
SampleArea 
Thickness 
MomentScaling 0
XAxis 0
YAxis 0
SimpleSpinValve False
HsatMax 0
HsatMin 0
FieldAutoRange True
 
*************************************************** Experiment Data ********************************************
 
DataPoints 81
MomentX Data
0.00001673
0.0000374517
0.000058547
0.0000799862
0.000102703
0.000123257
0.00014462
0.000167493
0.000195755
0.000215125
0.000242691
0.000245665
0.000252524
0.000254989
0.000254235
0.00025519
0.000250452
0.000244331
0.000235495
0.000219399
0.000195601
0.000164416
0.000142844
0.000128577
0.000120044
0.000117488
0.000114895
0.000114903
0.000121903
0.00012495
0.000133309
0.0001532
0.000179263
0.00021467
0.000231377
0.000251128
0.000272935
0.000294486
0.000316311
0.000335916
0.000357713
0.000335634
0.000314112
0.000291831
0.000267341
0.000248508
0.000227092
0.000204443
0.000173637
0.00015563
0.000130621
0.000124183
0.000118993
0.000117808
0.000115007
0.000118324
0.000120533
0.000127085
0.000136129
0.000152591
0.000176353
0.000207781
0.0002272
0.000243232
0.000251112
0.000255789
0.00025867
0.000257217
0.000251151
0.000246931
0.000240637
0.000218864
0.000187109
0.000169523
0.000150016
0.000125288
0.0000982533
0.0000745124
0.0000554892
0.0000340068
0.0000131736
MomentY Data
-0.000118446
-0.000119241
-0.000120004
-0.000117612
-0.0001218
-0.000119559
-0.000118709
-0.000119432
-0.000119575
-0.000120592
-0.000122658
-0.000121601
-0.000121713
-0.000120846
-0.000121061
-0.00012215
-0.000124073
-0.000121999
-0.00012118
-0.000121307
-0.000122158
-0.000121705
-0.00012188
-0.000120989
-0.000122889
-0.000123032
-0.000122952
-0.00012339
-0.000122245
-0.000123167
-0.000123302
-0.000119623
-0.000117834
-0.000118955
-0.000118438
-0.000119114
-0.000119019
-0.000118287
-0.000121681
-0.000117795
-0.000118192
-0.000116515
-0.000118192
-0.000120576
-0.000119265
-0.000119774
-0.000118796
-0.000119774
-0.000122229
-0.000121331
-0.0001218
-0.000121697
-0.000121236
-0.000121148
-0.000120195
-0.000121077
-0.000119424
-0.000117985
-0.00012006
-0.00012037
-0.000121403
-0.000121252
-0.000121299
-0.000120902
-0.000120195
-0.000120417
-0.000119034
-0.000120068
-0.000121204
-0.000121053
-0.000120862
-0.000118343
-0.000118001
-0.000119702
-0.000117413
-0.000115403
-0.000119178
-0.000119233
-0.000119106
-0.000117318
-0.000119034
Field Data
15000
13700
12400
11100
9799.98
8499.97
7199.97
5899.96
4599.96
3299.95
1999.96
1699.98
1399.98
1099.98
799.979
499.98
399.987
299.984
199.989
99.9904
-0.0107012
-100.009
-200.012
-300.01
-400.011
-500.01
-800.015
-1100.02
-1400.02
-1700.02
-2000.02
-3300.04
-4600.06
-5900.07
-7200.07
-8500.05
-9800.03
-11100
-12400
-13700
-15000
-13700
-12400
-11100
-9799.98
-8499.98
-7199.97
-5899.97
-4599.97
-3300
-1999.96
-1699.98
-1399.98
-1099.98
-799.981
-499.98
-399.989
-299.987
-199.993
-99.9913
0.0121215
100.008
200.01
300.009
400.011
500.013
800.011
1100.02
1400.01
1700.02
2000.02
3300.04
4600.05
5900.07
7200.06
8500.05
9800.03
11100
12400
13700
15000
Time Data
0
14.555
29.094
43.68
58.235
72.79
87.345
101.931
116.423
132.023
146.547
160.072
173.629
187.185
200.695
214.22
227.777
242.347
255.888
269.398
282.907
296.417
309.958
323.468
339.068
352.546
366.087
379.612
393.153
406.679
420.235
434.806
450.375
464.929
479.484
493.992
508.516
523.071
537.61
552.212
566.767
581.353
595.923
610.447
625.002
639.526
654.096
668.667
683.253
698.806
713.408
726.949
740.412
753.952
767.462
781.065
794.622
809.177
822.671
836.196
849.737
863.262
876.788
890.375
905.975
919.485
933.073
946.614
960.17
973.742
987.236
1001.81
1017.36
1031.93
1046.49
1061.01
1075.56
1090.12
1104.66
1119.24
1133.77
Temperature Data
0
0
0
0
0
0
0
0
0
0
0
0
0
0
0
0
0
0
0
0
0
0
0
0
0
0
0
0
0
0
0
0
0
0
0
0
0
0
0
0
0
0
0
0
0
0
0
0
0
0
0
0
0
0
0
0
0
0
0
0
0
0
0
0
0
0
0
0
0
0
0
0
0
0
0
0
0
0
0
0
0
Angle Data
0
0
0
0
0
0
0
0
0
0
0
0
0
0
0
0
0
0
0
0
0
0
0
0
0
0
0
0
0
0
0
0
0
0
0
0
0
0
0
0
0
0
0
0
0
0
0
0
0
0
0
0
0
0
0
0
0
0
0
0
0
0
0
0
0
0
0
0
0
0
0
0
0
0
0
0
0
0
0
0
0
Bx Data
0
0
0
0
0
0
0
0
0
0
0
0
0
0
0
0
0
0
0
0
0
0
0
0
0
0
0
0
0
0
0
0
0
0
0
0
0
0
0
0
0
0
0
0
0
0
0
0
0
0
0
0
0
0
0
0
0
0
0
0
0
0
0
0
0
0
0
0
0
0
0
0
0
0
0
0
0
0
0
0
0
Hint Data
0
0
0
0
0
0
0
0
0
0
0
0
0
0
0
0
0
0
0
0
0
0
0
0
0
0
0
0
0
0
0
0
0
0
0
0
0
0
0
0
0
0
0
0
0
0
0
0
0
0
0
0
0
0
0
0
0
0
0
0
0
0
0
0
0
0
0
0
0
0
0
0
0
0
0
0
0
0
0
0
0
Torque Data
-1.77669
-1.6336017
-1.4880496
-1.3054932
-1.193637564
-1.01624791323
-0.85470123873
-0.70464402272
-0.550040217
-0.3979475704
-0.24531109368
-0.20671926798
-0.17039576574
-0.13292818308
-0.096846257719
-0.061072557
-0.049627587051
-0.036597748016
-0.02423466702
-0.0121295354528
1.3072371896E-06
0.012171595345
0.02437746256
0.03629790989
0.049156951779
0.06151723032
0.09836344428
0.1357314678
0.1711454449
0.20938636334
0.24660646604
0.39476068492
0.54204347004
0.70184282685
0.85276189066
1.0124749557
1.16638977057
1.3129857
1.5088444
1.6137915
1.77288
1.5962555
1.4655808
1.3383936
1.1687946147
1.01807660452
0.85532763612
0.70666300678
0.56224973313
0.4003923
0.243595128
0.20688246606
0.16972797528
0.13326037704
0.096153716295
0.06053607846
0.047768286336
0.035393966195
0.02401115958
0.012035952781
-1.4715864645E-06
-0.012126170016
-0.02426101299
-0.036271688118
-0.048079322145
-0.060210065421
-0.095228509374
-0.13207720136
-0.16968681204
-0.20579252106
-0.24172641724
-0.39053663372
-0.54281050005
-0.70625017914
-0.84538064478
-0.98093127015
-1.16794797534
-1.3234863
-1.4769144
-1.6072566
-1.78551
dMdH Data
-1.59397692307692E-08
-1.62271538461538E-08
-1.64916923076923E-08
-1.74741927047276E-08
-1.5810647610403E-08
-1.64330769230769E-08
-1.75944800424612E-08
-0.00000002174
-1.4899885385497E-08
-2.12047784982961E-08
-9.91399426628438E-09
-2.28633333333334E-08
-8.21666666666666E-09
2.51332495558348E-09
-3.1833439444797E-09
4.73833168321778E-08
6.12081637550878E-08
8.83644182209107E-08
1.60962253471549E-07
2.37977379393098E-07
3.11855305282454E-07
2.15713528594142E-07
1.42672853457069E-07
8.53291467085328E-08
2.55602556025561E-08
8.64318928017864E-09
-2.66662222295976E-11
-2.33333333333334E-08
-1.01566666666667E-08
-2.78633333333333E-08
-1.5300533837941E-08
-2.00481531053368E-08
-2.72359443388897E-08
-1.28515384615385E-08
-1.51933106663179E-08
-1.67748734595917E-08
-1.65780748786511E-08
-1.67884615384615E-08
-1.50807692307692E-08
-1.67669230769231E-08
-1.69838461538461E-08
-1.65553846153846E-08
-1.71392307692308E-08
-1.88381717204351E-08
-1.44869230769231E-08
-1.64737194329274E-08
-1.74223076923077E-08
-2.36969230769231E-08
-1.38518581198028E-08
-1.92371003969109E-08
-2.14614307620509E-08
-1.72999999999999E-08
-3.95000000000003E-09
-9.33669778899259E-09
1.10566298112339E-08
2.20919882789452E-08
6.55186896262075E-08
9.04454267256034E-08
1.64617201507574E-07
2.37611870109864E-07
3.14292953584082E-07
1.94186116277674E-07
1.60321603216032E-07
7.87984240315195E-08
4.67690646187073E-08
9.60339735598251E-09
-4.84318803769221E-09
-2.02206740224674E-08
-1.4066197793407E-08
-2.09799999999999E-08
-1.67482038737866E-08
-2.44267351789602E-08
-1.35274841925509E-08
-1.5005500042308E-08
-1.90216847821906E-08
-2.07962430191234E-08
-1.82626522150511E-08
-1.46332307692308E-08
-1.65249230769231E-08
-1.60255384615385E-08
-1.60255384615385E-08
dMdT Data
0
0
0
0
0
0
0
0
0
0
0
0
0
0
0
0
0
0
0
0
0
0
0
0
0
0
0
0
0
0
0
0
0
0
0
0
0
0
0
0
0
0
0
0
0
0
0
0
0
0
0
0
0
0
0
0
0
0
0
0
0
0
0
0
0
0
0
0
0
0
0
0
0
0
0
0
0
0
0
0
0
 
*********************************************** Results ***************************************
 
TotalArea 6.81334852182113E-02
AreaFirstQuad 2.14828910481829E-02
AreaSecondQuad 4.66505941700283E-02
AreaThirdQuad 0
AreaFourthQuad 0
Coercivity 0
PositiveCoercivity 0
NegativeCoercivity 0
Retentivity 9.62671342790796E-06
PositiveRetentivity 1.95603546643532E-04
NegativeRetentivity 1.76350119787716E-04
Magnetization 0.000357713
PositiveMagnetization 0.000357713
NegativeMagnetization 0.0000131736
Flatness -19.3188292773394
Squareness 0.02691183554388
SStar 0
SFD1 0
SFD2 0
Slope 0
Intercept 0
SlopeAtHc -1.60255384615385E-08
dH1 0
dH2 449.995
InitialSlope -1.59397692307692E-08
FieldAtHalfMs 0
FieldAtMs -15000
MomentMean 1.84004669135802E-04
MomentRMS 7.85274361058726E-05
SFD3 0
dH3 0
UserField1 0
UserField2 0
CenterField 0
ExchangeField 0
ExchangeMoment 0
ExRegionOneIntercept 0
ExRegionOneSlope 0
ExRegionTwoIntercept 0
ExRegionTwoSlope 0
NegativeIntercept 0
NegativeSlope 0
AutoCenterOffset 0
PinningField 0
PinningMoment 0
PinRegionOneIntercept 0
PinRegionOneSlope 0
PinRegionTwoIntercept 0
PinRegionTwoSlope 0
PositiveIntercept 0
PositiveSlope 0
TotalOffset 0
BHMax 0
BCoercivity 0
BRetentivity 0
BNegativeCoercivity 0
BPositiveCoercivity 0
BNegativeRetentivity 0
BPositiveRetentivity 0
MomentYMean -1.20272456790123E-04
MomentYRMS 1.75269102417813E-06
YOffCorrection 0
Mrt 0
Ms1 0
Ms2 0
Ms3 0
Hc2 0
Hex2 0
HsatValue 0
HsatIntercept 0
HsatSlope 0
CenterH 0
Span .0003445394
SpanAsPercentOfRange -26.5030307692308
RMSAsPercentOfRange -6.04057200814405
SpanAsPercentOfMean 187.244922434939
RMSAsPercentOfMean 42.6768714482546
