Version 1.25
******************************************** Units *******************************************
System CGS
TemperatureUnit K
MomentUnit emu
AppliedFieldUnit G
 
******************************************** Setup ********************************************
 
Experiment CustomField
Minor False
Acquisition PointByPoint
EditedPoint No
MaxField 500
FieldIncrement 16.6666666666667
Points 143
MinField 0
RampRate 500
AverageTime 3
TimeInterval 0
TimeConstant 0.3
TimeConstantIndex 1
Sensitivity -0.0013
SensitivityIndex 5
SensitivityY -4
SensitivityIndexY 0
SaturationField 8000
ExperimentTime 429
Use735Domains False
AutoRangeEnabled False
NumberOfVertices 7
VertexPts
0
27
44
71
98
115
142
VertexField
500
50
-50
-500
-50
50
500
StartAngle 0
EndAngle 0
AngleIncrement 0
StartTemp 0
FinishTemp 0
TempIncrement 0
TempPoints 0
LengthofSetPointsArray 143
SetPointArray
500
483.333333333333
466.666666666667
450
433.333333333333
416.666666666667
400
383.333333333333
366.666666666667
350
333.333333333333
316.666666666666
300
283.333333333333
266.666666666666
250
233.333333333333
216.666666666666
200
183.333333333333
166.666666666666
150
133.333333333333
116.666666666666
99.9999999999998
83.3333333333331
66.6666666666665
50
44.1176470588235
38.2352941176471
32.3529411764706
26.4705882352941
20.5882352941176
14.7058823529412
8.8235294117647
2.94117647058823
-2.94117647058824
-8.82352941176471
-14.7058823529412
-20.5882352941177
-26.4705882352941
-32.3529411764706
-38.2352941176471
-44.1176470588235
-50
-66.6666666666667
-83.3333333333333
-100
-116.666666666667
-133.333333333333
-150
-166.666666666667
-183.333333333333
-200
-216.666666666667
-233.333333333333
-250
-266.666666666667
-283.333333333333
-300
-316.666666666667
-333.333333333333
-350
-366.666666666667
-383.333333333333
-400
-416.666666666667
-433.333333333333
-450
-466.666666666667
-483.333333333334
-500
-483.333333333333
-466.666666666667
-450
-433.333333333333
-416.666666666667
-400
-383.333333333333
-366.666666666667
-350
-333.333333333333
-316.666666666666
-300
-283.333333333333
-266.666666666666
-250
-233.333333333333
-216.666666666666
-200
-183.333333333333
-166.666666666666
-150
-133.333333333333
-116.666666666666
-99.9999999999998
-83.3333333333331
-66.6666666666665
-50
-44.1176470588235
-38.2352941176471
-32.3529411764706
-26.4705882352941
-20.5882352941176
-14.7058823529412
-8.8235294117647
-2.94117647058823
2.94117647058824
8.82352941176471
14.7058823529412
20.5882352941177
26.4705882352941
32.3529411764706
38.2352941176471
44.1176470588235
50
66.6666666666667
83.3333333333333
100
116.666666666667
133.333333333333
150
166.666666666667
183.333333333333
200
216.666666666667
233.333333333333
250
266.666666666667
283.333333333333
300
316.666666666667
333.333333333333
350
366.666666666667
383.333333333333
400
416.666666666667
433.333333333333
450
466.666666666667
483.333333333334
500
FieldDomainFile c:\Ideasvsm\Default UserID\Experiments\Jason_500G\fdomain.ini
TempDomainFile c:\Ideasvsm\Default UserID\Experiments\Jason_500G\tdomain.ini
NumSelectedResults 0
ResultsSelected 
UserName1 
UserValue1 
UserName2 
UserValue2 
LinearBackgroundCorrection Off
MaxLinearFieldCorrection 
MinLinearFieldCorrection 
AutoLinearCorrection Off
FitOneRegion Off
BackgroundMode Off
BackgroundFilename 
AutoCenter Off
OffsetCorrection 
SmoothDeriv Off
DerivOrder 0
DerivPoints 0
MinExFieldOne 
MaxExFieldOne 
MinExFieldTwo 
MaxExFieldTwo 
MinPinFieldOne 
MaxPinFieldOne 
MinPinFieldTwo 
MaxPinFieldTwo 
HCenterStart 
Mass 
Volume 
Density 
MolarWeight 
NumberOfMoles 
Demagnetization 
SampleArea 
Thickness 
MomentScaling 0
XAxis 0
YAxis 0
SimpleSpinValve False
HsatMax 0
HsatMin 0
FieldAutoRange False
 
*************************************************** Experiment Data ********************************************
 
DataPoints 143
MomentX Data
0.000186143
0.000185115
0.000184456
0.000186844
0.00018757
0.00018853
0.000188468
0.000187702
0.000188944
0.000186431
0.000189124
0.000187902
0.00018958
0.000190627
0.000189983
0.000191243
0.000191469
0.000189562
0.000191736
0.000190736
0.000192154
0.000193301
0.000193029
0.000193656
0.000193743
0.000194368
0.000194165
0.000193857
0.000195808
0.000194848
0.000194774
0.000195565
0.000194778
0.000194195
0.000193701
0.000195321
0.000194952
0.000195916
0.000195671
0.000196441
0.00019578
0.000195173
0.000196629
0.000194989
0.000194395
0.000195495
0.000198319
0.000197163
0.000195619
0.000197729
0.000196681
0.000198428
0.000197911
0.000198415
0.000199244
0.00020075
0.000200116
0.000201119
0.000199834
0.000200866
0.000199924
0.000200282
0.000200324
0.000202664
0.000203463
0.000203512
0.000204992
0.000205246
0.000205845
0.000204965
0.000205632
0.000203849
0.000204051
0.000204285
0.000203652
0.000204244
0.000204164
0.000201967
0.000201293
0.00020138
0.000201554
0.000200471
0.00019996
0.000199605
0.000200731
0.000199668
0.000199466
0.000197987
0.000195829
0.000195498
0.000196226
0.000196974
0.000194707
0.000195573
0.000193504
0.000194281
0.000193279
0.000193963
0.000193233
0.000193029
0.000193241
0.000191736
0.00019181
0.000190598
0.000190345
0.000192516
0.000190904
0.000191593
0.000190662
0.000189616
0.000190732
0.000188475
0.000190363
0.000189756
0.000190399
0.000189788
0.000189751
0.000188356
0.000187371
0.000186369
0.00018818
0.000185976
0.000186034
0.000185121
0.000184157
0.000183744
0.000183915
0.000183653
0.000182686
0.000182717
0.000182586
0.000182645
0.000180366
0.000181949
0.000181028
0.000177989
0.000178128
0.000177473
0.000177357
0.000178595
0.00017786
0.000176297
0.000176263
MomentY Data
-0.000122293
-0.000122722
-0.000122849
-0.000122436
-0.000120624
-0.0001218
-0.000122404
-0.000122341
-0.000122325
-0.000123262
-0.000122102
-0.000123247
-0.000124311
-0.000122134
-0.000120989
-0.000119543
-0.000120608
-0.000121244
-0.000119591
-0.000122833
-0.000122293
-0.000121705
-0.000120513
-0.000120974
-0.000121641
-0.000120815
-0.000119718
-0.000120926
-0.000121371
-0.000120926
-0.000121387
-0.000120227
-0.000119209
-0.00012037
-0.000119813
-0.000120385
-0.000121403
-0.000120576
-0.000118574
-0.000117811
-0.000118828
-0.000119448
-0.000122166
-0.000120147
-0.000120115
-0.000120115
-0.000119479
-0.000120481
-0.000119066
-0.000120958
-0.00012296
-0.000120878
-0.00011994
-0.00011905
-0.000121419
-0.000118669
-0.000120481
-0.000120703
-0.000119368
-0.000120306
-0.000121085
-0.000120258
-0.000119321
-0.000122674
-0.000121641
-0.000119766
-0.000122897
-0.000123024
-0.000120242
-0.000122213
-0.000120385
-0.000123421
-0.000122356
-0.000121816
-0.000121864
-0.000121562
-0.00012269
-0.000119845
-0.000119813
-0.000121959
-0.000122309
-0.000121911
-0.000122086
-0.000123469
-0.000122722
-0.000121037
-0.000123199
-0.000121021
-0.000122611
-0.000123787
-0.000120401
-0.000119766
-0.000120401
-0.00012029
-0.000121641
-0.000121832
-0.000119241
-0.000121546
-0.000120815
-0.000121085
-0.000121085
-0.000120735
-0.000121403
-0.000121228
-0.000123135
-0.000123501
-0.000121832
-0.00012188
-0.000122213
-0.000121291
-0.000121578
-0.000119877
-0.000118303
-0.000121148
-0.00011967
-0.000119925
-0.000124025
-0.000122897
-0.000120719
-0.000120687
-0.000121752
-0.000122213
-0.000123453
-0.000123326
-0.000122754
-0.000119257
-0.000120878
-0.000120735
-0.000120258
-0.000121816
-0.000120497
-0.00012037
-0.000118462
-0.00011851
-0.000119209
-0.000120274
-0.000121005
-0.000119654
-0.000120163
-0.00012296
-0.000119972
-0.00011913
-0.000118939
Field Data
500.006
483.331
466.665
449.996
433.323
416.664
400.001
383.32
366.654
349.981
333.338
316.665
299.998
283.329
266.656
249.989
233.332
216.662
199.997
183.333
166.659
149.995
133.336
116.652
99.9909
83.3373
66.6458
50.0096
44.1073
38.2374
32.3496
26.4509
20.6019
14.6978
8.80782
2.92804
-2.94417
-8.83027
-14.7114
-20.594
-26.4811
-32.3494
-38.2453
-44.1211
-50.0015
-66.6732
-83.3369
-100.005
-116.676
-133.334
-150.006
-166.679
-183.348
-199.996
-216.681
-233.335
-250.012
-266.682
-283.337
-300.018
-316.667
-333.328
-350.004
-366.662
-383.35
-400.01
-416.677
-433.344
-450.007
-466.676
-483.34
-500.017
-483.338
-466.667
-450.009
-433.343
-416.666
-399.995
-383.345
-366.668
-350.007
-333.33
-316.665
-300.008
-283.347
-266.66
-250.007
-233.333
-216.677
-200.003
-183.337
-166.66
-149.998
-133.336
-116.675
-99.9971
-83.3372
-66.6647
-49.9955
-44.1209
-38.2293
-32.3574
-26.4716
-20.587
-14.6921
-8.82427
-2.95443
2.94275
8.81729
14.6953
20.5871
26.4612
32.3329
38.2392
44.1172
49.9884
66.6584
83.3457
99.9981
116.666
133.335
149.999
166.667
183.321
199.992
216.666
233.323
249.991
266.664
283.331
300.009
316.651
333.33
349.997
366.661
383.322
400.003
416.656
433.329
450.005
466.652
483.337
499.99
Time Data
0
10.39
20.81
31.169
41.559
51.948
62.353
72.79
83.195
93.6
103.959
114.364
124.785
135.175
145.58
156.016
166.422
176.827
187.217
197.606
207.98
218.386
228.775
239.165
249.539
259.929
270.334
280.708
291.067
301.487
311.893
322.314
332.688
343.077
353.451
363.857
374.246
384.636
395.026
405.4
415.805
426.195
436.6
447.036
457.442
467.831
478.237
488.626
499.031
509.452
519.858
530.263
540.668
551.073
561.479
571.868
582.289
592.726
603.147
613.567
623.973
634.362
644.736
655.157
665.547
675.968
686.342
696.732
707.152
717.573
727.947
738.368
748.789
759.21
769.615
780.036
790.488
800.893
811.267
821.688
832.094
842.483
852.857
863.263
873.668
884.089
895.508
905.913
916.334
926.771
937.176
947.581
957.94
968.376
978.781
989.171
999.545
1009.95
1020.36
1030.74
1041.17
1051.57
1061.99
1072.38
1082.82
1093.22
1103.64
1114.05
1124.47
1134.88
1145.27
1155.67
1166.11
1176.54
1186.96
1197.37
1207.81
1218.23
1228.69
1239.1
1249.52
1259.91
1270.32
1280.72
1291.14
1301.58
1311.98
1322.37
1332.81
1343.23
1353.64
1364.04
1375.49
1385.91
1396.32
1406.71
1417.11
1427.52
1437.95
1448.36
1458.8
1470.23
1480.65
Temperature Data
0
0
0
0
0
0
0
0
0
0
0
0
0
0
0
0
0
0
0
0
0
0
0
0
0
0
0
0
0
0
0
0
0
0
0
0
0
0
0
0
0
0
0
0
0
0
0
0
0
0
0
0
0
0
0
0
0
0
0
0
0
0
0
0
0
0
0
0
0
0
0
0
0
0
0
0
0
0
0
0
0
0
0
0
0
0
0
0
0
0
0
0
0
0
0
0
0
0
0
0
0
0
0
0
0
0
0
0
0
0
0
0
0
0
0
0
0
0
0
0
0
0
0
0
0
0
0
0
0
0
0
0
0
0
0
0
0
0
0
0
0
0
0
Angle Data
0
0
0
0
0
0
0
0
0
0
0
0
0
0
0
0
0
0
0
0
0
0
0
0
0
0
0
0
0
0
0
0
0
0
0
0
0
0
0
0
0
0
0
0
0
0
0
0
0
0
0
0
0
0
0
0
0
0
0
0
0
0
0
0
0
0
0
0
0
0
0
0
0
0
0
0
0
0
0
0
0
0
0
0
0
0
0
0
0
0
0
0
0
0
0
0
0
0
0
0
0
0
0
0
0
0
0
0
0
0
0
0
0
0
0
0
0
0
0
0
0
0
0
0
0
0
0
0
0
0
0
0
0
0
0
0
0
0
0
0
0
0
0
Bx Data
0
0
0
0
0
0
0
0
0
0
0
0
0
0
0
0
0
0
0
0
0
0
0
0
0
0
0
0
0
0
0
0
0
0
0
0
0
0
0
0
0
0
0
0
0
0
0
0
0
0
0
0
0
0
0
0
0
0
0
0
0
0
0
0
0
0
0
0
0
0
0
0
0
0
0
0
0
0
0
0
0
0
0
0
0
0
0
0
0
0
0
0
0
0
0
0
0
0
0
0
0
0
0
0
0
0
0
0
0
0
0
0
0
0
0
0
0
0
0
0
0
0
0
0
0
0
0
0
0
0
0
0
0
0
0
0
0
0
0
0
0
0
0
Hint Data
0
0
0
0
0
0
0
0
0
0
0
0
0
0
0
0
0
0
0
0
0
0
0
0
0
0
0
0
0
0
0
0
0
0
0
0
0
0
0
0
0
0
0
0
0
0
0
0
0
0
0
0
0
0
0
0
0
0
0
0
0
0
0
0
0
0
0
0
0
0
0
0
0
0
0
0
0
0
0
0
0
0
0
0
0
0
0
0
0
0
0
0
0
0
0
0
0
0
0
0
0
0
0
0
0
0
0
0
0
0
0
0
0
0
0
0
0
0
0
0
0
0
0
0
0
0
0
0
0
0
0
0
0
0
0
0
0
0
0
0
0
0
0
Torque Data
-0.061147233758
-0.059315346982
-0.057329328585
-0.055095710256
-0.052269153552
-0.0507496752
-0.048961722404
-0.04689575212
-0.04485095055
-0.043139358022
-0.040701236476
-0.039028011255
-0.037293051378
-0.034604104086
-0.032262442784
-0.029884435027
-0.028141705856
-0.026268967528
-0.023917841227
-0.022519342389
-0.020381229087
-0.018255141475
-0.016068721368
-0.014111859048
-0.0121629930669
-0.0100683958995
-0.0079787018844
-0.0060474608896
-0.0053533471083
-0.0046238958324
-0.0039268208952
-0.0031801123543
-0.0024559318971
-0.001769174186
-0.00105529133766
-0.0003524920954
0.00035743107051
0.00106471863552
0.0017443895436
0.002426199734
0.0031466961508
0.0038640711312
0.0046722753198
0.0053010178017
0.0060059301725
0.008008451418
0.0099570094751
0.012048702405
0.013892144616
0.016127813972
0.01844473776
0.020147824162
0.02199075912
0.0238095238
0.026309190339
0.027689631115
0.030121695772
0.032189317446
0.033821371016
0.036093965508
0.038343623695
0.040085358624
0.041762827284
0.044979894188
0.04663107735
0.04790759766
0.051208353269
0.053311712256
0.054109741694
0.057033873988
0.0581868859
0.061712598157
0.059139304328
0.056847507272
0.054839896776
0.052678041766
0.05112075154
0.047937400775
0.045929714485
0.044718462612
0.042809006163
0.04063659363
0.03866036319
0.037041687752
0.034772910534
0.03227572642
0.030800612393
0.028238192993
0.026566983647
0.024757771361
0.022073958137
0.01996020156
0.018059909198
0.01603898744
0.014192463675
0.0121828466872
0.0099372110652
0.0081028276262
0.0060402063325
0.0053423791765
0.0046289947905
0.003906670689
0.0032137316548
0.002495720836
0.0018091117335
0.00108980616927
0.00035994411576
-0.00035866237
-0.00107758746277
-0.0017824076323
-0.0025029384438
-0.0031720892724
-0.0038250790687
-0.0046326026016
-0.005279505324
-0.00599485887
-0.00826730806
-0.0102429364929
-0.0120716706339
-0.014080069542
-0.01623380292
-0.018331827787
-0.020575541151
-0.022608245646
-0.024549817968
-0.025838937162
-0.028203617594
-0.030182663385
-0.032068479312
-0.034514249096
-0.036150184473
-0.03811528087
-0.03948693846
-0.04147814447
-0.043709291149
-0.046103670228
-0.048402363015
-0.049854557024
-0.052070112627
-0.0553326148
-0.055985173744
-0.05757993681
-0.05946831061
dMdH Data
6.16491754122943E-08
3.95415816632662E-08
-1.43259943607895E-07
-4.35434534876742E-08
-5.76265081937702E-08
3.72081858008764E-09
4.5920508362808E-08
-7.45229809192359E-08
1.50722725364361E-07
-1.61809769873219E-07
7.32921489833861E-08
-1.00677986440272E-07
-6.28112064310984E-08
3.86253223774967E-08
-7.55984880302409E-08
-1.35678693642301E-08
1.14397120575885E-07
-1.3045304530453E-07
6.00096015362456E-08
-8.50425812642432E-08
-6.88310129620745E-08
1.63275106549013E-08
-3.75809158475189E-08
-5.22174406251613E-09
-3.75294230676852E-08
1.2161878800587E-08
1.85138433055624E-08
-3.30549107974859E-07
1.63546227363331E-07
1.25683616970685E-08
-1.34097343482464E-07
1.34552915028211E-07
9.87449399569775E-08
8.38712525339643E-08
-2.75520512672243E-07
6.28383521706495E-08
-1.63775674895092E-07
4.16586608355892E-08
-1.30894502430899E-07
1.12279390531841E-07
1.03437111258795E-07
-2.46951271222374E-07
2.79110929575546E-07
1.01013536494116E-07
-6.59800740176467E-08
-1.69470165689492E-07
6.93540355529417E-08
9.2615919860836E-08
-1.2666586625045E-07
6.28598848368519E-08
-1.04780183530258E-07
3.10156578079074E-08
-3.02739067755883E-08
-4.96853461192697E-08
-9.04287258316318E-08
3.80164298135161E-08
-6.01679664067196E-08
7.71540078054647E-08
-6.18667945566821E-08
5.657997477326E-08
-2.14873056839325E-08
-2.51858958982871E-09
-1.40473045983912E-07
-4.78787152444871E-08
-2.941176470589E-09
-8.87982240355187E-08
-1.52396952060952E-08
-3.59479085398787E-08
5.27926090347355E-08
-4.00264042246767E-08
1.06913713497631E-07
1.21110378320033E-08
1.40363505488588E-08
-3.79997598751363E-08
3.55214208568341E-08
-4.79702584397587E-09
-1.31785735708716E-07
-4.04804804804798E-08
5.21676560532394E-09
1.04435508072746E-08
-6.49397373628351E-08
-3.06630663066305E-08
-2.13123611694786E-08
6.75829782125924E-08
-6.37022832144777E-08
-1.21299465561766E-08
-8.87009715725083E-08
-1.29562920268971E-07
-1.98512654432054E-08
4.36817472698906E-08
4.48521916411817E-08
-1.36058096266955E-07
5.19745528748051E-08
-1.24182221955465E-07
4.65885992840831E-08
-6.01444186339655E-08
4.10256410256416E-08
-4.37933434118015E-08
-3.47257685629683E-08
3.59834340416872E-08
-2.56305454793168E-07
1.25726324373916E-08
-2.059613227747E-07
-4.29184549356222E-08
3.69983452145001E-07
-2.74624180556882E-07
1.16835504427541E-07
-1.58480493791854E-07
-1.77951381504963E-07
1.89415798228042E-07
-3.84229073389966E-07
3.2154231312908E-07
-1.02771616748221E-07
1.09390949302486E-07
-1.04067311622837E-07
-2.21955608878305E-09
-8.35965075236847E-08
-5.91506329417985E-08
-6.01155514491928E-08
1.08644789729438E-07
-1.32261161785886E-07
3.47972162226972E-09
-5.48216644649924E-08
-5.78249655089677E-08
-2.47691015952979E-08
1.02659542534659E-08
-1.57187425005986E-08
-5.79979607749068E-08
1.85996280074399E-09
-7.8546588319944E-09
3.5452469655094E-09
-1.36638887223455E-07
9.49781004379904E-08
-5.52688430148824E-08
-1.82402016685672E-07
8.33283376296344E-09
-3.93322524470057E-08
-6.95735620464286E-09
7.42384264811708E-08
-4.41520994773833E-08
-9.36769553491159E-08
-2.04167417282293E-09
-2.04167417282293E-09
dMdT Data
0
0
0
0
0
0
0
0
0
0
0
0
0
0
0
0
0
0
0
0
0
0
0
0
0
0
0
0
0
0
0
0
0
0
0
0
0
0
0
0
0
0
0
0
0
0
0
0
0
0
0
0
0
0
0
0
0
0
0
0
0
0
0
0
0
0
0
0
0
0
0
0
0
0
0
0
0
0
0
0
0
0
0
0
0
0
0
0
0
0
0
0
0
0
0
0
0
0
0
0
0
0
0
0
0
0
0
0
0
0
0
0
0
0
0
0
0
0
0
0
0
0
0
0
0
0
0
0
0
0
0
0
0
0
0
0
0
0
0
0
0
0
0
 
*********************************************** Results ***************************************
 
TotalArea 0.00438514182258
AreaFirstQuad 3.51731830136251E-03
AreaSecondQuad 8.67823521217487E-04
AreaThirdQuad 0
AreaFourthQuad 0
Coercivity 0
PositiveCoercivity 0
NegativeCoercivity 0
Retentivity 1.94391223598221E-06
PositiveRetentivity 1.9513700679131E-04
NegativeRetentivity 1.91249182319346E-04
Magnetization 0.000205845
PositiveMagnetization 0.000205845
NegativeMagnetization 0.000176263
Flatness -99.3836506501091
Squareness 9.44357276582966E-03
SStar 0
SFD1 0
SFD2 0
Slope 0
Intercept 0
SlopeAtHc -2.04167417282293E-09
dH1 0
dH2 181.357345
InitialSlope 6.16491754122943E-08
FieldAtHalfMs 0
FieldAtMs -450.007
MomentMean 1.92989055944056E-04
MomentRMS 7.12154842196735E-06
SFD3 0
dH3 0
UserField1 0
UserField2 0
CenterField 0
ExchangeField 0
ExchangeMoment 0
ExRegionOneIntercept 0
ExRegionOneSlope 0
ExRegionTwoIntercept 0
ExRegionTwoSlope 0
NegativeIntercept 0
NegativeSlope 0
AutoCenterOffset 0
PinningField 0
PinningMoment 0
PinRegionOneIntercept 0
PinRegionOneSlope 0
PinRegionTwoIntercept 0
PinRegionTwoSlope 0
PositiveIntercept 0
PositiveSlope 0
TotalOffset 0
BHMax 0
BCoercivity 0
BRetentivity 0
BNegativeCoercivity 0
BPositiveCoercivity 0
BNegativeRetentivity 0
BPositiveRetentivity 0
MomentYMean -1.21102048951049E-04
MomentYRMS 1.3784066190519E-06
YOffCorrection 0
Mrt 0
Ms1 0
Ms2 0
Ms3 0
Hc2 0
Hex2 0
HsatValue 0
HsatIntercept 0
HsatSlope 0
CenterH 0
Span .000029582
SpanAsPercentOfRange -2.27553846153846
RMSAsPercentOfRange -.547811417074412
SpanAsPercentOfMean 15.3283303321486
RMSAsPercentOfMean 3.69013071084806
