Version 1.25
******************************************** Units *******************************************
System CGS
TemperatureUnit K
MomentUnit emu
AppliedFieldUnit G
 
******************************************** Setup ********************************************
 
Experiment CustomField
Minor False
Acquisition PointByPoint
EditedPoint No
MaxField 15000
FieldIncrement 750
Points 81
MinField 0
RampRate 10
AverageTime 6
TimeInterval 10
TimeConstant 1
TimeConstantIndex 2
Sensitivity -0.0013
SensitivityIndex 5
SensitivityY -4
SensitivityIndexY 0
SaturationField 8000
ExperimentTime 486
Use735Domains False
AutoRangeEnabled False
NumberOfVertices 11
VertexPts
0
10
15
25
30
40
50
55
65
70
80
VertexField
15000
2000
500
-500
-2000
-15000
-2000
-500
500
2000
15000
StartAngle 0
EndAngle 0
AngleIncrement 0
StartTemp 0
FinishTemp 0
TempIncrement 0
TempPoints 0
LengthofSetPointsArray 81
SetPointArray
15000
13700
12400
11100
9800
8500
7200
5900
4600
3300
2000
1700
1400
1100
800
500
400
300
200
100
0
-100
-200
-300
-400
-500
-800
-1100
-1400
-1700
-2000
-3300
-4600
-5900
-7200
-8500
-9800
-11100
-12400
-13700
-15000
-13700
-12400
-11100
-9800
-8500
-7200
-5900
-4600
-3300
-2000
-1700
-1400
-1100
-800
-500
-400
-300
-200
-100
0
100
200
300
400
500
800
1100
1400
1700
2000
3300
4600
5900
7200
8500
9800
11100
12400
13700
15000
FieldDomainFile c:\Ideasvsm\Default UserID\Experiments\Jason_1p5T_cus\fdomain.ini
TempDomainFile c:\Ideasvsm\Default UserID\Experiments\Jason_1p5T_cus\tdomain.ini
NumSelectedResults 0
ResultsSelected 
UserName1 
UserValue1 
UserName2 
UserValue2 
LinearBackgroundCorrection Off
MaxLinearFieldCorrection 
MinLinearFieldCorrection 
AutoLinearCorrection Off
FitOneRegion Off
BackgroundMode Off
BackgroundFilename 
AutoCenter Off
OffsetCorrection 
SmoothDeriv Off
DerivOrder 0
DerivPoints 0
MinExFieldOne 
MaxExFieldOne 
MinExFieldTwo 
MaxExFieldTwo 
MinPinFieldOne 
MaxPinFieldOne 
MinPinFieldTwo 
MaxPinFieldTwo 
HCenterStart 
Mass 
Volume 
Density 
MolarWeight 
NumberOfMoles 
Demagnetization 
SampleArea 
Thickness 
MomentScaling 0
XAxis 0
YAxis 0
SimpleSpinValve False
HsatMax 0
HsatMin 0
FieldAutoRange True
 
*************************************************** Experiment Data ********************************************
 
DataPoints 81
MomentX Data
-0.0000546232
-0.0000179219
0.000014741
0.0000497927
0.0000787877
0.000117897
0.00015217
0.000187851
0.000228146
0.000258638
0.000305424
0.000310924
0.000319434
0.000325865
0.000332996
0.000340468
0.000342258
0.000344231
0.000345437
0.000340954
0.000304597
0.0000397087
0.0000324524
0.0000337177
0.0000364601
0.0000365481
0.000045685
0.0000528574
0.0000598655
0.0000677862
0.0000768204
0.000114258
0.000148846
0.000188094
0.000221126
0.000255933
0.000291272
0.000330186
0.000364671
0.000398597
0.000431341
0.000397202
0.000365263
0.000325555
0.000292049
0.000258069
0.000223789
0.000182441
0.000147793
0.000114656
0.0000740721
0.0000695518
0.000058853
0.0000520016
0.000044166
0.0000374127
0.0000356565
0.0000336949
0.0000340194
0.000036655
0.0000662781
0.000337533
0.000341987
0.000342893
0.000341782
0.000339048
0.000332103
0.00032336
0.000314772
0.000307025
0.000301095
0.000257756
0.000224149
0.000190085
0.000153184
0.000114671
0.0000854774
0.000047903
0.0000104585
-0.0000232784
-0.0000556922
MomentY Data
-0.000116499
-0.000117501
-0.000118375
-0.000118883
-0.000116992
-0.000116634
-0.000117588
-0.000117501
-0.000117517
-0.000118454
-0.00012091
-0.00011975
-0.000121204
-0.000121903
-0.000121506
-0.000120695
-0.000121244
-0.000118597
-0.000121895
-0.000120687
-0.000120695
-0.000120171
-0.00011851
-0.000118383
-0.000120576
-0.000118717
-0.000118629
-0.000118756
-0.000118248
-0.000119813
-0.000119042
-0.000116952
-0.00011843
-0.000118693
-0.000118089
-0.000116897
-0.000116245
-0.000117294
-0.000117882
-0.000116905
-0.000116809
-0.000116825
-0.000117763
-0.000117604
-0.000117469
-0.000118113
-0.000118176
-0.00011541
-0.000117191
-0.000117985
-0.000120815
-0.000121236
-0.000118717
-0.000118168
-0.000118637
-0.000119042
-0.000117453
-0.000117342
-0.000118057
-0.000117946
-0.000119774
-0.000121816
-0.000120862
-0.00012025
-0.00011917
-0.000118486
-0.000119901
-0.000118113
-0.000118987
-0.00011963
-0.000118669
-0.000115935
-0.000116603
-0.000117612
-0.000116046
-0.000114608
-0.000113662
-0.000114703
-0.000115061
-0.000117397
-0.000118891
Field Data
15000
13700
12400
11100
9799.99
8499.96
7199.97
5899.98
4599.96
3299.96
1999.96
1699.98
1399.98
1099.98
799.976
499.977
399.987
299.987
199.988
99.9861
-0.0102262
-100.015
-200.009
-300.01
-400.007
-500.009
-800.016
-1100.02
-1400.02
-1700.02
-2000.02
-3300.04
-4600.05
-5900.08
-7200.08
-8500.05
-9800.04
-11100
-12400
-13700
-15000
-13700
-12400
-11100
-9799.98
-8499.98
-7199.96
-5899.96
-4599.97
-3299.99
-1999.96
-1699.98
-1399.98
-1099.98
-799.983
-499.982
-399.989
-299.986
-199.99
-99.9888
0.0135558
100.009
200.011
300.011
400.012
500.009
800.017
1100.02
1400.02
1700.02
2000.02
3300.04
4600.05
5900.07
7200.06
8500.05
9800.02
11100
12400
13700
15000
Time Data
0
14.54
29.095
43.665
58.236
72.759
87.314
101.838
116.377
131.931
146.501
160.042
173.583
188.138
201.663
215.204
228.729
243.331
256.841
270.381
283.891
297.448
311.02
324.545
339.084
352.625
366.15
379.676
393.232
406.726
420.267
434.806
450.375
464.993
479.516
494.024
508.579
523.119
537.658
552.197
566.736
581.307
595.846
611.431
625.97
640.509
655.049
669.604
684.158
699.774
714.313
727.854
741.411
754.967
768.508
782.018
795.59
810.114
823.655
837.227
850.783
864.308
877.834
891.359
905.883
920.422
933.963
947.488
960.998
974.492
988.064
1002.65
1018.28
1032.84
1047.44
1061.95
1076.49
1091.01
1105.58
1120.12
1134.67
Temperature Data
0
0
0
0
0
0
0
0
0
0
0
0
0
0
0
0
0
0
0
0
0
0
0
0
0
0
0
0
0
0
0
0
0
0
0
0
0
0
0
0
0
0
0
0
0
0
0
0
0
0
0
0
0
0
0
0
0
0
0
0
0
0
0
0
0
0
0
0
0
0
0
0
0
0
0
0
0
0
0
0
0
Angle Data
0
0
0
0
0
0
0
0
0
0
0
0
0
0
0
0
0
0
0
0
0
0
0
0
0
0
0
0
0
0
0
0
0
0
0
0
0
0
0
0
0
0
0
0
0
0
0
0
0
0
0
0
0
0
0
0
0
0
0
0
0
0
0
0
0
0
0
0
0
0
0
0
0
0
0
0
0
0
0
0
0
Bx Data
0
0
0
0
0
0
0
0
0
0
0
0
0
0
0
0
0
0
0
0
0
0
0
0
0
0
0
0
0
0
0
0
0
0
0
0
0
0
0
0
0
0
0
0
0
0
0
0
0
0
0
0
0
0
0
0
0
0
0
0
0
0
0
0
0
0
0
0
0
0
0
0
0
0
0
0
0
0
0
0
0
Hint Data
0
0
0
0
0
0
0
0
0
0
0
0
0
0
0
0
0
0
0
0
0
0
0
0
0
0
0
0
0
0
0
0
0
0
0
0
0
0
0
0
0
0
0
0
0
0
0
0
0
0
0
0
0
0
0
0
0
0
0
0
0
0
0
0
0
0
0
0
0
0
0
0
0
0
0
0
0
0
0
0
0
Torque Data
-1.747485
-1.6097637
-1.46785
-1.3196013
-1.14652043008
-0.99138433464
-0.84663007236
-0.69325354998
-0.54057349932
-0.39089346184
-0.2418151636
-0.203572605
-0.16968317592
-0.13409086194
-0.097201883856
-0.060344724015
-0.048496023828
-0.035577558239
-0.02437753726
-0.0120670224507
0.000001234251209
0.012018902565
0.02370306659
0.03551608383
0.048231244032
0.059359568453
0.094905098064
0.13063397512
0.16554956496
0.20368449626
0.23808638084
0.38594627808
0.5447839215
0.70029819544
0.85025024712
0.99363034485
1.1392056498
1.3019634
1.4617368
1.6015985
1.752135
1.6005025
1.4602612
1.3054044
1.15119385062
1.00395813774
0.85086247296
0.6809143836
0.53907508427
0.38934932015
0.2416251674
0.20609877528
0.16620142566
0.12998243664
0.094907583171
0.059518857244
0.046979908017
0.035200957212
0.02361021943
0.0117932790048
-1.6236323892E-06
-0.012182696344
-0.024173729482
-0.03607632275
-0.04766943004
-0.059244066374
-0.095922838317
-0.12992666226
-0.16658417974
-0.2033733926
-0.23734037338
-0.3825901374
-0.53637963015
-0.69391903284
-0.83553816276
-0.9741737304
-1.11388987324
-1.2732033
-1.4267564
-1.6083389
-1.783365
dMdH Data
-2.82317692307692E-08
-2.51253076923077E-08
-2.69628461538462E-08
-2.23036745871186E-08
-3.00833826911686E-08
-2.63640489542227E-08
-2.74471342087247E-08
-3.09956769895848E-08
-2.34553846153846E-08
-3.59892307692308E-08
-1.83345556370426E-08
-2.83666666666666E-08
-2.14366666666666E-08
-2.37696830708924E-08
-2.49067496891657E-08
-1.79017901790179E-08
-0.00000001973
-1.20601206012056E-08
4.48291482461834E-08
3.63583357325381E-07
2.64875655365964E-06
7.25673540412425E-08
-1.26528734712652E-08
-2.74248227446824E-08
-8.79982400352025E-10
-3.04556227021369E-08
-2.39076812309169E-08
-2.33603333333333E-08
-2.64023333333334E-08
-0.000000030114
-2.87977108044492E-08
-2.66059491850063E-08
-3.01900725367876E-08
-2.54092307692308E-08
-2.6775233274614E-08
-2.71840552619635E-08
-2.99347672236069E-08
-2.65269230769231E-08
-2.60969230769231E-08
-2.51876923076923E-08
-2.62607692307693E-08
-2.45684615384615E-08
-3.05446153846154E-08
-2.57734496392363E-08
-2.61384615384616E-08
-2.63688250949985E-08
-3.18061538461538E-08
-2.66525127116362E-08
-2.54903921598794E-08
-3.12176642077491E-08
-1.50686712447496E-08
-3.56626666666667E-08
-0.000000022838
-2.61189278559452E-08
-2.25109249635834E-08
-1.75632294260598E-08
-1.96154115376539E-08
3.24512980519221E-09
2.63556837317952E-08
2.962240215545E-07
2.71267258393758E-06
4.45391092178155E-08
9.06000000000008E-09
-1.11098889011108E-08
-2.73408202246068E-08
-2.31493826831285E-08
-2.91430419029142E-08
-2.86266666666667E-08
-2.58233333333334E-08
-1.97666666666667E-08
-3.33371794280088E-08
-2.58513396050799E-08
-2.62026738050184E-08
-2.83856029661766E-08
-2.96256125047116E-08
-2.24571336261606E-08
-2.89038292896814E-08
-2.88034615384615E-08
-2.59514615384615E-08
-2.49336923076923E-08
-2.49336923076923E-08
dMdT Data
0
0
0
0
0
0
0
0
0
0
0
0
0
0
0
0
0
0
0
0
0
0
0
0
0
0
0
0
0
0
0
0
0
0
0
0
0
0
0
0
0
0
0
0
0
0
0
0
0
0
0
0
0
0
0
0
0
0
0
0
0
0
0
0
0
0
0
0
0
0
0
0
0
0
0
0
0
0
0
0
0
 
*********************************************** Results ***************************************
 
TotalArea 5.30940241776116E-02
AreaFirstQuad 0.025344971667848
AreaSecondQuad 0.0241392354884
AreaThirdQuad 0
AreaFourthQuad 3.6098170213652E-03
Coercivity 91.8484660652002
PositiveCoercivity 12803.002350542
NegativeCoercivity 12986.6992826724
Retentivity 1.1916331681486E-04
PositiveRetentivity 3.04600718076129E-04
NegativeRetentivity 6.62740844464086E-05
Magnetization 0.0002435166
PositiveMagnetization 0.000431341
NegativeMagnetization -0.0000556922
Flatness -2.51553930705711E-02
Squareness 0.48934371133163
SStar 52.6367959188608
SFD1 27.0612861638201
SFD2 83.2891628758343
Slope 0
Intercept 0
SlopeAtHc -2.51253076923077E-08
dH1 -2393.6891578331
dH2 7649.98185
InitialSlope -2.82317692307692E-08
FieldAtHalfMs 0
FieldAtMs -15000
MomentMean 1.85059027160494E-04
MomentRMS 1.35972189239973E-04
SFD3 48.2397048063932
dH3 -4338.89442384008
UserField1 0
UserField2 0
CenterField 0
ExchangeField 0
ExchangeMoment 0
ExRegionOneIntercept 0
ExRegionOneSlope 0
ExRegionTwoIntercept 0
ExRegionTwoSlope 0
NegativeIntercept 0
NegativeSlope 0
AutoCenterOffset 0
PinningField 0
PinningMoment 0
PinRegionOneIntercept 0
PinRegionOneSlope 0
PinRegionTwoIntercept 0
PinRegionTwoSlope 0
PositiveIntercept 0
PositiveSlope 0
TotalOffset 0
BHMax 0
BCoercivity 0
BRetentivity 0
BNegativeCoercivity 0
BPositiveCoercivity 0
BNegativeRetentivity 0
BPositiveRetentivity 0
MomentYMean -1.18397481481481E-04
MomentYRMS 1.76865000149204E-06
YOffCorrection 0
Mrt 0
Ms1 0
Ms2 0
Ms3 0
Hc2 0
Hex2 0
HsatValue 0
HsatIntercept 0
HsatSlope 0
CenterH 0
Span .0004870332
SpanAsPercentOfRange -37.4640923076923
RMSAsPercentOfRange -10.4593991723056
SpanAsPercentOfMean 263.177218357263
RMSAsPercentOfMean 73.4750373036653
