Version 1.25
******************************************** Units *******************************************
System CGS
TemperatureUnit K
MomentUnit emu
AppliedFieldUnit G
 
******************************************** Setup ********************************************
 
Experiment CustomField
Minor False
Acquisition PointByPoint
EditedPoint No
MaxField 500
FieldIncrement 16.6666666666667
Points 143
MinField 0
RampRate 500
AverageTime 3
TimeInterval 0
TimeConstant 0.3
TimeConstantIndex 1
Sensitivity -0.0015
SensitivityIndex 5
SensitivityY -4
SensitivityIndexY 0
SaturationField 8000
ExperimentTime 429
Use735Domains False
AutoRangeEnabled False
NumberOfVertices 7
VertexPts
0
27
44
71
98
115
142
VertexField
500
50
-50
-500
-50
50
500
StartAngle 0
EndAngle 0
AngleIncrement 0
StartTemp 0
FinishTemp 0
TempIncrement 0
TempPoints 0
LengthofSetPointsArray 143
SetPointArray
500
483.333333333333
466.666666666667
450
433.333333333333
416.666666666667
400
383.333333333333
366.666666666667
350
333.333333333333
316.666666666666
300
283.333333333333
266.666666666666
250
233.333333333333
216.666666666666
200
183.333333333333
166.666666666666
150
133.333333333333
116.666666666666
99.9999999999998
83.3333333333331
66.6666666666665
50
44.1176470588235
38.2352941176471
32.3529411764706
26.4705882352941
20.5882352941176
14.7058823529412
8.8235294117647
2.94117647058823
-2.94117647058824
-8.82352941176471
-14.7058823529412
-20.5882352941177
-26.4705882352941
-32.3529411764706
-38.2352941176471
-44.1176470588235
-50
-66.6666666666667
-83.3333333333333
-100
-116.666666666667
-133.333333333333
-150
-166.666666666667
-183.333333333333
-200
-216.666666666667
-233.333333333333
-250
-266.666666666667
-283.333333333333
-300
-316.666666666667
-333.333333333333
-350
-366.666666666667
-383.333333333333
-400
-416.666666666667
-433.333333333333
-450
-466.666666666667
-483.333333333334
-500
-483.333333333333
-466.666666666667
-450
-433.333333333333
-416.666666666667
-400
-383.333333333333
-366.666666666667
-350
-333.333333333333
-316.666666666666
-300
-283.333333333333
-266.666666666666
-250
-233.333333333333
-216.666666666666
-200
-183.333333333333
-166.666666666666
-150
-133.333333333333
-116.666666666666
-99.9999999999998
-83.3333333333331
-66.6666666666665
-50
-44.1176470588235
-38.2352941176471
-32.3529411764706
-26.4705882352941
-20.5882352941176
-14.7058823529412
-8.8235294117647
-2.94117647058823
2.94117647058824
8.82352941176471
14.7058823529412
20.5882352941177
26.4705882352941
32.3529411764706
38.2352941176471
44.1176470588235
50
66.6666666666667
83.3333333333333
100
116.666666666667
133.333333333333
150
166.666666666667
183.333333333333
200
216.666666666667
233.333333333333
250
266.666666666667
283.333333333333
300
316.666666666667
333.333333333333
350
366.666666666667
383.333333333333
400
416.666666666667
433.333333333333
450
466.666666666667
483.333333333334
500
FieldDomainFile c:\Ideasvsm\Default UserID\Experiments\Jason_500G\fdomain.ini
TempDomainFile c:\Ideasvsm\Default UserID\Experiments\Jason_500G\tdomain.ini
NumSelectedResults 0
ResultsSelected 
UserName1 
UserValue1 
UserName2 
UserValue2 
LinearBackgroundCorrection Off
MaxLinearFieldCorrection 
MinLinearFieldCorrection 
AutoLinearCorrection Off
FitOneRegion Off
BackgroundMode Off
BackgroundFilename 
AutoCenter Off
OffsetCorrection 
SmoothDeriv Off
DerivOrder 0
DerivPoints 0
MinExFieldOne 
MaxExFieldOne 
MinExFieldTwo 
MaxExFieldTwo 
MinPinFieldOne 
MaxPinFieldOne 
MinPinFieldTwo 
MaxPinFieldTwo 
HCenterStart 
Mass 
Volume 
Density 
MolarWeight 
NumberOfMoles 
Demagnetization 
SampleArea 
Thickness 
MomentScaling 0
XAxis 0
YAxis 0
SimpleSpinValve False
HsatMax 0
HsatMin 0
FieldAutoRange False
 
*************************************************** Experiment Data ********************************************
 
DataPoints 143
MomentX Data
0.000183977
0.000186314
0.000185933
0.000187974
0.000189179
0.000188826
0.000190613
0.000194524
0.000192834
0.000193166
0.000196978
0.000195993
0.000195254
0.000197757
0.000200473
0.000200414
0.000203196
0.000202137
0.000204039
0.000203753
0.000205382
0.000207761
0.000207643
0.000207661
0.000209464
0.000210663
0.000210878
0.000212658
0.000210139
0.000211893
0.000212566
0.00020977
0.000209662
0.000207462
0.000204582
0.000200971
0.00019765
0.000194168
0.000192028
0.000191481
0.000189009
0.000188881
0.000191405
0.000192074
0.00018962
0.000190963
0.00018885
0.000191522
0.000192201
0.000195328
0.000194684
0.000197181
0.000197392
0.000197102
0.000198683
0.000199375
0.00020134
0.000200427
0.000203851
0.000204493
0.000206518
0.000205604
0.000206317
0.000207225
0.000209601
0.000214397
0.000208183
0.000213403
0.000213561
0.000214335
0.00021602
0.000216012
0.000214138
0.000214045
0.000213206
0.000214146
0.000215378
0.000212087
0.000210013
0.00021109
0.000207892
0.000207575
0.000206202
0.000207006
0.000205365
0.000204829
0.000204355
0.000201888
0.000202517
0.000201228
0.000201814
0.00020237
0.000198947
0.00019759
0.000198066
0.000193074
0.00019554
0.000194212
0.000194042
0.000194189
0.00019333
0.000192759
0.000193829
0.000195591
0.000197878
0.000198043
0.000202498
0.000205997
0.000209718
0.000213549
0.000216432
0.000219245
0.000217266
0.000218828
0.000218403
0.000218167
0.00021686
0.000216952
0.00021818
0.000216822
0.000217039
0.000213468
0.000214705
0.000215772
0.000212758
0.000212287
0.000212398
0.000210661
0.000209757
0.000208376
0.000206474
0.000206738
0.000207558
0.000205511
0.000205569
0.000201635
0.000201946
0.000199685
0.000201323
0.000199909
0.000199619
0.000196118
0.000197818
MomentY Data
-0.000122261
-0.000121101
-0.000120258
-0.000124629
-0.000122261
-0.000124439
-0.000123549
-0.000123453
-0.000120767
-0.000120767
-0.000121323
-0.000119781
-0.00012339
-0.000122118
-0.000122213
-0.000121816
-0.000121514
-0.000121625
-0.000122929
-0.000123088
-0.000123278
-0.000123231
-0.000120417
-0.000120529
-0.000120926
-0.00012269
-0.000121101
-0.000122468
-0.000124725
-0.000122197
-0.000120735
-0.000123215
-0.000121498
-0.000121689
-0.000123469
-0.000121196
-0.000121625
-0.000123247
-0.00012482
-0.000122674
-0.000121991
-0.000121609
-0.000122833
-0.00012428
-0.000125488
-0.000123358
-0.000123453
-0.000124439
-0.000121291
-0.000122627
-0.000122913
-0.000122913
-0.000121959
-0.00012037
-0.000121895
-0.000123485
-0.000123199
-0.000121991
-0.000121832
-0.000123787
-0.000121435
-0.000122865
-0.000122897
-0.000124073
-0.000122786
-0.000125202
-0.000123644
-0.000123247
-0.000123024
-0.000121546
-0.000121101
-0.000123342
-0.000120799
-0.000122039
-0.00012296
-0.000121514
-0.000122277
-0.000120942
-0.000121021
-0.000120258
-0.000118828
-0.000122515
-0.000122754
-0.000123151
-0.000120529
-0.000120989
-0.000120036
-0.000120004
-0.000122039
-0.000121276
-0.000119797
-0.000122674
-0.000123533
-0.000122277
-0.000120926
-0.000121419
-0.000122277
-0.00012153
-0.000125106
-0.000124915
-0.00012428
-0.000123501
-0.000120878
-0.000118669
-0.000124359
-0.000123103
-0.000123294
-0.000122595
-0.000121975
-0.000123072
-0.000121276
-0.000121514
-0.00012056
-0.000121371
-0.000122579
-0.000120227
-0.00011727
-0.000119638
-0.000119527
-0.000118446
-0.000117668
-0.000120926
-0.000118542
-0.000121562
-0.000121196
-0.000121562
-0.000121387
-0.000121482
-0.000120242
-0.000121244
-0.000119909
-0.000121212
-0.00011905
-0.000120767
-0.000121832
-0.000123215
-0.000120211
-0.000121641
-0.00012037
-0.000119861
-0.000122213
-0.000122197
-0.000121228
Field Data
499.999
483.32
466.658
449.997
433.331
416.665
399.984
383.322
366.649
349.997
333.325
316.665
299.999
283.331
266.657
250.003
233.333
216.655
200.001
183.326
166.662
149.99
133.333
116.656
99.9985
83.3419
66.6628
49.9965
44.1075
38.2486
32.3485
26.4555
20.5766
14.71
8.82352
2.93677
-2.94468
-8.82427
-14.7044
-20.6035
-26.4751
-32.3567
-38.243
-44.1261
-50.0087
-66.6754
-83.3342
-100.02
-116.682
-133.323
-150.004
-166.68
-183.354
-200.006
-216.676
-233.334
-250.017
-266.666
-283.34
-300.009
-316.667
-333.344
-350.009
-366.672
-383.34
-400.017
-416.67
-433.345
-450.008
-466.674
-483.338
-500.015
-483.334
-466.666
-450.004
-433.355
-416.673
-400.011
-383.325
-366.678
-350.011
-333.333
-316.673
-300.005
-283.33
-266.666
-249.999
-233.34
-216.663
-200
-183.344
-166.668
-150.012
-133.323
-116.678
-100.005
-83.3392
-66.6829
-50.001
-44.1209
-38.236
-32.3662
-26.4696
-20.5897
-14.7139
-8.82552
-2.93617
2.93652
8.81629
14.7075
20.5873
26.4596
32.3556
38.233
44.1211
49.9909
66.6625
83.3028
99.9937
116.662
133.317
149.995
166.649
183.334
199.998
216.665
233.342
250.001
266.661
283.323
299.997
316.661
333.332
349.991
366.67
383.323
399.999
416.667
433.328
450.004
466.665
483.325
499.991
Time Data
0
10.39
20.78
31.169
41.606
52.027
62.448
72.9
83.336
93.726
104.131
114.521
124.926
135.362
145.783
156.173
166.563
176.937
187.358
197.732
208.137
218.527
228.932
239.306
249.68
260.101
270.49
280.896
291.285
301.675
312.08
322.454
332.875
343.281
353.701
364.091
375.51
385.9
396.29
406.664
417.053
427.459
437.848
448.238
458.674
469.08
479.501
489.89
500.264
510.654
521.059
531.48
541.932
552.337
562.727
573.117
583.522
593.927
604.333
614.753
625.143
635.564
645.985
656.406
666.842
677.247
687.637
698.027
708.494
719.929
730.319
740.771
751.192
761.597
772.018
782.439
792.844
803.249
813.67
824.091
834.543
844.964
855.354
865.759
876.164
886.601
897.022
907.443
917.848
928.269
938.674
949.095
959.5
969.89
980.264
990.669
1001.07
1011.46
1021.89
1032.31
1042.73
1053.15
1063.54
1073.93
1084.32
1094.72
1105.16
1115.56
1125.97
1136.36
1146.75
1157.15
1167.56
1177.96
1188.35
1198.77
1209.16
1219.57
1230.01
1240.41
1250.8
1261.21
1271.61
1282.06
1292.48
1302.87
1313.26
1323.67
1334.07
1344.48
1354.92
1365.29
1376.74
1387.15
1397.54
1407.94
1418.35
1428.77
1439.17
1449.58
1459.98
1470.39
1480.79
Temperature Data
0
0
0
0
0
0
0
0
0
0
0
0
0
0
0
0
0
0
0
0
0
0
0
0
0
0
0
0
0
0
0
0
0
0
0
0
0
0
0
0
0
0
0
0
0
0
0
0
0
0
0
0
0
0
0
0
0
0
0
0
0
0
0
0
0
0
0
0
0
0
0
0
0
0
0
0
0
0
0
0
0
0
0
0
0
0
0
0
0
0
0
0
0
0
0
0
0
0
0
0
0
0
0
0
0
0
0
0
0
0
0
0
0
0
0
0
0
0
0
0
0
0
0
0
0
0
0
0
0
0
0
0
0
0
0
0
0
0
0
0
0
0
0
Angle Data
0
0
0
0
0
0
0
0
0
0
0
0
0
0
0
0
0
0
0
0
0
0
0
0
0
0
0
0
0
0
0
0
0
0
0
0
0
0
0
0
0
0
0
0
0
0
0
0
0
0
0
0
0
0
0
0
0
0
0
0
0
0
0
0
0
0
0
0
0
0
0
0
0
0
0
0
0
0
0
0
0
0
0
0
0
0
0
0
0
0
0
0
0
0
0
0
0
0
0
0
0
0
0
0
0
0
0
0
0
0
0
0
0
0
0
0
0
0
0
0
0
0
0
0
0
0
0
0
0
0
0
0
0
0
0
0
0
0
0
0
0
0
0
Bx Data
0
0
0
0
0
0
0
0
0
0
0
0
0
0
0
0
0
0
0
0
0
0
0
0
0
0
0
0
0
0
0
0
0
0
0
0
0
0
0
0
0
0
0
0
0
0
0
0
0
0
0
0
0
0
0
0
0
0
0
0
0
0
0
0
0
0
0
0
0
0
0
0
0
0
0
0
0
0
0
0
0
0
0
0
0
0
0
0
0
0
0
0
0
0
0
0
0
0
0
0
0
0
0
0
0
0
0
0
0
0
0
0
0
0
0
0
0
0
0
0
0
0
0
0
0
0
0
0
0
0
0
0
0
0
0
0
0
0
0
0
0
0
0
Hint Data
0
0
0
0
0
0
0
0
0
0
0
0
0
0
0
0
0
0
0
0
0
0
0
0
0
0
0
0
0
0
0
0
0
0
0
0
0
0
0
0
0
0
0
0
0
0
0
0
0
0
0
0
0
0
0
0
0
0
0
0
0
0
0
0
0
0
0
0
0
0
0
0
0
0
0
0
0
0
0
0
0
0
0
0
0
0
0
0
0
0
0
0
0
0
0
0
0
0
0
0
0
0
0
0
0
0
0
0
0
0
0
0
0
0
0
0
0
0
0
0
0
0
0
0
0
0
0
0
0
0
0
0
0
0
0
0
0
0
0
0
0
0
0
Torque Data
-0.061130377739
-0.05853053532
-0.056119357764
-0.056082676113
-0.052979481391
-0.051849375935
-0.049417623216
-0.047322250866
-0.044279099783
-0.042268087699
-0.040439988975
-0.037930450365
-0.03701687661
-0.034599815058
-0.032588951941
-0.030454365448
-0.028353226162
-0.026350664375
-0.024585922929
-0.022565230688
-0.020545758036
-0.01848341769
-0.016055559861
-0.014060431024
-0.012092418611
-0.010225217711
-0.0080729317428
-0.006122971362
-0.0055013079375
-0.0046738641742
-0.0039055961475
-0.0032597144325
-0.0025000157468
-0.00179004519
-0.00108943119088
-0.00035592477692
0.000358146705
0.00108756480469
0.001835403208
0.002527513759
0.0032297239241
0.0039348659303
0.004697502419
0.005483991708
0.0062754917456
0.0082249439932
0.0102878569926
0.01244638878
0.014152476462
0.016348999521
0.018437441652
0.02048713884
0.022361670486
0.02407472222
0.02641172102
0.02881324899
0.030801844383
0.032530852006
0.03451987888
0.037137214083
0.038454457145
0.04095631056
0.043015056073
0.045494095056
0.04706878524
0.050082928434
0.05151874548
0.053408471215
0.055361784192
0.056722358004
0.058532715138
0.06167285013
0.058386263866
0.056951451974
0.05533249184
0.05265869947
0.050949524421
0.048378130362
0.046390374825
0.044095962924
0.041591107108
0.040838292495
0.038872877442
0.036945915755
0.03414948157
0.032263652674
0.030008879964
0.02800173336
0.026441335857
0.0242552
0.021964061168
0.020445830232
0.018531432396
0.016302336471
0.014109403828
0.012142507095
0.0101904673584
0.008103972837
0.006255425106
0.0055113622235
0.00475197008
0.0039972580662
0.0031995923088
0.0024433591093
0.0018298058901
0.00108644798856
0.00036201214398
-0.0003600026694
-0.00107536697275
-0.00181008144
-0.0024967453948
-0.0032152118344
-0.003900791136
-0.004640377443
-0.0054083203169
-0.0060102559343
-0.007817511375
-0.0099661803864
-0.0119519469799
-0.013818147252
-0.015687144756
-0.01813829537
-0.019754905758
-0.022286447708
-0.024238957608
-0.02633823073
-0.028324685354
-0.030370621482
-0.032063851962
-0.034351213812
-0.035972340273
-0.038383113132
-0.0396831746
-0.042267363097
-0.04467213944
-0.047231143445
-0.048084279789
-0.050683790547
-0.05215969136
-0.053937929444
-0.057032529645
-0.059060865025
-0.060612908948
dMdH Data
-1.40116313927694E-07
2.28664025927265E-08
-1.22501650561192E-07
-7.23028921156846E-08
2.11808472338895E-08
-1.07127870031773E-07
-2.34725723202497E-07
1.01361482636599E-07
-1.99375450396347E-08
-2.28646833013436E-07
5.91236494597843E-08
4.43417736709457E-08
-1.50167986561075E-07
-1.6288832913518E-07
3.5426924462596E-09
-1.66886622675465E-07
6.34968221609309E-08
-1.14206797165846E-07
1.71514242878547E-08
-9.77556409025433E-08
-1.426943378119E-07
7.08410878309345E-09
-1.07933081489388E-09
-1.08239531742459E-07
-7.19834780207253E-08
-1.28903837737046E-08
-1.06802349651692E-07
4.27746646289694E-07
-2.9937360255338E-07
-1.14065863290452E-07
4.74461225182421E-07
1.83707836500013E-08
3.75004261412061E-07
4.89256737472989E-07
6.13411474922494E-07
5.64656674799582E-07
5.92218164872044E-07
3.63937531993336E-07
9.27260090522317E-08
4.21009605558962E-07
2.17627856365585E-08
-4.28792280379861E-07
-1.13715558124121E-07
4.17162479175877E-07
-8.05798388403226E-08
1.26839868417892E-07
-1.60136163684089E-07
-4.07514103949113E-08
-1.87909380445887E-07
3.86067981535881E-08
-1.49736147757255E-07
-1.2654432049899E-08
1.74153254864288E-08
-9.4841031793642E-08
-4.1541601632849E-08
-1.17784571120301E-07
5.483812841612E-08
-2.05349646155692E-07
-3.85146079548861E-08
-1.21563212870692E-07
5.4806020267434E-08
-4.2784278427843E-08
-5.44919882374129E-08
-1.4254859611231E-07
-2.87581699346405E-07
3.73145979703356E-07
-3.1304347826087E-07
-9.48208605893264E-09
-4.64418576743064E-08
-1.01116178588575E-07
4.79702584398726E-10
-1.12343384689167E-07
-5.57955363570918E-09
-5.0354099147762E-08
5.64598474382847E-08
7.38520561083813E-08
-1.97515304285201E-07
-1.24295816852451E-07
6.46963416831872E-08
-1.91876162476752E-07
-1.90070751888718E-08
-8.24129651860736E-08
4.82361411087114E-08
-9.8410794602699E-08
-3.21651464234284E-08
-2.84394312113747E-08
-1.48088120535446E-07
3.77166156982677E-08
-7.73570185440809E-08
3.51825168107595E-08
3.33413288558407E-08
-2.05511527377522E-07
-8.1311043202108E-08
2.85971763292272E-08
-2.99406225634259E-07
1.47967694320104E-07
-7.97295918061025E-08
-1.01906857132577E-08
2.49995748371598E-08
-1.45966796377169E-07
-9.7277590377865E-08
1.81460502662549E-07
2.99664960288443E-07
3.89223595084922E-07
2.80212893868935E-08
7.56450202484149E-07
5.95808735008997E-07
6.32847883505645E-07
6.50290857056532E-07
4.9032280009524E-07
4.79028659979906E-07
-3.35651289009496E-07
2.6576377309695E-07
-7.21794806474115E-08
-4.02057991754408E-08
-7.83967945488123E-08
5.52874647692559E-09
7.35730248219095E-08
-8.1472015742457E-08
1.30291203842691E-08
-2.141144022065E-07
7.42764501020785E-08
6.39496553790827E-08
-1.80868939030245E-07
-2.82594348113048E-08
6.65587335851849E-09
-1.04267963263101E-07
-5.4261704681873E-08
-8.28832072980439E-08
-1.14069809283915E-07
1.58425348055695E-08
4.91872113250544E-08
-1.22876523200673E-07
3.47742670423998E-09
-2.36233711643549E-07
1.86495562485002E-08
-1.35649148068154E-07
9.83134265650313E-08
-8.47925161909319E-08
-1.74059180121249E-08
-2.10144057623049E-07
1.02004080163206E-07
1.02004080163206E-07
dMdT Data
0
0
0
0
0
0
0
0
0
0
0
0
0
0
0
0
0
0
0
0
0
0
0
0
0
0
0
0
0
0
0
0
0
0
0
0
0
0
0
0
0
0
0
0
0
0
0
0
0
0
0
0
0
0
0
0
0
0
0
0
0
0
0
0
0
0
0
0
0
0
0
0
0
0
0
0
0
0
0
0
0
0
0
0
0
0
0
0
0
0
0
0
0
0
0
0
0
0
0
0
0
0
0
0
0
0
0
0
0
0
0
0
0
0
0
0
0
0
0
0
0
0
0
0
0
0
0
0
0
0
0
0
0
0
0
0
0
0
0
0
0
0
0
 
*********************************************** Results ***************************************
 
TotalArea -0.00614252838492
AreaFirstQuad -4.80738453703044E-03
AreaSecondQuad -1.33514384788956E-03
AreaThirdQuad 0
AreaFourthQuad 0
Coercivity 0
PositiveCoercivity 0
NegativeCoercivity 0
Retentivity 2.46733125816126E-06
PositiveRetentivity 1.99312733217149E-04
NegativeRetentivity 2.04247395733471E-04
Magnetization 0.000219245
PositiveMagnetization 0.000219245
NegativeMagnetization 0.000183977
Flatness -79.7806947518202
Squareness 1.12537629508598E-02
SStar 0
SFD1 0
SFD2 0
Slope 0
Intercept 0
SlopeAtHc 1.02004080163206E-07
dH1 0
dH2 20.08495
InitialSlope -1.40116313927694E-07
FieldAtHalfMs 0
FieldAtMs 26.4596
MomentMean 2.03522013986014E-04
MomentRMS 8.82551102616967E-06
SFD3 0
dH3 0
UserField1 0
UserField2 0
CenterField 0
ExchangeField 0
ExchangeMoment 0
ExRegionOneIntercept 0
ExRegionOneSlope 0
ExRegionTwoIntercept 0
ExRegionTwoSlope 0
NegativeIntercept 0
NegativeSlope 0
AutoCenterOffset 0
PinningField 0
PinningMoment 0
PinRegionOneIntercept 0
PinRegionOneSlope 0
PinRegionTwoIntercept 0
PinRegionTwoSlope 0
PositiveIntercept 0
PositiveSlope 0
TotalOffset 0
BHMax 0
BCoercivity 0
BRetentivity 0
BNegativeCoercivity 0
BPositiveCoercivity 0
BNegativeRetentivity 0
BPositiveRetentivity 0
MomentYMean -1.21929531468531E-04
MomentYRMS 1.54905042609797E-06
YOffCorrection 0
Mrt 0
Ms1 0
Ms2 0
Ms3 0
Hc2 0
Hex2 0
HsatValue 0
HsatIntercept 0
HsatSlope 0
CenterH 0
Span .000035268
SpanAsPercentOfRange -2.3512
RMSAsPercentOfRange -.588367401744645
SpanAsPercentOfMean 17.3288379518609
RMSAsPercentOfMean 4.33639135802585
