Version 1.25
******************************************** Units *******************************************
System CGS
TemperatureUnit K
MomentUnit emu
AppliedFieldUnit G
 
******************************************** Setup ********************************************
 
Experiment CustomField
Minor False
Acquisition PointByPoint
EditedPoint No
MaxField 500
FieldIncrement 16.6666666666667
Points 143
MinField 0
RampRate 500
AverageTime 3
TimeInterval 0
TimeConstant 0.3
TimeConstantIndex 1
Sensitivity -0.0015
SensitivityIndex 5
SensitivityY -4
SensitivityIndexY 0
SaturationField 8000
ExperimentTime 429
Use735Domains False
AutoRangeEnabled False
NumberOfVertices 7
VertexPts
0
27
44
71
98
115
142
VertexField
500
50
-50
-500
-50
50
500
StartAngle 0
EndAngle 0
AngleIncrement 0
StartTemp 0
FinishTemp 0
TempIncrement 0
TempPoints 0
LengthofSetPointsArray 143
SetPointArray
500
483.333333333333
466.666666666667
450
433.333333333333
416.666666666667
400
383.333333333333
366.666666666667
350
333.333333333333
316.666666666666
300
283.333333333333
266.666666666666
250
233.333333333333
216.666666666666
200
183.333333333333
166.666666666666
150
133.333333333333
116.666666666666
99.9999999999998
83.3333333333331
66.6666666666665
50
44.1176470588235
38.2352941176471
32.3529411764706
26.4705882352941
20.5882352941176
14.7058823529412
8.8235294117647
2.94117647058823
-2.94117647058824
-8.82352941176471
-14.7058823529412
-20.5882352941177
-26.4705882352941
-32.3529411764706
-38.2352941176471
-44.1176470588235
-50
-66.6666666666667
-83.3333333333333
-100
-116.666666666667
-133.333333333333
-150
-166.666666666667
-183.333333333333
-200
-216.666666666667
-233.333333333333
-250
-266.666666666667
-283.333333333333
-300
-316.666666666667
-333.333333333333
-350
-366.666666666667
-383.333333333333
-400
-416.666666666667
-433.333333333333
-450
-466.666666666667
-483.333333333334
-500
-483.333333333333
-466.666666666667
-450
-433.333333333333
-416.666666666667
-400
-383.333333333333
-366.666666666667
-350
-333.333333333333
-316.666666666666
-300
-283.333333333333
-266.666666666666
-250
-233.333333333333
-216.666666666666
-200
-183.333333333333
-166.666666666666
-150
-133.333333333333
-116.666666666666
-99.9999999999998
-83.3333333333331
-66.6666666666665
-50
-44.1176470588235
-38.2352941176471
-32.3529411764706
-26.4705882352941
-20.5882352941176
-14.7058823529412
-8.8235294117647
-2.94117647058823
2.94117647058824
8.82352941176471
14.7058823529412
20.5882352941177
26.4705882352941
32.3529411764706
38.2352941176471
44.1176470588235
50
66.6666666666667
83.3333333333333
100
116.666666666667
133.333333333333
150
166.666666666667
183.333333333333
200
216.666666666667
233.333333333333
250
266.666666666667
283.333333333333
300
316.666666666667
333.333333333333
350
366.666666666667
383.333333333333
400
416.666666666667
433.333333333333
450
466.666666666667
483.333333333334
500
FieldDomainFile c:\Ideasvsm\Default UserID\Experiments\Jason_500G\fdomain.ini
TempDomainFile c:\Ideasvsm\Default UserID\Experiments\Jason_500G\tdomain.ini
NumSelectedResults 0
ResultsSelected 
UserName1 
UserValue1 
UserName2 
UserValue2 
LinearBackgroundCorrection Off
MaxLinearFieldCorrection 
MinLinearFieldCorrection 
AutoLinearCorrection Off
FitOneRegion Off
BackgroundMode Off
BackgroundFilename 
AutoCenter Off
OffsetCorrection 
SmoothDeriv Off
DerivOrder 0
DerivPoints 0
MinExFieldOne 
MaxExFieldOne 
MinExFieldTwo 
MaxExFieldTwo 
MinPinFieldOne 
MaxPinFieldOne 
MinPinFieldTwo 
MaxPinFieldTwo 
HCenterStart 
Mass 
Volume 
Density 
MolarWeight 
NumberOfMoles 
Demagnetization 
SampleArea 
Thickness 
MomentScaling 0
XAxis 0
YAxis 0
SimpleSpinValve False
HsatMax 0
HsatMin 0
FieldAutoRange False
 
*************************************************** Experiment Data ********************************************
 
DataPoints 143
MomentX Data
0.000196459
0.000199243
0.00019908
0.000199583
0.000201109
0.000200438
0.000203251
0.000204078
0.000205972
0.000206234
0.000205869
0.000210081
0.0002077
0.000210124
0.000211919
0.00021339
0.000213778
0.000213097
0.000213764
0.000216111
0.000216139
0.00021808
0.000220193
0.000221385
0.000221676
0.0002212
0.000221867
0.000224076
0.000221146
0.000223118
0.000222072
0.000221156
0.000222013
0.000217534
0.000217485
0.000213445
0.000207438
0.000204781
0.000203163
0.00020236
0.00019921
0.000198551
0.000200442
0.000201011
0.000200572
0.000201792
0.000203956
0.000202606
0.000203055
0.000203247
0.000204864
0.000206298
0.000204483
0.000208833
0.00020853
0.000208945
0.000211633
0.000211923
0.000212649
0.000211637
0.000216136
0.000216747
0.000215312
0.000217105
0.000220164
0.000218263
0.000221892
0.000221728
0.000221111
0.000223607
0.000224271
0.000225881
0.000224301
0.000223246
0.00022217
0.000221596
0.000220613
0.000219708
0.000218026
0.000218061
0.000216732
0.000215967
0.000215572
0.000213537
0.000212123
0.000210967
0.00021057
0.000209085
0.00021087
0.000211093
0.000208666
0.000207816
0.000206637
0.000203484
0.000207153
0.000204244
0.000203928
0.00020203
0.000200789
0.000201865
0.000201204
0.000201406
0.000202796
0.000201254
0.000203608
0.000204857
0.000208914
0.000213949
0.000217343
0.000218978
0.000221459
0.000224778
0.00022473
0.000221967
0.000224758
0.00022412
0.000221743
0.000224941
0.000224333
0.0002233
0.000223524
0.00022022
0.000221134
0.000217687
0.000219051
0.000218811
0.000218211
0.000217126
0.000214656
0.000212242
0.000214819
0.000212999
0.000210083
0.00020993
0.000208359
0.000207755
0.000205557
0.000209495
0.000205615
0.00020342
0.000204396
0.00020205
0.000201279
MomentY Data
-0.000120576
-0.00012215
-0.000122023
-0.000120465
-0.000122102
-0.000122515
-0.000120099
-0.000123072
-0.000120083
-0.000120767
-0.000118351
-0.000120735
-0.000121419
-0.000119909
-0.000120481
-0.000119575
-0.000122722
-0.00012207
-0.000121482
-0.000122849
-0.00012153
-0.000120672
-0.000120799
-0.000120878
-0.0001218
-0.000122531
-0.000124216
-0.000122913
-0.000123072
-0.000122261
-0.000124009
-0.000122309
-0.000122849
-0.000120687
-0.00012029
-0.000123723
-0.000122039
-0.000121705
-0.000123437
-0.000122738
-0.00011994
-0.000120703
-0.000121864
-0.000121021
-0.000121975
-0.000120052
-0.000119734
-0.000121975
-0.000121164
-0.00012091
-0.000120465
-0.00012056
-0.000120481
-0.000119178
-0.000121212
-0.000123167
-0.000120401
-0.000119464
-0.000119559
-0.000120703
-0.000121625
-0.000121466
-0.000120274
-0.000121228
-0.000119432
-0.000120799
-0.000120942
-0.000121085
-0.000121466
-0.000121482
-0.000124041
-0.000121021
-0.000118971
-0.000121101
-0.000118907
-0.000119654
-0.000121864
-0.000121339
-0.000122499
-0.000120147
-0.000120783
-0.000119829
-0.00012091
-0.000122182
-0.000121673
-0.000121164
-0.000121117
-0.000119591
-0.000123199
-0.000119956
-0.000120751
-0.000120703
-0.000121164
-0.000119766
-0.000120401
-0.000120401
-0.000122325
-0.000119384
-0.000123135
-0.000120115
-0.000122166
-0.000121164
-0.000121864
-0.000121276
-0.000121196
-0.000119082
-0.000119511
-0.000121307
-0.00011967
-0.000121705
-0.000121705
-0.000120926
-0.000120687
-0.000122213
-0.000123215
-0.00012296
-0.000122547
-0.000124486
-0.000122706
-0.000123723
-0.000123278
-0.000122372
-0.000123866
-0.000123151
-0.000120735
-0.000120942
-0.000122388
-0.00012296
-0.000122833
-0.000121816
-0.000122881
-0.00012393
-0.000123183
-0.000123453
-0.000123739
-0.000124057
-0.00012428
-0.000126521
-0.000120894
-0.000122118
-0.000123056
-0.000122643
-0.000124661
Field Data
500.002
483.338
466.672
449.995
433.331
416.675
399.999
383.332
366.659
350.003
333.325
316.663
300.004
283.33
266.676
250.005
233.342
216.666
199.985
183.319
166.658
149.997
133.318
116.662
99.9896
83.3287
66.6576
50.0054
44.1116
38.2354
32.3506
26.4807
20.5848
14.6938
8.8138
2.93901
-2.95268
-8.82327
-14.7094
-20.5865
-26.4706
-32.3649
-38.2443
-44.1224
-50.012
-66.6784
-83.3451
-99.9852
-116.664
-133.346
-149.998
-166.679
-183.337
-199.989
-216.671
-233.333
-250.025
-266.667
-283.321
-300.01
-316.673
-333.341
-350.004
-366.672
-383.342
-400.01
-416.679
-433.357
-450.01
-466.673
-483.334
-500.022
-483.339
-466.657
-450.004
-433.341
-416.669
-400.006
-383.344
-366.675
-350
-333.337
-316.678
-300.012
-283.326
-266.666
-250.008
-233.337
-216.665
-199.997
-183.338
-166.677
-150.008
-133.326
-116.669
-99.9944
-83.3359
-66.6767
-49.9997
-44.1183
-38.2363
-32.3559
-26.4783
-20.581
-14.7176
-8.83002
-2.94543
2.94001
8.82377
14.704
20.5834
26.4596
32.3513
38.2406
44.1171
50.0044
66.6611
83.3504
100.014
116.669
133.334
149.999
166.663
183.332
200.007
216.657
233.345
249.999
266.654
283.328
299.999
316.662
333.32
349.997
366.667
383.323
399.992
416.668
433.335
449.995
466.664
483.335
500.001
Time Data
0
10.374
20.748
31.169
41.558
51.979
62.4
72.821
83.242
93.647
104.099
114.489
124.878
135.268
145.673
157.139
167.56
177.966
188.34
198.729
209.119
219.493
229.883
240.304
250.678
261.083
271.457
281.831
292.221
303.624
313.998
324.419
334.84
345.214
355.62
366.025
376.43
386.82
397.209
407.599
418.02
428.441
438.815
449.236
459.641
470.062
480.452
490.841
501.231
511.621
522.041
532.447
542.836
553.242
563.616
574.037
584.426
594.831
605.268
615.642
626.078
636.515
646.92
657.325
667.762
678.167
688.572
698.978
709.352
719.773
730.209
740.614
750.988
761.394
771.783
782.204
792.594
802.999
813.42
824.855
835.245
845.634
856.024
866.445
876.866
887.255
897.661
908.082
918.471
928.845
939.251
949.64
960.014
970.435
980.825
991.23
1001.62
1012.03
1022.42
1032.82
1043.19
1053.6
1064.02
1074.38
1084.74
1095.14
1105.53
1115.95
1126.33
1136.73
1147.15
1157.51
1167.89
1178.29
1188.7
1199.12
1209.54
1219.94
1230.33
1240.74
1251.14
1261.53
1271.94
1282.38
1292.8
1303.23
1313.65
1324.07
1334.45
1344.84
1355.23
1365.6
1376.01
1386.43
1396.82
1407.22
1417.61
1427.99
1438.41
1448.88
1459.3
1469.7
1480.11
Temperature Data
0
0
0
0
0
0
0
0
0
0
0
0
0
0
0
0
0
0
0
0
0
0
0
0
0
0
0
0
0
0
0
0
0
0
0
0
0
0
0
0
0
0
0
0
0
0
0
0
0
0
0
0
0
0
0
0
0
0
0
0
0
0
0
0
0
0
0
0
0
0
0
0
0
0
0
0
0
0
0
0
0
0
0
0
0
0
0
0
0
0
0
0
0
0
0
0
0
0
0
0
0
0
0
0
0
0
0
0
0
0
0
0
0
0
0
0
0
0
0
0
0
0
0
0
0
0
0
0
0
0
0
0
0
0
0
0
0
0
0
0
0
0
0
Angle Data
0
0
0
0
0
0
0
0
0
0
0
0
0
0
0
0
0
0
0
0
0
0
0
0
0
0
0
0
0
0
0
0
0
0
0
0
0
0
0
0
0
0
0
0
0
0
0
0
0
0
0
0
0
0
0
0
0
0
0
0
0
0
0
0
0
0
0
0
0
0
0
0
0
0
0
0
0
0
0
0
0
0
0
0
0
0
0
0
0
0
0
0
0
0
0
0
0
0
0
0
0
0
0
0
0
0
0
0
0
0
0
0
0
0
0
0
0
0
0
0
0
0
0
0
0
0
0
0
0
0
0
0
0
0
0
0
0
0
0
0
0
0
0
Bx Data
0
0
0
0
0
0
0
0
0
0
0
0
0
0
0
0
0
0
0
0
0
0
0
0
0
0
0
0
0
0
0
0
0
0
0
0
0
0
0
0
0
0
0
0
0
0
0
0
0
0
0
0
0
0
0
0
0
0
0
0
0
0
0
0
0
0
0
0
0
0
0
0
0
0
0
0
0
0
0
0
0
0
0
0
0
0
0
0
0
0
0
0
0
0
0
0
0
0
0
0
0
0
0
0
0
0
0
0
0
0
0
0
0
0
0
0
0
0
0
0
0
0
0
0
0
0
0
0
0
0
0
0
0
0
0
0
0
0
0
0
0
0
0
Hint Data
0
0
0
0
0
0
0
0
0
0
0
0
0
0
0
0
0
0
0
0
0
0
0
0
0
0
0
0
0
0
0
0
0
0
0
0
0
0
0
0
0
0
0
0
0
0
0
0
0
0
0
0
0
0
0
0
0
0
0
0
0
0
0
0
0
0
0
0
0
0
0
0
0
0
0
0
0
0
0
0
0
0
0
0
0
0
0
0
0
0
0
0
0
0
0
0
0
0
0
0
0
0
0
0
0
0
0
0
0
0
0
0
0
0
0
0
0
0
0
0
0
0
0
0
0
0
0
0
0
0
0
0
0
0
0
0
0
0
0
0
0
0
0
Torque Data
-0.060288241152
-0.0590397367
-0.056944717456
-0.054208647675
-0.052910581762
-0.051048937625
-0.048039479901
-0.047177435904
-0.044029512697
-0.042268812301
-0.039449347075
-0.038232307305
-0.036426185676
-0.03397381697
-0.032129391156
-0.029894347875
-0.028636196924
-0.02644841862
-0.02429457777
-0.022520555831
-0.02025394674
-0.018100437984
-0.016104681082
-0.014101869236
-0.01217873328
-0.0102103489397
-0.0082799404416
-0.0061463137302
-0.0054289028352
-0.0046746982394
-0.0040117655554
-0.0032388279363
-0.0025288220952
-0.0017733506406
-0.001060212002
-0.00036362313423
0.00036034211452
0.00107383607535
0.0018156842078
0.002526745837
0.003174883764
0.0039065405247
0.0046606033752
0.0053397369704
0.0061002137
0.0080048752768
0.0099792422034
0.01219569477
0.014135476896
0.01612286486
0.01806950907
0.02009482024
0.022088625097
0.023834289042
0.026263125252
0.028738925611
0.030103260025
0.031857106488
0.033873575439
0.03621210703
0.038515353625
0.040489597906
0.042096381096
0.044450913216
0.045783301744
0.04832080799
0.050393991618
0.052473032345
0.05466091466
0.056692369386
0.059953232694
0.060513162462
0.057503324169
0.056512629357
0.053508625628
0.051850984014
0.050776951016
0.048536328034
0.046959256656
0.044054901225
0.04227405
0.039943439373
0.03828953698
0.036656066184
0.034473124398
0.032310319224
0.030280218936
0.027905005167
0.026692911335
0.023990840132
0.022138246838
0.020118413931
0.018175569312
0.015967921716
0.014047064269
0.0120394257544
0.0101940639675
0.0079601311528
0.0061567130595
0.0052992696045
0.0046711758258
0.0039203702676
0.0032267515512
0.002495981356
0.0017837142496
0.00105149644164
0.00035201128473
-0.00035664379307
-0.0010559405559
-0.00178955032
-0.002505102697
-0.0031996535896
-0.0039043813431
-0.0046734984478
-0.0054358884765
-0.006148541024
-0.0081691178217
-0.0103759578944
-0.012272317884
-0.014434638687
-0.016437148852
-0.018355677628
-0.020643879158
-0.022577519132
-0.024147845145
-0.026202930894
-0.02855862786
-0.03073987704
-0.032753910782
-0.034513883648
-0.036864177119
-0.03924392166
-0.04105935756
-0.043208179641
-0.045371007913
-0.047553901411
-0.04971100576
-0.052717252028
-0.05238760149
-0.05495248941
-0.057425805184
-0.059277654405
-0.062330624661
dMdH Data
-1.67066730676907E-07
9.78039121564812E-09
-3.0161299994004E-08
-9.15746519443103E-08
4.02857829010563E-08
-1.68685536099784E-07
-4.96190076198482E-08
-1.13596833203383E-07
-1.57300672430342E-08
2.18851181196787E-08
-2.52790781418799E-07
1.42925745843088E-07
-1.453760345448E-07
-1.07781914254833E-07
-8.82370583648244E-08
-2.32851227270006E-08
4.08371312065236E-08
-3.99856123733581E-08
-1.40825633025321E-07
-1.68057139427448E-09
-1.16499609867354E-07
-1.26686252173392E-07
-7.15658021133516E-08
-1.74539958254361E-08
2.85698851802716E-08
-4.00093575109012E-08
-1.3265514466557E-07
4.97132579999322E-07
-3.35591028215511E-07
1.7774605764002E-07
1.56050358609176E-07
-1.45355246866466E-07
7.60312340858936E-07
8.33333333333086E-09
6.87684155518754E-07
1.01957163394544E-06
4.52595054330146E-07
2.74883497306379E-07
1.36632012387059E-07
5.35341003721894E-07
1.11802928252722E-07
-3.21631458992416E-07
-9.6799986390158E-08
7.45381689758218E-08
-7.32011712187406E-08
-1.29839740320519E-07
8.11293201362976E-08
-2.6920401947382E-08
-1.1509411341565E-08
-9.71054527984632E-08
-8.59660691805047E-08
1.08956657461881E-07
-2.61229882296422E-07
1.81632897734085E-08
-2.49069739527069E-08
-1.61035226455786E-07
-1.74257901694516E-08
-4.35931307793918E-08
6.06387440829288E-08
-2.6999939986797E-07
-3.66570674346051E-08
8.61189461681563E-08
-1.07571394288456E-07
-1.83503299340132E-07
1.14050875929924E-07
-2.17709520667107E-07
9.83331334692449E-09
3.70503813126771E-08
-1.49792954449979E-07
-3.98535502070716E-08
-9.64765100671129E-08
-9.47071869567821E-08
-6.3241817527874E-08
-6.46129826457698E-08
-3.44475784672619E-08
-5.89611324376199E-08
-5.43119486286994E-08
-1.00948265514344E-07
2.09970604115478E-09
-7.97001499250374E-08
-4.59101002220494E-08
-2.3710907017227E-08
-1.22104884195368E-07
-8.47416996284318E-08
-6.93877551020399E-08
-2.38323928442784E-08
-8.90768400215953E-08
1.07065738963532E-07
1.3378929685626E-08
-1.45687016027372E-07
-5.10173458976064E-08
-7.07300977863098E-08
-1.89006114374774E-07
2.20267755298072E-07
-1.7445695848776E-07
-1.8969294954527E-08
-1.13931041106417E-07
-7.44138634046889E-08
1.82949637841331E-07
-1.12376742604556E-07
3.43514046663508E-08
2.36491084796513E-07
-2.61475590524476E-07
4.0147354777092E-07
2.12141491071032E-07
6.89427810603631E-07
8.5550103305785E-07
5.7684201938896E-07
2.78050348370726E-07
4.21981834881111E-07
5.64820802559477E-07
-8.14705433066802E-09
-4.6915592685039E-07
4.74942567855017E-07
-1.0836886178724E-07
-1.42705337791999E-07
1.916197803383E-07
-3.64867135552928E-08
-6.20234163914741E-08
1.34413441344136E-08
-1.98259825982599E-07
5.48487758041285E-08
-2.06791049253105E-07
8.17991004497756E-08
-1.44144144144151E-08
-3.59539789069983E-08
-6.51495136303595E-08
-1.48303812668868E-07
-1.44776298428692E-07
1.54579809249595E-07
-1.09224029286442E-07
-1.75051026533799E-07
-9.17431192660529E-09
-9.42411517696456E-08
-3.62632084534099E-08
-1.31861539384486E-07
2.36147757255936E-07
-2.32795344093118E-07
-1.31752701080432E-07
5.85518027476153E-08
-1.40723411912902E-07
-4.62618504740188E-08
-4.62618504740188E-08
dMdT Data
0
0
0
0
0
0
0
0
0
0
0
0
0
0
0
0
0
0
0
0
0
0
0
0
0
0
0
0
0
0
0
0
0
0
0
0
0
0
0
0
0
0
0
0
0
0
0
0
0
0
0
0
0
0
0
0
0
0
0
0
0
0
0
0
0
0
0
0
0
0
0
0
0
0
0
0
0
0
0
0
0
0
0
0
0
0
0
0
0
0
0
0
0
0
0
0
0
0
0
0
0
0
0
0
0
0
0
0
0
0
0
0
0
0
0
0
0
0
0
0
0
0
0
0
0
0
0
0
0
0
0
0
0
0
0
0
0
0
0
0
0
0
0
 
*********************************************** Results ***************************************
 
TotalArea -0.002046362813575
AreaFirstQuad -1.70177421316941E-03
AreaSecondQuad -3.44588600405586E-04
AreaThirdQuad 0
AreaFourthQuad 0
Coercivity 0
PositiveCoercivity 0
NegativeCoercivity 0
Retentivity 4.92674817840789E-07
PositiveRetentivity 2.10448468772118E-04
NegativeRetentivity 2.114338184078E-04
Magnetization 0.000225881
PositiveMagnetization 0.000225881
NegativeMagnetization 0.000196459
Flatness -426.154912634739
Squareness 2.18112553884917E-03
SStar 0
SFD1 0
SFD2 0
Slope 0
Intercept 0
SlopeAtHc -4.62618504740188E-08
dH1 0
dH2 14.722255
InitialSlope -1.67066730676907E-07
FieldAtHalfMs 0
FieldAtMs -500.022
MomentMean 2.12222146853147E-04
MomentRMS 8.08292761070965E-06
SFD3 0
dH3 0
UserField1 0
UserField2 0
CenterField 0
ExchangeField 0
ExchangeMoment 0
ExRegionOneIntercept 0
ExRegionOneSlope 0
ExRegionTwoIntercept 0
ExRegionTwoSlope 0
NegativeIntercept 0
NegativeSlope 0
AutoCenterOffset 0
PinningField 0
PinningMoment 0
PinRegionOneIntercept 0
PinRegionOneSlope 0
PinRegionTwoIntercept 0
PinRegionTwoSlope 0
PositiveIntercept 0
PositiveSlope 0
TotalOffset 0
BHMax 0
BCoercivity 0
BRetentivity 0
BNegativeCoercivity 0
BPositiveCoercivity 0
BNegativeRetentivity 0
BPositiveRetentivity 0
MomentYMean -1.21567755244755E-04
MomentYRMS 1.42997619017302E-06
YOffCorrection 0
Mrt 0
Ms1 0
Ms2 0
Ms3 0
Hc2 0
Hex2 0
HsatValue 0
HsatIntercept 0
HsatSlope 0
CenterH 0
Span .000029422
SpanAsPercentOfRange -1.96146666666667
RMSAsPercentOfRange -.538861840713976
SpanAsPercentOfMean 13.8637745571198
RMSAsPercentOfMean 3.80871069799462
