Version 1.25
******************************************** Units *******************************************
System CGS
TemperatureUnit K
MomentUnit emu
AppliedFieldUnit G
 
******************************************** Setup ********************************************
 
Experiment CustomField
Minor False
Acquisition PointByPoint
EditedPoint No
MaxField 500
FieldIncrement 16.6666666666667
Points 143
MinField 0
RampRate 500
AverageTime 3
TimeInterval 0
TimeConstant 0.3
TimeConstantIndex 1
Sensitivity -0.0015
SensitivityIndex 5
SensitivityY -4
SensitivityIndexY 0
SaturationField 8000
ExperimentTime 429
Use735Domains False
AutoRangeEnabled False
NumberOfVertices 7
VertexPts
0
27
44
71
98
115
142
VertexField
500
50
-50
-500
-50
50
500
StartAngle 0
EndAngle 0
AngleIncrement 0
StartTemp 0
FinishTemp 0
TempIncrement 0
TempPoints 0
LengthofSetPointsArray 143
SetPointArray
500
483.333333333333
466.666666666667
450
433.333333333333
416.666666666667
400
383.333333333333
366.666666666667
350
333.333333333333
316.666666666666
300
283.333333333333
266.666666666666
250
233.333333333333
216.666666666666
200
183.333333333333
166.666666666666
150
133.333333333333
116.666666666666
99.9999999999998
83.3333333333331
66.6666666666665
50
44.1176470588235
38.2352941176471
32.3529411764706
26.4705882352941
20.5882352941176
14.7058823529412
8.8235294117647
2.94117647058823
-2.94117647058824
-8.82352941176471
-14.7058823529412
-20.5882352941177
-26.4705882352941
-32.3529411764706
-38.2352941176471
-44.1176470588235
-50
-66.6666666666667
-83.3333333333333
-100
-116.666666666667
-133.333333333333
-150
-166.666666666667
-183.333333333333
-200
-216.666666666667
-233.333333333333
-250
-266.666666666667
-283.333333333333
-300
-316.666666666667
-333.333333333333
-350
-366.666666666667
-383.333333333333
-400
-416.666666666667
-433.333333333333
-450
-466.666666666667
-483.333333333334
-500
-483.333333333333
-466.666666666667
-450
-433.333333333333
-416.666666666667
-400
-383.333333333333
-366.666666666667
-350
-333.333333333333
-316.666666666666
-300
-283.333333333333
-266.666666666666
-250
-233.333333333333
-216.666666666666
-200
-183.333333333333
-166.666666666666
-150
-133.333333333333
-116.666666666666
-99.9999999999998
-83.3333333333331
-66.6666666666665
-50
-44.1176470588235
-38.2352941176471
-32.3529411764706
-26.4705882352941
-20.5882352941176
-14.7058823529412
-8.8235294117647
-2.94117647058823
2.94117647058824
8.82352941176471
14.7058823529412
20.5882352941177
26.4705882352941
32.3529411764706
38.2352941176471
44.1176470588235
50
66.6666666666667
83.3333333333333
100
116.666666666667
133.333333333333
150
166.666666666667
183.333333333333
200
216.666666666667
233.333333333333
250
266.666666666667
283.333333333333
300
316.666666666667
333.333333333333
350
366.666666666667
383.333333333333
400
416.666666666667
433.333333333333
450
466.666666666667
483.333333333334
500
FieldDomainFile c:\Ideasvsm\Default UserID\Experiments\Jason_500G\fdomain.ini
TempDomainFile c:\Ideasvsm\Default UserID\Experiments\Jason_500G\tdomain.ini
NumSelectedResults 0
ResultsSelected 
UserName1 
UserValue1 
UserName2 
UserValue2 
LinearBackgroundCorrection Off
MaxLinearFieldCorrection 
MinLinearFieldCorrection 
AutoLinearCorrection Off
FitOneRegion Off
BackgroundMode Off
BackgroundFilename 
AutoCenter Off
OffsetCorrection 
SmoothDeriv Off
DerivOrder 0
DerivPoints 0
MinExFieldOne 
MaxExFieldOne 
MinExFieldTwo 
MaxExFieldTwo 
MinPinFieldOne 
MaxPinFieldOne 
MinPinFieldTwo 
MaxPinFieldTwo 
HCenterStart 
Mass 
Volume 
Density 
MolarWeight 
NumberOfMoles 
Demagnetization 
SampleArea 
Thickness 
MomentScaling 0
XAxis 0
YAxis 0
SimpleSpinValve False
HsatMax 0
HsatMin 0
FieldAutoRange False
 
*************************************************** Experiment Data ********************************************
 
DataPoints 143
MomentX Data
0.000148071
0.00015033
0.000150392
0.00015328
0.000154694
0.000155327
0.000157658
0.000158888
0.000159753
0.00016129
0.000161393
0.00016327
0.000165251
0.000166652
0.000168692
0.000168624
0.000169812
0.000173012
0.000172646
0.000172452
0.000176817
0.000175744
0.000176668
0.000179398
0.000179064
0.00017893
0.000181871
0.000181426
0.000183438
0.000183452
0.000181906
0.000182401
0.000181263
0.000179145
0.000177455
0.000173662
0.000168676
0.000166563
0.000164907
0.00016253
0.000163005
0.000163096
0.000163937
0.000162799
0.000164201
0.000166019
0.000164612
0.000165196
0.000167489
0.00016884
0.000170202
0.00016985
0.000172136
0.000173416
0.000172009
0.00017553
0.000178736
0.000176224
0.000176944
0.000181105
0.000180421
0.000182092
0.000183073
0.000184501
0.000187173
0.000186745
0.000187887
0.00019004
0.000190206
0.000192406
0.000193816
0.00019499
0.000194219
0.000192738
0.000192045
0.000192861
0.00018991
0.000191156
0.00018764
0.000187987
0.00018734
0.000184821
0.000185965
0.000185857
0.000182291
0.000183809
0.000182014
0.00018184
0.000179592
0.000180441
0.000182212
0.000178295
0.000179592
0.000178078
0.000178402
0.000177675
0.000177309
0.000175945
0.00017337
0.000176289
0.000173206
0.000174659
0.000176507
0.000176539
0.00017731
0.000181304
0.000185228
0.000189501
0.000193265
0.00019643
0.00019717
0.000200422
0.000199524
0.000200594
0.000202533
0.000200815
0.000201238
0.000201113
0.000200835
0.000199603
0.000199572
0.00020075
0.000198155
0.000195304
0.000197256
0.000195652
0.000195073
0.000194001
0.000193608
0.000192251
0.000192226
0.000191767
0.000189526
0.000190523
0.000189503
0.000188538
0.000188644
0.000186362
0.000185555
0.000185222
0.000184498
0.000183437
0.000184915
MomentY Data
-0.000118319
-0.000120179
-0.00012215
-0.000121101
-0.000119543
-0.000119305
-0.000119289
-0.000119623
-0.00012029
-0.000121085
-0.000119066
-0.000119925
-0.000119273
-0.000119559
-0.000118542
-0.000122039
-0.000120672
-0.000117636
-0.000119638
-0.000120656
-0.000120354
-0.000119718
-0.000117906
-0.000116809
-0.000118319
-0.0001194
-0.000119988
-0.000121117
-0.000119416
-0.00012029
-0.000121498
-0.000118732
-0.000119178
-0.000118049
-0.000119193
-0.000117731
-0.000117397
-0.000118272
-0.000120179
-0.000118287
-0.000118891
-0.000119511
-0.000120576
-0.000120083
-0.000120846
-0.000119416
-0.00011975
-0.000119734
-0.000120624
-0.000121212
-0.000120815
-0.000119289
-0.000117826
-0.000119384
-0.000119193
-0.000119591
-0.000123326
-0.000118987
-0.000119146
-0.000120417
-0.000120449
-0.000120354
-0.000120274
-0.000120195
-0.000118876
-0.00011886
-0.000118065
-0.000118987
-0.000121148
-0.000120672
-0.000121943
-0.000121991
-0.000123247
-0.00012153
-0.000122102
-0.000120465
-0.000120163
-0.000120974
-0.000120576
-0.000118383
-0.000118319
-0.000120115
-0.00012037
-0.000119543
-0.000119257
-0.000119511
-0.000120306
-0.000122452
-0.000120004
-0.000118748
-0.000118351
-0.00011816
-0.000121133
-0.000120385
-0.000121895
-0.000121466
-0.000120099
-0.000120306
-0.000119877
-0.000122388
-0.000121323
-0.000121689
-0.000120195
-0.000122547
-0.000121069
-0.00012064
-0.000120068
-0.000121482
-0.000124296
-0.000119638
-0.000122515
-0.000121578
-0.000118923
-0.000122023
-0.000120115
-0.00012304
-0.000121927
-0.000123564
-0.000121133
-0.00012153
-0.000120846
-0.000120465
-0.000120322
-0.000121466
-0.000118701
-0.000120735
-0.000120401
-0.000119575
-0.00012126
-0.000121371
-0.000120942
-0.000120815
-0.00012029
-0.00011994
-0.000120083
-0.000121578
-0.000121244
-0.000118669
-0.000119178
-0.000120227
-0.00011975
-0.000119718
-0.000120195
Field Data
499.989
483.326
466.67
450
433.327
416.666
399.986
383.329
366.67
349.995
333.331
316.648
299.988
283.332
266.673
249.989
233.32
216.66
199.989
183.319
166.663
149.99
133.329
116.658
99.9887
83.309
66.6666
49.9987
44.1012
38.2309
32.347
26.4852
20.5716
14.7048
8.82078
2.94151
-2.95068
-8.82252
-14.7009
-20.592
-26.4761
-32.3587
-38.249
-44.1103
-50.002
-66.6759
-83.3314
-100.008
-116.686
-133.35
-150.005
-166.67
-183.346
-200.005
-216.681
-233.352
-250.005
-266.668
-283.337
-300.004
-316.683
-333.352
-350.017
-366.672
-383.334
-399.996
-416.671
-433.339
-450.004
-466.665
-483.346
-500.005
-483.349
-466.677
-450.003
-433.35
-416.677
-400.001
-383.342
-366.671
-350.006
-333.331
-316.666
-300.01
-283.335
-266.686
-250.004
-233.331
-216.679
-199.996
-183.345
-166.676
-150.006
-133.338
-116.677
-100.001
-83.3299
-66.6694
-50.0095
-44.1111
-38.2388
-32.3477
-26.4778
-20.5857
-14.7146
-8.83327
-2.94643
2.93128
8.82502
14.712
20.5745
26.4653
32.3408
38.2367
44.1072
49.9891
66.6663
83.3278
99.991
116.658
133.324
149.994
166.679
183.325
199.989
216.662
233.327
250.008
266.66
283.335
299.998
316.675
333.337
349.996
366.662
383.332
399.997
416.657
433.335
449.993
466.652
483.342
499.988
Time Data
0
10.405
20.826
31.2
41.605
51.995
62.447
72.852
83.226
93.616
103.99
114.364
124.754
135.19
145.58
155.985
167.42
177.841
188.246
198.636
209.041
219.431
229.836
240.21
250.6
260.989
271.395
281.8
292.236
302.642
313.078
323.452
333.842
344.247
354.637
365.058
375.447
385.853
396.258
406.663
417.084
427.505
437.91
448.315
458.689
469.126
479.531
489.936
500.326
510.763
521.152
531.542
541.932
552.368
562.758
573.21
583.615
593.989
604.41
614.815
625.236
635.657
646.093
656.483
666.888
677.262
687.683
698.089
708.494
718.915
729.336
739.741
750.162
760.567
770.972
781.378
791.783
802.204
812.593
824.059
834.465
844.87
855.291
865.696
876.117
886.522
896.959
907.317
917.738
928.174
938.564
948.985
959.406
969.811
980.232
990.622
1001.06
1011.42
1021.82
1032.2
1042.6
1053.02
1063.4
1073.79
1084.21
1094.64
1105.08
1115.5
1125.92
1136.33
1146.73
1157.14
1167.56
1177.96
1188.37
1198.79
1209.21
1219.58
1230.01
1240.41
1250.8
1261.19
1271.63
1282.05
1292.45
1302.86
1313.28
1323.7
1334.14
1344.54
1355.99
1366.4
1376.8
1387.24
1397.64
1408.05
1418.45
1428.88
1439.28
1449.72
1460.14
1470.56
1481.01
Temperature Data
0
0
0
0
0
0
0
0
0
0
0
0
0
0
0
0
0
0
0
0
0
0
0
0
0
0
0
0
0
0
0
0
0
0
0
0
0
0
0
0
0
0
0
0
0
0
0
0
0
0
0
0
0
0
0
0
0
0
0
0
0
0
0
0
0
0
0
0
0
0
0
0
0
0
0
0
0
0
0
0
0
0
0
0
0
0
0
0
0
0
0
0
0
0
0
0
0
0
0
0
0
0
0
0
0
0
0
0
0
0
0
0
0
0
0
0
0
0
0
0
0
0
0
0
0
0
0
0
0
0
0
0
0
0
0
0
0
0
0
0
0
0
0
Angle Data
0
0
0
0
0
0
0
0
0
0
0
0
0
0
0
0
0
0
0
0
0
0
0
0
0
0
0
0
0
0
0
0
0
0
0
0
0
0
0
0
0
0
0
0
0
0
0
0
0
0
0
0
0
0
0
0
0
0
0
0
0
0
0
0
0
0
0
0
0
0
0
0
0
0
0
0
0
0
0
0
0
0
0
0
0
0
0
0
0
0
0
0
0
0
0
0
0
0
0
0
0
0
0
0
0
0
0
0
0
0
0
0
0
0
0
0
0
0
0
0
0
0
0
0
0
0
0
0
0
0
0
0
0
0
0
0
0
0
0
0
0
0
0
Bx Data
0
0
0
0
0
0
0
0
0
0
0
0
0
0
0
0
0
0
0
0
0
0
0
0
0
0
0
0
0
0
0
0
0
0
0
0
0
0
0
0
0
0
0
0
0
0
0
0
0
0
0
0
0
0
0
0
0
0
0
0
0
0
0
0
0
0
0
0
0
0
0
0
0
0
0
0
0
0
0
0
0
0
0
0
0
0
0
0
0
0
0
0
0
0
0
0
0
0
0
0
0
0
0
0
0
0
0
0
0
0
0
0
0
0
0
0
0
0
0
0
0
0
0
0
0
0
0
0
0
0
0
0
0
0
0
0
0
0
0
0
0
0
0
Hint Data
0
0
0
0
0
0
0
0
0
0
0
0
0
0
0
0
0
0
0
0
0
0
0
0
0
0
0
0
0
0
0
0
0
0
0
0
0
0
0
0
0
0
0
0
0
0
0
0
0
0
0
0
0
0
0
0
0
0
0
0
0
0
0
0
0
0
0
0
0
0
0
0
0
0
0
0
0
0
0
0
0
0
0
0
0
0
0
0
0
0
0
0
0
0
0
0
0
0
0
0
0
0
0
0
0
0
0
0
0
0
0
0
0
0
0
0
0
0
0
0
0
0
0
0
0
0
0
0
0
0
0
0
0
0
0
0
0
0
0
0
0
0
0
Torque Data
-0.059158198491
-0.058085635354
-0.0570037405
-0.05449545
-0.051801209561
-0.04971033713
-0.047713929954
-0.045854964967
-0.0441067343
-0.042379144575
-0.039688388846
-0.0379740114
-0.035780468724
-0.033874890588
-0.031611950766
-0.030508407571
-0.02815519104
-0.02548701576
-0.023926283982
-0.022118537264
-0.020058558702
-0.01795650282
-0.015720289074
-0.013626704322
-0.0118305629953
-0.0099470946
-0.0079991920008
-0.0060556925479
-0.0052663888992
-0.004598794961
-0.003930095806
-0.0031446407664
-0.0024516821448
-0.0017358869352
-0.00105137523054
-0.00034630691381
0.00034640097996
0.00104345708544
0.0017667394611
0.002435765904
0.0031477700051
0.0038672205957
0.004611911424
0.0052968971549
0.006042541692
0.0079621692744
0.00997893515
0.011974357872
0.014075132064
0.0161636202
0.018122854075
0.01988189763
0.021602925796
0.02387739692
0.025826858433
0.027906799032
0.03083211663
0.031730025316
0.033758470202
0.036125581668
0.038144150667
0.040120246608
0.042097944658
0.04407214104
0.045569212584
0.04754352456
0.049194261615
0.051561707593
0.054517084592
0.05631339888
0.058940661278
0.060996109955
0.059571314203
0.05671525581
0.054946266306
0.05220350775
0.050069158351
0.048389720974
0.046221844992
0.043407612993
0.041412359914
0.040038053065
0.03811708642
0.03586409543
0.033789682095
0.031871910546
0.030076981224
0.028571847612
0.026002346716
0.023749125008
0.021699064095
0.01969443616
0.018170676798
0.01605189513
0.014222342915
0.012146721466
0.0100078376601
0.0080207288364
0.0059949888315
0.0053986693068
0.0046392459324
0.0039363592653
0.003182499171
0.0025227157779
0.0017814819074
0.0010656456928
0.00035377195724
-0.00035609775696
-0.00109691468592
-0.001760114256
-0.0025206848675
-0.0032175982434
-0.0038460649584
-0.0046657568441
-0.005297936328
-0.006150658864
-0.0081284219601
-0.0102963162792
-0.012112209803
-0.01417744674
-0.016111672104
-0.01806902721
-0.020055150638
-0.02226775445
-0.023738894289
-0.02615868657
-0.028092804127
-0.0298947066
-0.0323351916
-0.034388652285
-0.036282358116
-0.038259090125
-0.04009710773
-0.04197852024
-0.044029872946
-0.046604737896
-0.048497236268
-0.049444269533
-0.05164399863
-0.054101308411
-0.055881577
-0.057864737556
-0.06009605766
dMdH Data
-1.3556982536158E-07
-3.72238232468782E-09
-1.73245350929813E-07
-8.4807773046243E-08
-3.79929175919808E-08
-1.39748201438849E-07
-7.38428288407269E-08
-5.19238849870949E-08
-9.21739130434779E-08
-6.18098895823305E-09
-1.12509740454355E-07
-1.1890756302521E-07
-8.41138328530256E-08
-1.2245632991176E-07
4.07576120834251E-09
-7.12700221968926E-08
-1.92076830732293E-07
2.19542918841111E-08
1.16376724655064E-08
-2.62067723342941E-07
6.43555448929412E-08
-5.54588560110433E-08
-1.63757423070001E-07
2.00368341801996E-08
8.03371763281088E-09
-1.76717300389368E-07
2.66980243461992E-08
-3.4116150911403E-07
-2.38488663271104E-09
2.62750896514217E-07
-8.44450510082252E-08
1.92437770562771E-07
3.6101452239722E-07
2.87218602248122E-07
6.4514812213081E-07
8.46204891559841E-07
3.59853129513068E-07
2.81710267114409E-07
4.03490010354602E-07
-8.07260243707615E-08
-1.54693502872873E-08
-1.42777108126923E-07
1.94154880316654E-07
-2.37961878574942E-07
-1.0903267981696E-07
8.44765993215459E-08
-3.50191285993552E-08
-1.37486509173762E-07
-8.10729716754678E-08
-8.17772440708499E-08
2.11221122112203E-08
-1.37083233389302E-07
-7.68353442583581E-08
8.43727512592936E-08
-2.11205086677463E-07
-1.92517864649013E-07
1.50753165696453E-07
-4.31939528466019E-08
-2.49655006899862E-07
4.10096528568865E-08
-1.00245965564821E-07
-5.88658865886586E-08
-8.57400180126095E-08
-1.60364902172609E-07
2.56871924138769E-08
-6.84857571214399E-08
-1.29169666426685E-07
-9.96099609961065E-09
-1.3204489526439E-07
-8.45273065163961E-08
-7.04724173119635E-08
-4.62896253602303E-08
-8.88315738963538E-08
-4.15617128463468E-08
4.90001801477213E-08
-1.76992742757752E-07
7.47181578316138E-08
-2.11057086259679E-07
2.08145882070655E-08
-3.88238823882385E-08
-1.51064467766118E-07
6.86468646864695E-08
-6.48414985590898E-09
-2.13853073463267E-07
9.11766472460805E-08
-1.07601007073492E-07
-1.04360343069635E-08
-1.3499879894307E-07
5.08901276748773E-08
1.06359978379678E-07
-2.34987101805748E-07
7.78044391121783E-08
-9.08327333813302E-08
1.94466118480287E-08
-4.35955864715764E-08
-2.19541601933879E-08
-8.18702920080435E-08
-1.54562752477506E-07
4.94879967448798E-07
-5.25007237368662E-07
2.4664324149989E-07
3.14826487674409E-07
5.43100083162011E-09
1.31321217489056E-07
6.79098095158749E-07
6.66571539229877E-07
7.26983808319903E-07
6.3864371349941E-07
5.37627102521155E-07
1.26226012793181E-07
5.52047260134447E-07
-1.52838056335634E-07
1.81482046846116E-07
3.30295545524228E-07
-2.92082490351757E-07
2.53639699709779E-08
-7.50232572097288E-09
-1.66834701617928E-08
-7.39185216295685E-08
-1.86007440297613E-09
7.06658668266352E-08
-1.55528918189992E-07
-1.71272377748407E-07
1.17138742198752E-07
-9.62034426917784E-08
-3.47434743474337E-08
-6.42647323301972E-08
-2.36007686764341E-08
-8.13793103448283E-08
-1.5003300726152E-09
-2.75229357798175E-08
-1.34497659344616E-07
5.98475298637376E-08
-6.12024480979248E-08
-5.78884223155361E-08
6.36063606360566E-09
-1.36974789915966E-07
-4.83870967741932E-08
-1.99903950054035E-08
-4.34599915961335E-08
-6.35710005991617E-08
8.87900997236565E-08
8.87900997236565E-08
dMdT Data
0
0
0
0
0
0
0
0
0
0
0
0
0
0
0
0
0
0
0
0
0
0
0
0
0
0
0
0
0
0
0
0
0
0
0
0
0
0
0
0
0
0
0
0
0
0
0
0
0
0
0
0
0
0
0
0
0
0
0
0
0
0
0
0
0
0
0
0
0
0
0
0
0
0
0
0
0
0
0
0
0
0
0
0
0
0
0
0
0
0
0
0
0
0
0
0
0
0
0
0
0
0
0
0
0
0
0
0
0
0
0
0
0
0
0
0
0
0
0
0
0
0
0
0
0
0
0
0
0
0
0
0
0
0
0
0
0
0
0
0
0
0
0
 
*********************************************** Results ***************************************
 
TotalArea -0.016081840307815
AreaFirstQuad -1.28019287576116E-02
AreaSecondQuad -3.27991155020341E-03
AreaThirdQuad 0
AreaFourthQuad 0
Coercivity 0
PositiveCoercivity 0
NegativeCoercivity 0
Retentivity 8.0985635264601E-06
PositiveRetentivity 1.71172879849428E-04
NegativeRetentivity 1.87370006902348E-04
Magnetization 0.000202533
PositiveMagnetization 0.000202533
NegativeMagnetization 0.000148071
Flatness -20.1362026475636
Squareness 3.99863900029136E-02
SStar 0
SFD1 0
SFD2 0
Slope 0
Intercept 0
SlopeAtHc 8.87900997236565E-08
dH1 0
dH2 28.923495
InitialSlope -1.3556982536158E-07
FieldAtHalfMs 0
FieldAtMs 44.1072
MomentMean 1.80316965034965E-04
MomentRMS 1.25422388427629E-05
SFD3 0
dH3 0
UserField1 0
UserField2 0
CenterField 0
ExchangeField 0
ExchangeMoment 0
ExRegionOneIntercept 0
ExRegionOneSlope 0
ExRegionTwoIntercept 0
ExRegionTwoSlope 0
NegativeIntercept 0
NegativeSlope 0
AutoCenterOffset 0
PinningField 0
PinningMoment 0
PinRegionOneIntercept 0
PinRegionOneSlope 0
PinRegionTwoIntercept 0
PinRegionTwoSlope 0
PositiveIntercept 0
PositiveSlope 0
TotalOffset 0
BHMax 0
BCoercivity 0
BRetentivity 0
BNegativeCoercivity 0
BPositiveCoercivity 0
BNegativeRetentivity 0
BPositiveRetentivity 0
MomentYMean -1.20191223776224E-04
MomentYRMS 1.34234543223073E-06
YOffCorrection 0
Mrt 0
Ms1 0
Ms2 0
Ms3 0
Hc2 0
Hex2 0
HsatValue 0
HsatIntercept 0
HsatSlope 0
CenterH 0
Span .000054462
SpanAsPercentOfRange -3.6308
RMSAsPercentOfRange -.836149256184191
SpanAsPercentOfMean 30.2034808479831
RMSAsPercentOfMean 6.95566212548599
