Version 1.25
******************************************** Units *******************************************
System CGS
TemperatureUnit K
MomentUnit emu
AppliedFieldUnit G
 
******************************************** Setup ********************************************
 
Experiment CustomField
Minor False
Acquisition PointByPoint
EditedPoint No
MaxField 1000
FieldIncrement 30.769
Points 69
MinField 0
RampRate 10
AverageTime 6
TimeInterval 0
TimeConstant 1
TimeConstantIndex 2
Sensitivity -0.0015
SensitivityIndex 5
SensitivityY -4
SensitivityIndexY 0
SaturationField 8000
ExperimentTime 414
Use735Domains False
AutoRangeEnabled False
NumberOfVertices 11
VertexPts
0
5
9
25
29
34
39
43
59
63
68
VertexField
1000
500
200
-200
-500
-1000
-500
-200
200
500
1000
StartAngle 0
EndAngle 0
AngleIncrement 0
StartTemp 0
FinishTemp 0
TempIncrement 0
TempPoints 0
LengthofSetPointsArray 69
SetPointArray
1000
900
800
700
600
500
425
350
275
200
175
150
125
100
75
50
25
0
-25
-50
-75
-100
-125
-150
-175
-200
-275
-350
-425
-500
-600
-700
-800
-900
-1000
-900
-800
-700
-600
-500
-425
-350
-275
-200
-175
-150
-125
-100
-75
-50
-25
0
25
50
75
100
125
150
175
200
275
350
425
500
600
700
800
900
1000
FieldDomainFile c:\Ideasvsm\Default UserID\Experiments\Hannah_1kG\fdomain.ini
TempDomainFile c:\Ideasvsm\Default UserID\Experiments\Hannah_1kG\tdomain.ini
NumSelectedResults 0
ResultsSelected 
UserName1 
UserValue1 
UserName2 
UserValue2 
LinearBackgroundCorrection Off
MaxLinearFieldCorrection 
MinLinearFieldCorrection 
AutoLinearCorrection Off
FitOneRegion Off
BackgroundMode Off
BackgroundFilename 
AutoCenter Off
OffsetCorrection 
SmoothDeriv Off
DerivOrder 0
DerivPoints 0
MinExFieldOne 
MaxExFieldOne 
MinExFieldTwo 
MaxExFieldTwo 
MinPinFieldOne 
MaxPinFieldOne 
MinPinFieldTwo 
MaxPinFieldTwo 
HCenterStart 
Mass 
Volume 
Density 
MolarWeight 
NumberOfMoles 
Demagnetization 
SampleArea 
Thickness 
MomentScaling 0
XAxis 0
YAxis 0
SimpleSpinValve False
HsatMax 0
HsatMin 0
FieldAutoRange True
 
*************************************************** Experiment Data ********************************************
 
DataPoints 69
MomentX Data
0.0000819343
0.0000851195
0.0000882383
0.0000921035
0.000094968
0.0000986363
0.000099383
0.000101935
0.000104906
0.000107574
0.000107972
0.000108028
0.000109964
0.000110647
0.000110204
0.000111976
0.000112386
0.000112993
0.000111918
0.000097855
0.0000990741
0.0000988946
0.0000924818
-0.000174505
-0.000197548
-0.000211629
-0.000211265
-0.000209626
-0.000207997
-0.000208053
-0.000201496
-0.000201184
-0.00019765
-0.000193844
-0.00019202
-0.000194922
-0.000197591
-0.00019996
-0.000201556
-0.000204643
-0.000205878
-0.000207407
-0.000210448
-0.000211042
-0.000212152
-0.00021333
-0.000213539
-0.000213041
-0.000213458
-0.000214116
-0.000213677
-0.000214528
-0.000213138
-0.000198366
-0.000199185
-0.000198405
-0.000196964
0.0000709596
0.0000969294
0.000110889
0.000112842
0.000112301
0.000110139
0.000109577
0.00010672
0.000104015
0.000101464
0.0000975863
0.0000956943
MomentY Data
-0.00000755787
-0.00000802676
-0.00000861486
-0.0000100295
-0.00000727177
-0.00000812213
-0.00000975927
-0.00000955264
-0.00000827312
-0.00000740687
-0.00000925064
-0.0000104825
-0.00000801086
-0.00000728766
-0.0000107447
-0.0000123183
-0.0000100295
-0.0000112375
-0.0000122388
-0.0000100772
-0.0000111262
-0.0000100533
-0.00000903606
-0.00000832876
-0.00000881354
-0.00000968774
-0.00000857512
-0.0000083367
-0.0000101646
-0.00000875791
-0.00000866254
-0.00000860691
-0.00000816186
-0.00000875791
-0.0000078996
-0.00000846386
-0.00000825723
-0.00000751813
-0.00000876586
-0.00000822544
-0.00000785987
-0.00000882149
-0.00000648499
-0.00000616709
-0.00000784397
-0.0000079155
-0.00000762145
-0.00000703335
-0.00000836054
-0.00000936985
-0.000010403
-0.0000093619
-0.00000943343
-0.00000899633
-0.00000902017
-0.00000868638
-0.0000102202
-0.000010101
-0.0000105063
-0.0000106732
-0.0000103871
-0.0000100931
-0.00000889301
-0.00000944932
-0.00000905991
-0.0000105063
-0.0000100374
-0.00000882943
-0.00000990232
Field Data
1000
900.001
800
700.003
599.999
500.001
424.998
349.999
274.998
199.998
174.997
149.999
125.001
99.998
74.9984
49.997
24.9999
0.0000836567
-25.001
-50.0023
-75.0025
-100.004
-124.998
-150.006
-174.996
-200.002
-275
-350.004
-425.004
-499.999
-600
-700.004
-800.007
-900.007
-1000.01
-900.001
-800
-699.998
-600.004
-499.999
-425.001
-349.993
-275.001
-199.997
-174.994
-150.003
-124.998
-100.001
-75.0023
-50.0002
-24.998
0.000790489
25.0035
50.0017
75.0013
100
125.005
149.999
175.004
200.005
275.003
350.005
425.002
500.005
600.008
700.002
799.999
900.005
1000
Time Data
0
13.557
27.129
40.638
54.148
67.689
82.259
96.845
110.355
123.88
137.39
150.884
164.378
177.904
191.46
204.985
218.495
231.974
245.514
259.102
272.674
286.184
300.739
314.28
327.789
341.315
354.871
368.381
382.92
396.445
409.971
423.465
437.037
450.578
464.15
477.644
491.154
504.663
518.204
531.745
545.317
559.841
573.382
586.969
601.54
615.065
628.622
642.131
655.657
669.166
683.721
697.246
710.787
724.375
737.9
751.472
764.982
778.492
792.033
805.527
819.083
832.64
847.163
860.72
874.245
887.771
901.327
914.883
928.409
Temperature Data
0
0
0
0
0
0
0
0
0
0
0
0
0
0
0
0
0
0
0
0
0
0
0
0
0
0
0
0
0
0
0
0
0
0
0
0
0
0
0
0
0
0
0
0
0
0
0
0
0
0
0
0
0
0
0
0
0
0
0
0
0
0
0
0
0
0
0
0
0
Angle Data
0
0
0
0
0
0
0
0
0
0
0
0
0
0
0
0
0
0
0
0
0
0
0
0
0
0
0
0
0
0
0
0
0
0
0
0
0
0
0
0
0
0
0
0
0
0
0
0
0
0
0
0
0
0
0
0
0
0
0
0
0
0
0
0
0
0
0
0
0
Bx Data
0
0
0
0
0
0
0
0
0
0
0
0
0
0
0
0
0
0
0
0
0
0
0
0
0
0
0
0
0
0
0
0
0
0
0
0
0
0
0
0
0
0
0
0
0
0
0
0
0
0
0
0
0
0
0
0
0
0
0
0
0
0
0
0
0
0
0
0
0
Hint Data
0
0
0
0
0
0
0
0
0
0
0
0
0
0
0
0
0
0
0
0
0
0
0
0
0
0
0
0
0
0
0
0
0
0
0
0
0
0
0
0
0
0
0
0
0
0
0
0
0
0
0
0
0
0
0
0
0
0
0
0
0
0
0
0
0
0
0
0
0
Torque Data
-0.00755787
-0.00722409202676
-0.006891888
-0.0070206800885
-0.00436305472823
-0.00406107312213
-0.00414767023146
-0.00334341444736
-0.00227509145376
-0.00148135918626
-0.00161883424808
-0.0015723645175
-0.00100136551086
-0.00072875142468
-0.00080583530848
-0.0006158780451
-0.00025073649705
-9.4009216625E-10
0.0003059822388
0.00050388317756
0.0008344928155
0.0010053702132
0.00112948942788
0.00124936397256
0.00154233424584
0.00193756737548
0.002358158
0.0029178783468
0.0043199956584
0.00437894624209
0.005197524
0.00602487142764
0.00652954513302
0.00788218030537
0.007899678996
0.00761748246386
0.006605784
0.00526267596374
0.00525955106344
0.00411271177456
0.00334045260987
0.00308745974957
0.00178337873499
0.00123339949873
0.00137264768618
0.0011873487465
0.0009526660071
0.00070334203335
0.000627059729242
0.00046849437397
0.000260054194
-7.4004789691E-09
-0.000235868767005
-0.000449831793761
-0.000676524476221
-0.000868638
-0.001277576101
-0.001515139899
-0.0018386445252
-0.002134693366
-0.0028564836613
-0.0035326354655
-0.00377954703602
-0.0047247072466
-0.00543601847928
-0.0073544310126
-0.0080299099626
-0.00794653114715
-0.00990232
dMdH Data
-3.18523185231853E-08
-3.11876881231187E-08
-3.86531595947879E-08
-2.86438542458302E-08
-3.66837336746735E-08
-9.95560177592884E-09
-3.4027120361605E-08
-3.96128051625978E-08
-3.55733333333333E-08
-1.59193632254712E-08
-2.24017921433718E-09
-7.74461956956558E-08
-2.73167219933605E-08
1.77202835245362E-08
-7.08760309422671E-08
-1.64019026207042E-08
-2.4280178368697E-08
4.29981361912651E-08
5.62490750480975E-07
-4.87636098911207E-08
7.17956922584674E-09
2.56573577658638E-07
1.06760556621881E-05
9.22088835534213E-07
5.63104854834839E-07
-4.85346275900671E-09
-2.18521678843795E-08
-2.17200000000001E-08
7.46716447763376E-10
-6.55693443065569E-08
-3.11987520499186E-09
-3.5338939831805E-08
-0.00000003806
-1.82394528164157E-08
-2.90173884350408E-08
-2.66897331026691E-08
-2.36895262094759E-08
-1.59609576574595E-08
-3.08684565771712E-08
-1.64671057894875E-08
-2.03844923208192E-08
-4.05509921058244E-08
-7.91957762252682E-09
-4.43946726392841E-08
-4.71369693089504E-08
-8.35832833433358E-09
1.99223906868827E-08
-1.66808674051053E-08
-2.63177893056986E-08
1.75584548559727E-08
-3.4041646949857E-08
5.559397470056E-08
5.90922546423342E-07
-3.27605241683864E-08
3.12016224843693E-08
5.76284743051391E-08
1.07195166840042E-05
1.03858428314337E-06
5.58361665533379E-07
2.60406944185178E-08
-7.21314098290722E-09
-2.88278197794578E-08
-7.49303361198884E-09
-2.85691429257123E-08
-2.70516230973858E-08
-2.55107653229596E-08
-3.87746735195888E-08
-1.89209460473024E-08
-1.89209460473024E-08
dMdT Data
0
0
0
0
0
0
0
0
0
0
0
0
0
0
0
0
0
0
0
0
0
0
0
0
0
0
0
0
0
0
0
0
0
0
0
0
0
0
0
0
0
0
0
0
0
0
0
0
0
0
0
0
0
0
0
0
0
0
0
0
0
0
0
0
0
0
0
0
0
 
*********************************************** Results ***************************************
 
TotalArea 7.87318955106146E-02
AreaFirstQuad 7.80365196714589E-03
AreaSecondQuad 1.35042109603174E-02
AreaThirdQuad 3.14000860673253E-02
AreaFourthQuad 0.026023946515826
Coercivity 138.519939848992
PositiveCoercivity 143.37933587784
NegativeCoercivity -133.660543820144
Retentivity 1.63760484746685E-04
PositiveRetentivity 1.12992996402918E-04
NegativeRetentivity -2.14527973090453E-04
Magnetization 0.0001637605
PositiveMagnetization 0.000112993
NegativeMagnetization -0.000214528
Flatness 0.40219054185433
Squareness 0.999999906855958
SStar 0.889264724239275
SFD1 -7.15641260108432
SFD2 3.97056193209142
Slope 0
Intercept 0
SlopeAtHc 1.06760556621881E-05
dH1 1129.82578288576
dH2 550.002
InitialSlope -3.18523185231853E-08
FieldAtHalfMs 0
FieldAtMs 0.0000836567
MomentMean -4.90703623188406E-05
MomentRMS 1.54634283520421E-04
SFD3 0.889264724239275
dH3 15.3390437375372
UserField1 0
UserField2 0
CenterField 0
ExchangeField 0
ExchangeMoment 0
ExRegionOneIntercept 0
ExRegionOneSlope 0
ExRegionTwoIntercept 0
ExRegionTwoSlope 0
NegativeIntercept 0
NegativeSlope 0
AutoCenterOffset 0
PinningField 0
PinningMoment 0
PinRegionOneIntercept 0
PinRegionOneSlope 0
PinRegionTwoIntercept 0
PinRegionTwoSlope 0
PositiveIntercept 0
PositiveSlope 0
TotalOffset 0
BHMax 0
BCoercivity 0
BRetentivity 0
BNegativeCoercivity 0
BPositiveCoercivity 0
BNegativeRetentivity 0
BPositiveRetentivity 0
MomentYMean -9.05115391304348E-06
MomentYRMS 1.25115884830497E-06
YOffCorrection 0
Mrt 0
Ms1 0
Ms2 0
Ms3 0
Hc2 0
Hex2 0
HsatValue 0
HsatIntercept 0
HsatSlope 0
CenterH 0
Span .000327521
SpanAsPercentOfRange -21.8347333333333
RMSAsPercentOfRange -10.3089522346947
SpanAsPercentOfMean -667.451766245158
RMSAsPercentOfMean -315.127657944863
