Version 1.25
******************************************** Units *******************************************
System CGS
TemperatureUnit K
MomentUnit emu
AppliedFieldUnit G
 
******************************************** Setup ********************************************
 
Experiment CustomField
Minor False
Acquisition PointByPoint
EditedPoint No
MaxField 1000
FieldIncrement 30.769
Points 69
MinField 0
RampRate 10
AverageTime 6
TimeInterval 0
TimeConstant 1
TimeConstantIndex 2
Sensitivity -0.0015
SensitivityIndex 5
SensitivityY -4
SensitivityIndexY 0
SaturationField 8000
ExperimentTime 414
Use735Domains False
AutoRangeEnabled False
NumberOfVertices 11
VertexPts
0
5
9
25
29
34
39
43
59
63
68
VertexField
1000
500
200
-200
-500
-1000
-500
-200
200
500
1000
StartAngle 0
EndAngle 0
AngleIncrement 0
StartTemp 0
FinishTemp 0
TempIncrement 0
TempPoints 0
LengthofSetPointsArray 69
SetPointArray
1000
900
800
700
600
500
425
350
275
200
175
150
125
100
75
50
25
0
-25
-50
-75
-100
-125
-150
-175
-200
-275
-350
-425
-500
-600
-700
-800
-900
-1000
-900
-800
-700
-600
-500
-425
-350
-275
-200
-175
-150
-125
-100
-75
-50
-25
0
25
50
75
100
125
150
175
200
275
350
425
500
600
700
800
900
1000
FieldDomainFile c:\Ideasvsm\Default UserID\Experiments\Hannah_1kG\fdomain.ini
TempDomainFile c:\Ideasvsm\Default UserID\Experiments\Hannah_1kG\tdomain.ini
NumSelectedResults 0
ResultsSelected 
UserName1 
UserValue1 
UserName2 
UserValue2 
LinearBackgroundCorrection Off
MaxLinearFieldCorrection 
MinLinearFieldCorrection 
AutoLinearCorrection Off
FitOneRegion Off
BackgroundMode Off
BackgroundFilename 
AutoCenter Off
OffsetCorrection 
SmoothDeriv Off
DerivOrder 0
DerivPoints 0
MinExFieldOne 
MaxExFieldOne 
MinExFieldTwo 
MaxExFieldTwo 
MinPinFieldOne 
MaxPinFieldOne 
MinPinFieldTwo 
MaxPinFieldTwo 
HCenterStart 
Mass 
Volume 
Density 
MolarWeight 
NumberOfMoles 
Demagnetization 
SampleArea 
Thickness 
MomentScaling 0
XAxis 0
YAxis 0
SimpleSpinValve False
HsatMax 0
HsatMin 0
FieldAutoRange True
 
*************************************************** Experiment Data ********************************************
 
DataPoints 69
MomentX Data
0.0000980061
0.00010068
0.000103998
0.000106122
0.000109373
0.000111637
0.000113861
0.000116656
0.000117866
0.000119466
0.000120823
0.000119894
0.000121454
0.000123707
0.000123186
0.000123337
0.000124761
0.000123577
0.000123209
0.000105327
0.000103089
0.000103992
-0.000148708
-0.000180608
-0.000200224
-0.00020888
-0.000207117
-0.000204795
-0.000202226
-0.000202108
-0.000198505
-0.000196935
-0.0001926
-0.000191182
-0.00018807
-0.000191863
-0.000193024
-0.00019786
-0.00019916
-0.000201376
-0.000202918
-0.00020487
-0.000206579
-0.000207787
-0.000210014
-0.000211071
-0.00021024
-0.000211996
-0.000212356
-0.000211228
-0.000211963
-0.000212776
-0.000212528
-0.000192774
-0.000192518
-0.000193998
0.0000521564
0.0000906182
0.00011146
0.000119237
0.000119234
0.000117326
0.000116098
0.000113598
0.000110615
0.000108305
0.000105758
0.000102088
0.000099944
MomentY Data
-0.0000074625
-0.00000902017
-0.0000107288
-0.00000924269
-0.00000699361
-0.00000903606
-0.00000742277
-0.00000751019
-0.00000770887
-0.00000723998
-0.0000073274
-0.00000866254
-0.00000696182
-0.0000081857
-0.00000727971
-0.0000078996
-0.00000826518
-0.00000735919
-0.0000077645
-0.00000701745
-0.00000905991
-0.00000757376
-0.00000730356
-0.00000767708
-0.0000070254
-0.00000548363
-0.00000677903
-0.00000706514
-0.00000813802
-0.0000068903
-0.0000070254
-0.00000859102
-0.00000801086
-0.00000964006
-0.00000967185
-0.00000867844
-0.00000813007
-0.0000098149
-0.00000906785
-0.00000847181
-0.00000793139
-0.00000840823
-0.00000772476
-0.00000788371
-0.00000886122
-0.00000810623
-0.00000834465
-0.00000762145
-0.00000940164
-0.00000666777
-0.0000083367
-0.0000089407
-0.00000667572
-0.00000581741
-0.00000603199
-0.00000704924
-0.00000536442
-0.00000844796
-0.00000803471
-0.00000714461
-0.00000955264
-0.00000956059
-0.00000898043
-0.0000118256
-0.00000987848
-0.00000957648
-0.00000865459
-0.00000809034
-0.00000831286
Field Data
1000
900
799.999
700.001
600.002
499.999
425
349.998
275.001
200
175.003
149.999
124.999
99.9996
74.9977
50.0013
25.0006
0.00102322
-25.0024
-50.0027
-75.0037
-99.9991
-125.004
-150.002
-175.001
-200.006
-275.003
-350.007
-425.006
-500.003
-600.002
-700.002
-800.008
-900.005
-1000.01
-900.001
-800.001
-700.002
-599.997
-499.999
-425
-349.998
-274.996
-199.99
-174.999
-149.996
-124.996
-100
-74.9946
-49.9986
-24.9999
0.000327888
25.0015
50.0012
75.0029
100.001
125.002
150.002
174.999
200.001
275.002
350.001
425.006
500.001
600.004
700.005
800.003
900.002
1000.01
Time Data
0
13.541
27.05
40.56
54.07
67.642
81.214
95.753
109.325
122.866
136.392
149.932
163.458
176.999
190.539
204.049
217.606
231.147
244.672
258.213
271.722
285.263
298.835
312.361
325.886
339.442
352.921
366.446
381.001
394.495
408.005
421.546
435.087
448.612
462.168
475.725
489.25
502.729
516.316
529.842
543.414
557.953
571.556
585.097
598.638
612.241
625.751
639.37
652.942
667.466
680.975
694.485
707.995
721.551
735.061
748.602
762.143
775.699
789.303
802.812
816.337
829.832
844.34
857.865
872.435
886.023
899.548
913.089
926.583
Temperature Data
0
0
0
0
0
0
0
0
0
0
0
0
0
0
0
0
0
0
0
0
0
0
0
0
0
0
0
0
0
0
0
0
0
0
0
0
0
0
0
0
0
0
0
0
0
0
0
0
0
0
0
0
0
0
0
0
0
0
0
0
0
0
0
0
0
0
0
0
0
Angle Data
0
0
0
0
0
0
0
0
0
0
0
0
0
0
0
0
0
0
0
0
0
0
0
0
0
0
0
0
0
0
0
0
0
0
0
0
0
0
0
0
0
0
0
0
0
0
0
0
0
0
0
0
0
0
0
0
0
0
0
0
0
0
0
0
0
0
0
0
0
Bx Data
0
0
0
0
0
0
0
0
0
0
0
0
0
0
0
0
0
0
0
0
0
0
0
0
0
0
0
0
0
0
0
0
0
0
0
0
0
0
0
0
0
0
0
0
0
0
0
0
0
0
0
0
0
0
0
0
0
0
0
0
0
0
0
0
0
0
0
0
0
Hint Data
0
0
0
0
0
0
0
0
0
0
0
0
0
0
0
0
0
0
0
0
0
0
0
0
0
0
0
0
0
0
0
0
0
0
0
0
0
0
0
0
0
0
0
0
0
0
0
0
0
0
0
0
0
0
0
0
0
0
0
0
0
0
0
0
0
0
0
0
0
Torque Data
-0.0074625
-0.008118153
-0.0085830292712
-0.00646989224269
-0.00419617998722
-0.00451802096394
-0.00315467725
-0.00262855147962
-0.00211994695887
-0.001447996
-0.0012823169822
-0.00129937233746
-0.00087022053818
-0.00081856672572
-0.000545961506667
-0.00039499026948
-0.000206634459108
-7.5300703918E-09
0.0001941311348
0.000350891447115
0.000679526771667
0.000757369183616
0.00091297421424
0.00115157735416
0.0012294520254
0.00109675890178
0.00186425358709
0.00247284845598
0.00345870732812
0.0034451706709
0.0042152540508
0.00601373118204
0.00640875208688
0.0086761022003
0.0096719467185
0.00781060467844
0.00650406413007
0.0068704496298
0.00544068279645
0.00423589652819
0.00337084075
0.00294286368354
0.00212427810096
0.0015766631629
0.00155070463878
0.00121590207508
0.0010430478714
0.000762145
0.000705072231144
0.000333379165122
0.00020841666633
-2.9315482416E-09
-0.00016690301358
-0.000290877480892
-0.000452416742771
-0.00070493104924
-0.00067056322884
-0.00126721089592
-0.00140606621529
-0.00142892914461
-0.00262699510528
-0.00334621606059
-0.00381673663258
-0.0059128118256
-0.00592712751392
-0.0067035838824
-0.00692369796377
-0.00728132218068
-0.0083129431286
dMdH Data
-0.000000026739
-3.3179668203318E-08
-2.12404248084961E-08
-3.2510325103251E-08
-2.26393208203754E-08
-2.96537287163828E-08
-3.7265672915389E-08
-1.6133978692481E-08
-2.13330488926814E-08
-5.42865143817261E-08
3.7154055351144E-08
-6.24000000000002E-08
-9.01221629319101E-08
2.08384162803623E-08
-6.04086988526317E-09
-5.69584051646556E-08
4.73608017615406E-08
1.47179846840196E-08
7.15271416742999E-07
8.95164193432263E-08
-3.61266473031038E-08
1.01060192202328E-05
1.27610208816705E-06
7.84671386855475E-07
3.4617076584683E-07
-2.35076069709456E-08
-3.09583488880592E-08
-3.42537900505338E-08
-1.5733962691843E-09
-3.6030360303603E-08
-0.0000000157
-4.33473991560506E-08
-1.41804254127623E-08
-3.1118444077796E-08
-3.79265866072052E-08
-1.16100000000001E-08
-4.83604836048361E-08
-1.29993500324984E-08
-2.2160443208864E-08
-2.05602741369888E-08
-2.60259726407295E-08
-2.27860590384255E-08
-1.61053782364077E-08
-8.91120803489263E-08
-4.2274927008759E-08
3.32400000000008E-08
-7.02512401984318E-08
-1.43968902717014E-08
4.51272203552571E-08
-2.94015288795017E-08
-3.2519703565992E-08
9.91953492776314E-09
7.90169482033785E-07
1.02393037273462E-08
-5.92044995419649E-08
9.84578216871325E-06
0.000001538472
8.33772052646317E-07
3.11055115590753E-07
-3.99994666736847E-11
-2.54403392045229E-08
-1.63722418505432E-08
-3.33355557037135E-08
-2.98291051268463E-08
-2.30997690023099E-08
-2.54705094101882E-08
-3.670036700367E-08
-2.1438284937205E-08
-2.1438284937205E-08
dMdT Data
0
0
0
0
0
0
0
0
0
0
0
0
0
0
0
0
0
0
0
0
0
0
0
0
0
0
0
0
0
0
0
0
0
0
0
0
0
0
0
0
0
0
0
0
0
0
0
0
0
0
0
0
0
0
0
0
0
0
0
0
0
0
0
0
0
0
0
0
0
 
*********************************************** Results ***************************************
 
TotalArea 7.56032042564119E-02
AreaFirstQuad 1.55191742783602E-02
AreaSecondQuad 1.18957060671675E-02
AreaThirdQuad 0.027644094379032
AreaFourthQuad 2.05442295318522E-02
Coercivity 114.99693538333
PositiveCoercivity 119.704665658627
NegativeCoercivity -110.289205108033
Retentivity 1.68176487138722E-04
PositiveRetentivity 1.23576984940264E-04
NegativeRetentivity -2.12775989337179E-04
Magnetization 0.0001687685
PositiveMagnetization 0.000124761
NegativeMagnetization -0.000212776
Flatness 0.384603580211234
Squareness 0.996492160200047
SStar 0.855289884519817
SFD1 -8.6188554631568
SFD2 4.67409716796606
Slope 0
Intercept 0
SlopeAtHc 1.01060192202328E-05
dH1 1106.13890015824
dH2 537.50685
InitialSlope -0.000000026739
FieldAtHalfMs 0
FieldAtMs 25.0006
MomentMean -4.24695405797101E-05
MomentRMS 1.57246960975209E-04
SFD3 0.855289884519817
dH3 16.6412197991888
UserField1 0
UserField2 0
CenterField 0
ExchangeField 0
ExchangeMoment 0
ExRegionOneIntercept 0
ExRegionOneSlope 0
ExRegionTwoIntercept 0
ExRegionTwoSlope 0
NegativeIntercept 0
NegativeSlope 0
AutoCenterOffset 0
PinningField 0
PinningMoment 0
PinRegionOneIntercept 0
PinRegionOneSlope 0
PinRegionTwoIntercept 0
PinRegionTwoSlope 0
PositiveIntercept 0
PositiveSlope 0
TotalOffset 0
BHMax 0
BCoercivity 0
BRetentivity 0
BNegativeCoercivity 0
BPositiveCoercivity 0
BNegativeRetentivity 0
BPositiveRetentivity 0
MomentYMean -8.06396144927536E-06
MomentYRMS 1.17750101861362E-06
YOffCorrection 0
Mrt 0
Ms1 0
Ms2 0
Ms3 0
Hc2 0
Hex2 0
HsatValue 0
HsatIntercept 0
HsatSlope 0
CenterH 0
Span .000337537
SpanAsPercentOfRange -22.5024666666667
RMSAsPercentOfRange -10.4831307316806
SpanAsPercentOfMean -794.774314467764
RMSAsPercentOfMean -370.258210540507
