Version 1.25
******************************************** Units *******************************************
System CGS
TemperatureUnit K
MomentUnit emu
AppliedFieldUnit G
 
******************************************** Setup ********************************************
 
Experiment CustomField
Minor False
Acquisition PointByPoint
EditedPoint No
MaxField 1000
FieldIncrement 30.769
Points 69
MinField 0
RampRate 10
AverageTime 6
TimeInterval 0
TimeConstant 1
TimeConstantIndex 2
Sensitivity -0.0015
SensitivityIndex 5
SensitivityY -4
SensitivityIndexY 0
SaturationField 8000
ExperimentTime 414
Use735Domains False
AutoRangeEnabled False
NumberOfVertices 11
VertexPts
0
5
9
25
29
34
39
43
59
63
68
VertexField
1000
500
200
-200
-500
-1000
-500
-200
200
500
1000
StartAngle 0
EndAngle 0
AngleIncrement 0
StartTemp 0
FinishTemp 0
TempIncrement 0
TempPoints 0
LengthofSetPointsArray 69
SetPointArray
1000
900
800
700
600
500
425
350
275
200
175
150
125
100
75
50
25
0
-25
-50
-75
-100
-125
-150
-175
-200
-275
-350
-425
-500
-600
-700
-800
-900
-1000
-900
-800
-700
-600
-500
-425
-350
-275
-200
-175
-150
-125
-100
-75
-50
-25
0
25
50
75
100
125
150
175
200
275
350
425
500
600
700
800
900
1000
FieldDomainFile c:\Ideasvsm\Default UserID\Experiments\Hannah_1kG\fdomain.ini
TempDomainFile c:\Ideasvsm\Default UserID\Experiments\Hannah_1kG\tdomain.ini
NumSelectedResults 0
ResultsSelected 
UserName1 
UserValue1 
UserName2 
UserValue2 
LinearBackgroundCorrection Off
MaxLinearFieldCorrection 
MinLinearFieldCorrection 
AutoLinearCorrection Off
FitOneRegion Off
BackgroundMode Off
BackgroundFilename 
AutoCenter Off
OffsetCorrection 
SmoothDeriv Off
DerivOrder 0
DerivPoints 0
MinExFieldOne 
MaxExFieldOne 
MinExFieldTwo 
MaxExFieldTwo 
MinPinFieldOne 
MaxPinFieldOne 
MinPinFieldTwo 
MaxPinFieldTwo 
HCenterStart 
Mass 
Volume 
Density 
MolarWeight 
NumberOfMoles 
Demagnetization 
SampleArea 
Thickness 
MomentScaling 0
XAxis 0
YAxis 0
SimpleSpinValve False
HsatMax 0
HsatMin 0
FieldAutoRange True
 
*************************************************** Experiment Data ********************************************
 
DataPoints 69
MomentX Data
-0.000128208
-0.000108119
-0.0000930337
-0.0000765719
-0.0000631517
-0.0000502538
-0.0000391126
-0.0000289241
-0.0000192104
-0.0000102686
-0.00000278657
0.00000312944
0.00000925868
0.0000158371
0.0000197347
0.0000262414
0.0000301837
0.0000330548
0.0000359786
0.0000254243
0.0000282701
0.0000327862
0.0000238588
-0.000236474
-0.000257024
-0.000268582
-0.000265897
-0.000263842
-0.000258776
-0.000254808
-0.000249176
-0.00024674
-0.000241266
-0.000236727
-0.000233013
-0.000231852
-0.00023605
-0.000236537
-0.000238559
-0.000238771
-0.000239167
-0.000240393
-0.000240132
-0.000241109
-0.000240505
-0.000240815
-0.000241039
-0.000240328
-0.000238894
-0.000239985
-0.000238259
-0.000237817
-0.000234522
-0.000221203
-0.000221262
-0.000218978
-0.000216711
0.0000519481
0.0000786481
0.0000939381
0.0000963771
0.0000949823
0.0000944631
0.0000903957
0.0000905503
0.0000881917
0.0000850666
0.0000850099
0.0000801416
MomentY Data
-0.00000714461
-0.00000514189
-0.00000623862
-0.00000708103
-0.00000735124
-0.00000860691
-0.00000782013
-0.00000675519
-0.00000839233
-0.00000735124
-0.00000766913
-0.00000685056
-0.00000669956
-0.00000648499
-0.00000685056
-0.00000764529
-0.00000822544
-0.00000682672
-0.00000736713
-0.00000782013
-0.00000598431
-0.00000592073
-0.0000078996
-0.00000576973
-0.00000589689
-0.00000638962
-0.00000634193
-0.00000715256
-0.00000810623
-0.00000714461
-0.00000801881
-0.00000652472
-0.00000797908
-0.00000793934
-0.0000063022
-0.0000076135
-0.00000691414
-0.00000526905
-0.0000071605
-0.00000649293
-0.00000700156
-0.00000649293
-0.00000547568
-0.00000565847
-0.0000051101
-0.00000629425
-0.00000573794
-0.00000689824
-0.00000691414
-0.00000597636
-0.00000577768
-0.00000722408
-0.00000757376
-0.00000589689
-0.00000808239
-0.00000847975
-0.00000819365
-0.00000797113
-0.0000090758
-0.00000960827
-0.00000956059
-0.00000890096
-0.0000101725
-0.0000089248
-0.00000960032
-0.00000785192
-0.0000081857
-0.00000918706
-0.00000940164
Field Data
1000.01
900.001
799.999
700.004
599.997
500.001
424.995
349.998
275.002
199.996
174.998
150
125
99.9992
74.994
50.0021
25.0014
-0.00208503
-25.0025
-49.9999
-74.9983
-99.9973
-125
-149.998
-174.999
-200
-275.002
-350
-424.998
-500.005
-600
-700.001
-800.007
-900.009
-1000.01
-899.997
-800.005
-699.997
-599.999
-499.996
-424.997
-349.997
-274.999
-200
-175.001
-149.997
-124.997
-100.001
-75.0004
-49.9958
-25.0014
0.00216176
25.0013
50.0004
75.0001
100.003
125.005
150
174.998
200.001
274.999
350.003
425.005
500.003
600.003
700.004
800.006
900.007
1000
Time Data
0
13.51
27.051
40.591
54.07
67.58
81.136
95.722
109.232
122.804
136.314
149.839
163.38
176.936
191.491
204.985
218.526
232.067
245.592
259.164
272.705
287.213
300.77
314.28
327.836
341.346
354.855
368.381
382.904
396.43
410.002
423.543
437.068
450.656
464.165
477.737
491.263
504.788
519.312
532.884
546.362
560.87
574.442
587.952
601.462
615.003
628.575
642.116
655.641
669.213
682.785
696.373
709.914
723.423
736.918
750.458
763.952
777.493
791.065
804.591
818.132
831.673
846.212
859.784
873.372
886.928
900.469
914.041
927.629
Temperature Data
0
0
0
0
0
0
0
0
0
0
0
0
0
0
0
0
0
0
0
0
0
0
0
0
0
0
0
0
0
0
0
0
0
0
0
0
0
0
0
0
0
0
0
0
0
0
0
0
0
0
0
0
0
0
0
0
0
0
0
0
0
0
0
0
0
0
0
0
0
Angle Data
0
0
0
0
0
0
0
0
0
0
0
0
0
0
0
0
0
0
0
0
0
0
0
0
0
0
0
0
0
0
0
0
0
0
0
0
0
0
0
0
0
0
0
0
0
0
0
0
0
0
0
0
0
0
0
0
0
0
0
0
0
0
0
0
0
0
0
0
0
Bx Data
0
0
0
0
0
0
0
0
0
0
0
0
0
0
0
0
0
0
0
0
0
0
0
0
0
0
0
0
0
0
0
0
0
0
0
0
0
0
0
0
0
0
0
0
0
0
0
0
0
0
0
0
0
0
0
0
0
0
0
0
0
0
0
0
0
0
0
0
0
Hint Data
0
0
0
0
0
0
0
0
0
0
0
0
0
0
0
0
0
0
0
0
0
0
0
0
0
0
0
0
0
0
0
0
0
0
0
0
0
0
0
0
0
0
0
0
0
0
0
0
0
0
0
0
0
0
0
0
0
0
0
0
0
0
0
0
0
0
0
0
0
Torque Data
-0.0071446814461
-0.00462770614189
-0.00499088976138
-0.00495674932412
-0.00441072194628
-0.00430346360691
-0.00332351614935
-0.00236430298962
-0.00230790753466
-0.00147021859504
-0.00134208241174
-0.001027584
-0.000837445
-0.000648493812008
-0.00051375089664
-0.000382280555109
-0.000205647515616
1.42339160016E-08
0.000184196667825
0.000391005717987
0.000448813076673
0.000592057014029
0.00098745
0.00086544796054
0.00103194985311
0.001277924
0.00174404343386
0.002503396
0.00344513153754
0.00357234072305
0.004811286
0.00456731052472
0.00638331985356
0.00714547745406
0.006302263022
0.0068521271595
0.0055313465707
0.00368831919285
0.0042962928395
0.00324643902828
0.00297564199532
0.00227250602121
0.00150580652432
0.001131694
0.0008942726101
0.00094411861725
0.00071722528618
0.00068983089824
0.000518563265656
0.000298792899288
0.000144450088752
-1.56167271808E-08
-0.000189353845888
-0.000294846858756
-0.000606180058239
-0.00084800043925
-0.00102424721825
-0.0011956695
-0.0015882468484
-0.00192166360827
-0.00262915268941
-0.00311536270288
-0.0043233633625
-0.0044624267744
-0.00576022080096
-0.00549637540768
-0.0065486091142
-0.00826841830942
-0.00940164
dMdH Data
-2.00871921527062E-07
-1.5084998300034E-07
-1.64626231311566E-07
-1.34192606517544E-07
-1.28984159366375E-07
-1.48537450337306E-07
-1.35852100750697E-07
-1.29522907888421E-07
-1.19214462842973E-07
-2.99305144411553E-07
-2.3665933274662E-07
-0.0000002451696
-2.63128379891844E-07
-1.55871578711628E-07
-2.60352354162749E-07
-1.57687584747627E-07
-1.14827992840005E-07
-1.16950058769365E-07
4.22215910454687E-07
-1.13839285714286E-07
-1.80651226049042E-07
3.57057437796718E-07
1.04141451316105E-05
8.21967121315148E-07
4.62301507939682E-07
-3.57990453587903E-08
-2.74007306861515E-08
-6.75484679591459E-08
-5.29017291719443E-08
-5.63228161408069E-08
-2.43597564024357E-08
-5.47367157970524E-08
-4.53890922181555E-08
-3.71396286037138E-08
1.16084908961836E-08
-4.19833586686934E-08
-4.86961043116548E-09
-2.02204044080883E-08
-2.11993640190798E-09
-5.28007040093869E-09
-1.63466666666664E-08
3.48009280247459E-09
-1.30268403578716E-08
2.41609664386585E-08
-1.23980163173893E-08
-8.96000000000013E-09
2.84445511281805E-08
5.73586233930386E-08
-4.36319717172038E-08
6.90554684249268E-08
1.7677481482142E-08
1.31804543355331E-07
5.32779180050482E-07
-2.36002832034014E-09
9.13494034691984E-08
9.06727461803055E-08
1.07485137027405E-05
1.06808544683575E-06
6.11526616805983E-07
3.25208672231259E-08
-1.85963415284518E-08
-6.92248206714488E-09
-5.42334462252327E-08
0.000000001546
-2.35857641423585E-08
-3.12503749925002E-08
-5.66994330056791E-10
-4.86864080485633E-08
-4.86864080485633E-08
dMdT Data
0
0
0
0
0
0
0
0
0
0
0
0
0
0
0
0
0
0
0
0
0
0
0
0
0
0
0
0
0
0
0
0
0
0
0
0
0
0
0
0
0
0
0
0
0
0
0
0
0
0
0
0
0
0
0
0
0
0
0
0
0
0
0
0
0
0
0
0
0
 
*********************************************** Results ***************************************
 
TotalArea -6.81715575501237E-02
AreaFirstQuad -7.31055199643106E-02
AreaSecondQuad 4.04378430728119E-03
AreaThirdQuad 2.42911094457506E-02
AreaFourthQuad -2.34009313388449E-02
Coercivity 145.25719753174
PositiveCoercivity -127.290999376183
NegativeCoercivity 163.223395687296
Retentivity 1.35435799397331E-04
PositiveRetentivity 3.30545605801901E-05
NegativeRetentivity -2.37817038214472E-04
Magnetization 0.00018247955
PositiveMagnetization 0.0000963771
NegativeMagnetization -0.000268582
Flatness 0.781504537374098
Squareness 0.742197136048019
SStar 4.93978188296515
SFD1 -5.93169159798479
SFD2 3.78637795128756
Slope 0
Intercept 0
SlopeAtHc -2.3665933274662E-07
dH1 1006.87809567758
dH2 549.99865
InitialSlope -2.00871921527062E-07
FieldAtHalfMs 0
FieldAtMs 274.999
MomentMean -1.08570767391304E-04
MomentRMS 1.38898167571891E-04
SFD3 4.23054324958575
dH3 -469.259658939905
UserField1 0
UserField2 0
CenterField 0
ExchangeField 0
ExchangeMoment 0
ExRegionOneIntercept 0
ExRegionOneSlope 0
ExRegionTwoIntercept 0
ExRegionTwoSlope 0
NegativeIntercept 0
NegativeSlope 0
AutoCenterOffset 0
PinningField 0
PinningMoment 0
PinRegionOneIntercept 0
PinRegionOneSlope 0
PinRegionTwoIntercept 0
PinRegionTwoSlope 0
PositiveIntercept 0
PositiveSlope 0
TotalOffset 0
BHMax 0
BCoercivity 0
BRetentivity 0
BNegativeCoercivity 0
BPositiveCoercivity 0
BNegativeRetentivity 0
BPositiveRetentivity 0
MomentYMean -7.28074985507246E-06
MomentYRMS 1.19566110529168E-06
YOffCorrection 0
Mrt 0
Ms1 0
Ms2 0
Ms3 0
Hc2 0
Hex2 0
HsatValue 0
HsatIntercept 0
HsatSlope 0
CenterH 0
Span .0003649591
SpanAsPercentOfRange -24.3306066666667
RMSAsPercentOfRange -9.25987783812606
SpanAsPercentOfMean -336.148586557039
RMSAsPercentOfMean -127.933301853972
