Version 1.25
******************************************** Units *******************************************
System CGS
TemperatureUnit K
MomentUnit emu
AppliedFieldUnit G
 
******************************************** Setup ********************************************
 
Experiment CustomField
Minor False
Acquisition PointByPoint
EditedPoint No
MaxField 1000
FieldIncrement 30.769
Points 69
MinField 0
RampRate 10
AverageTime 6
TimeInterval 0
TimeConstant 1
TimeConstantIndex 2
Sensitivity -0.0015
SensitivityIndex 5
SensitivityY -4
SensitivityIndexY 0
SaturationField 8000
ExperimentTime 414
Use735Domains False
AutoRangeEnabled False
NumberOfVertices 11
VertexPts
0
5
9
25
29
34
39
43
59
63
68
VertexField
1000
500
200
-200
-500
-1000
-500
-200
200
500
1000
StartAngle 0
EndAngle 0
AngleIncrement 0
StartTemp 0
FinishTemp 0
TempIncrement 0
TempPoints 0
LengthofSetPointsArray 69
SetPointArray
1000
900
800
700
600
500
425
350
275
200
175
150
125
100
75
50
25
0
-25
-50
-75
-100
-125
-150
-175
-200
-275
-350
-425
-500
-600
-700
-800
-900
-1000
-900
-800
-700
-600
-500
-425
-350
-275
-200
-175
-150
-125
-100
-75
-50
-25
0
25
50
75
100
125
150
175
200
275
350
425
500
600
700
800
900
1000
FieldDomainFile c:\Ideasvsm\Default UserID\Experiments\Hannah_1kG\fdomain.ini
TempDomainFile c:\Ideasvsm\Default UserID\Experiments\Hannah_1kG\tdomain.ini
NumSelectedResults 0
ResultsSelected 
UserName1 
UserValue1 
UserName2 
UserValue2 
LinearBackgroundCorrection Off
MaxLinearFieldCorrection 
MinLinearFieldCorrection 
AutoLinearCorrection Off
FitOneRegion Off
BackgroundMode Off
BackgroundFilename 
AutoCenter Off
OffsetCorrection 
SmoothDeriv Off
DerivOrder 0
DerivPoints 0
MinExFieldOne 
MaxExFieldOne 
MinExFieldTwo 
MaxExFieldTwo 
MinPinFieldOne 
MaxPinFieldOne 
MinPinFieldTwo 
MaxPinFieldTwo 
HCenterStart 
Mass 
Volume 
Density 
MolarWeight 
NumberOfMoles 
Demagnetization 
SampleArea 
Thickness 
MomentScaling 0
XAxis 0
YAxis 0
SimpleSpinValve False
HsatMax 0
HsatMin 0
FieldAutoRange True
 
*************************************************** Experiment Data ********************************************
 
DataPoints 69
MomentX Data
0.0000862535
0.0000885851
0.0000921723
0.0000940388
0.0000984058
0.000102719
0.000102389
0.00010509
0.000107231
0.000110044
0.000111059
0.000111582
0.000112816
0.00011246
0.000113839
0.000113772
0.000116185
0.000114737
0.000114906
0.0000962735
0.0000958801
0.0000959562
-0.000155175
-0.000188752
-0.000209045
-0.000215509
-0.000214733
-0.000212579
-0.000210204
-0.00020699
-0.000203422
-0.000201327
-0.000199232
-0.000196759
-0.00019287
-0.000195923
-0.000198033
-0.000202156
-0.000204557
-0.000206489
-0.000208604
-0.000210007
-0.000209438
-0.00021243
-0.000214139
-0.000214358
-0.000215445
-0.000214523
-0.000216504
-0.000216472
-0.000217643
-0.000216682
-0.000216663
-0.000195794
-0.000196143
-0.000196026
0.000050462
0.0000860768
0.000107519
0.000116916
0.000115714
0.00011439
0.000111376
0.000110919
0.000109476
0.000104478
0.00010382
0.00010046
0.0000973558
MomentY Data
-0.00000712077
-0.00000772476
-0.00000785192
-0.00000720819
-0.00000552336
-0.00000567436
-0.00000663598
-0.00000650883
-0.00000703335
-0.0000074625
-0.00000588894
-0.00000926654
-0.00000610352
-0.00000695388
-0.00000770887
-0.00000708103
-0.00000709693
-0.00000685056
-0.00000751019
-0.00000735919
-0.00000770887
-0.00000793139
-0.00000662804
-0.00000789165
-0.00000685056
-0.00000511805
-0.00000677903
-0.00000553926
-0.00000623862
-0.00000505447
-0.00000662804
-0.00000738303
-0.0000077645
-0.00000681082
-0.00000782013
-0.00000634193
-0.00000665188
-0.00000727177
-0.00000650883
-0.00000475248
-0.0000058651
-0.0000062863
-0.00000523726
-0.00000582536
-0.0000067393
-0.00000650088
-0.00000538031
-0.0000055631
-0.00000563463
-0.00000721614
-0.00000498295
-0.00000701745
-0.00000595252
-0.00000616709
-0.00000677903
-0.00000572205
-0.00000663598
-0.00000688235
-0.00000639757
-0.00000619094
-0.00000664393
-0.0000076135
-0.00000745455
-0.00000654856
-0.00000863075
-0.00000680288
-0.00000659625
-0.00000779629
-0.00000716845
Field Data
1000
899.999
799.999
699.998
599.992
499.988
424.997
349.99
274.995
199.996
174.995
149.995
124.998
99.9968
74.9972
49.9959
24.9927
-0.00586421
-25.0022
-50.0074
-75.0038
-100.005
-125.006
-150.005
-175.005
-200.003
-275.004
-350.008
-425.009
-500.01
-600.009
-700.01
-800.01
-900.014
-1000.01
-899.999
-799.999
-699.997
-599.995
-499.998
-424.998
-350.003
-274.999
-199.994
-174.997
-149.994
-124.999
-99.9965
-74.9987
-49.9951
-24.9973
0.00153429
25.0014
49.9999
75.0004
100.002
125
150.001
175.001
200.002
275.004
350.004
425.004
500.004
600.004
700.003
800.003
900.004
1000.01
Time Data
0
13.557
27.098
40.607
54.133
67.674
81.183
95.722
109.248
122.789
136.298
149.839
163.349
176.937
190.477
204.018
217.575
231.131
244.688
258.182
271.707
285.248
298.82
312.314
325.871
339.412
352.937
366.447
381.017
394.574
408.083
422.669
436.163
449.689
463.198
476.739
490.265
503.774
517.284
530.825
544.35
558.921
573.491
587.048
600.526
614.051
627.639
641.211
654.799
668.309
681.881
695.437
708.994
722.519
736.075
749.632
763.22
776.792
790.333
803.858
817.352
830.877
845.416
858.942
872.483
885.992
899.486
913.012
926.537
Temperature Data
0
0
0
0
0
0
0
0
0
0
0
0
0
0
0
0
0
0
0
0
0
0
0
0
0
0
0
0
0
0
0
0
0
0
0
0
0
0
0
0
0
0
0
0
0
0
0
0
0
0
0
0
0
0
0
0
0
0
0
0
0
0
0
0
0
0
0
0
0
Angle Data
0
0
0
0
0
0
0
0
0
0
0
0
0
0
0
0
0
0
0
0
0
0
0
0
0
0
0
0
0
0
0
0
0
0
0
0
0
0
0
0
0
0
0
0
0
0
0
0
0
0
0
0
0
0
0
0
0
0
0
0
0
0
0
0
0
0
0
0
0
Bx Data
0
0
0
0
0
0
0
0
0
0
0
0
0
0
0
0
0
0
0
0
0
0
0
0
0
0
0
0
0
0
0
0
0
0
0
0
0
0
0
0
0
0
0
0
0
0
0
0
0
0
0
0
0
0
0
0
0
0
0
0
0
0
0
0
0
0
0
0
0
Hint Data
0
0
0
0
0
0
0
0
0
0
0
0
0
0
0
0
0
0
0
0
0
0
0
0
0
0
0
0
0
0
0
0
0
0
0
0
0
0
0
0
0
0
0
0
0
0
0
0
0
0
0
0
0
0
0
0
0
0
0
0
0
0
0
0
0
0
0
0
0
Torque Data
-0.00712077
-0.00695227627524
-0.00628152814808
-0.00504571858362
-0.00331397181312
-0.00283711190768
-0.00282027159206
-0.0022780254117
-0.00193413608325
-0.00149247015
-0.0010305350553
-0.0013899346673
-0.00076292779296
-0.000695365747584
-0.000578143665164
-0.000354022467777
-0.000177371442411
4.01731224576E-08
0.000187771272418
0.000368013958006
0.000578194543706
0.00079317865695
0.00082854476824
0.00118378695825
0.0011988822528
0.00102362535415
0.00186426036612
0.00193878531408
0.00265146964758
0.0025272855447
0.00397688365236
0.0051681948303
0.006211677645
0.00612983335148
0.0078202082013
0.00570773065807
0.00532149734812
0.00509021718469
0.00390526545585
0.00237623049504
0.0024926557698
0.0022002238589
0.00144024126274
0.00116503704784
0.0011793572821
0.00097509299472
0.00067253336969
0.00055629052915
0.000422589924981
0.000360771640914
0.000124560296035
-1.07668033605E-08
-0.000148821333528
-0.000308353883291
-0.000508429961612
-0.0005722164441
-0.0008294975
-0.00103235938235
-0.00111958114757
-0.00123820038188
-0.00182710732572
-0.002664755454
-0.0031682135682
-0.00327430619424
-0.005178484523
-0.00476203640864
-0.00527701978875
-0.00701669218516
-0.0071685216845
dMdH Data
-2.33157668423316E-08
-3.58720000000001E-08
-1.86648133518664E-08
-4.36673799572026E-08
-4.31302747890084E-08
4.40052806336768E-09
-3.60099724025758E-08
-2.85485699046604E-08
-3.75071667622235E-08
-4.0598376064957E-08
-2.09200000000003E-08
-4.93659239108691E-08
1.42393165128072E-08
-5.51608825741213E-08
2.6798606472468E-09
-9.65076470211815E-08
5.79233266293258E-08
-6.76099094762579E-09
7.45145009837954E-07
1.57382663103485E-08
-3.04385389501294E-09
1.00448462061518E-05
1.34313372534902E-06
8.11719999999999E-07
2.58580686454918E-07
-1.03465287129508E-08
-2.87184683483545E-08
-3.16662444500742E-08
-4.28527619631738E-08
-3.56803568035679E-08
-2.0949790502095E-08
-0.00000002095
-2.47290108395666E-08
-3.88915556622265E-08
-3.05266420693725E-08
-2.10999999999999E-08
-4.12291754164917E-08
-2.40095198096037E-08
-1.93205796173886E-08
-2.82000000000002E-08
-1.87079138609241E-08
7.58626206602334E-09
-3.98906739550697E-08
-6.83682041845019E-08
-8.75894892612909E-09
-4.34886977395484E-08
3.68763123687638E-08
-7.92469737336894E-08
1.2798157065389E-09
-4.68441222827611E-08
3.84417924792767E-08
7.60004082437969E-10
8.34810088605316E-07
-1.39597208055836E-08
4.67970049916802E-09
9.86030882470598E-06
1.42453501859926E-06
0.000000857688
3.75864965401384E-07
-1.60262393002854E-08
-1.76533333333334E-08
-4.01866666666666E-08
-6.09333333333332E-09
-1.44300000000001E-08
-4.9980499804998E-08
-6.57999999999993E-09
-3.35996640033601E-08
-3.10401375917445E-08
-3.10401375917445E-08
dMdT Data
0
0
0
0
0
0
0
0
0
0
0
0
0
0
0
0
0
0
0
0
0
0
0
0
0
0
0
0
0
0
0
0
0
0
0
0
0
0
0
0
0
0
0
0
0
0
0
0
0
0
0
0
0
0
0
0
0
0
0
0
0
0
0
0
0
0
0
0
0
 
*********************************************** Results ***************************************
 
TotalArea 0.06598114643015
AreaFirstQuad 7.14546990989748E-03
AreaSecondQuad 1.10519059208258E-02
AreaThirdQuad 2.69079140179594E-02
AreaFourthQuad 2.08758565814673E-02
Coercivity 114.720044900462
PositiveCoercivity 119.882310392392
NegativeCoercivity -109.557779408532
Retentivity 1.65709699327705E-04
PositiveRetentivity 1.14737339674551E-04
NegativeRetentivity -2.16682058980858E-04
Magnetization 0.0001672795
PositiveMagnetization 0.000116916
NegativeMagnetization -0.000217643
Flatness 0.421194455894934
Squareness 0.990615702029863
SStar 0.856197866570036
SFD1 -8.63601028544499
SFD2 4.68537909365684
Slope 0
Intercept 0
SlopeAtHc 1.00448462061518E-05
dH1 1105.44353260757
dH2 537.5069
InitialSlope -2.33157668423316E-08
FieldAtHalfMs 0
FieldAtMs 200.002
MomentMean -4.86850594202898E-05
MomentRMS 1.56120205296317E-04
SFD3 0.856197866570036
dH3 16.4969872038677
UserField1 0
UserField2 0
CenterField 0
ExchangeField 0
ExchangeMoment 0
ExRegionOneIntercept 0
ExRegionOneSlope 0
ExRegionTwoIntercept 0
ExRegionTwoSlope 0
NegativeIntercept 0
NegativeSlope 0
AutoCenterOffset 0
PinningField 0
PinningMoment 0
PinRegionOneIntercept 0
PinRegionOneSlope 0
PinRegionTwoIntercept 0
PinRegionTwoSlope 0
PositiveIntercept 0
PositiveSlope 0
TotalOffset 0
BHMax 0
BCoercivity 0
BRetentivity 0
BNegativeCoercivity 0
BPositiveCoercivity 0
BNegativeRetentivity 0
BPositiveRetentivity 0
MomentYMean -6.70244188405797E-06
MomentYRMS 8.91879846870503E-07
YOffCorrection 0
Mrt 0
Ms1 0
Ms2 0
Ms3 0
Hc2 0
Hex2 0
HsatValue 0
HsatIntercept 0
HsatSlope 0
CenterH 0
Span .000334559
SpanAsPercentOfRange -22.3039333333333
RMSAsPercentOfRange -10.4080136864211
SpanAsPercentOfMean -687.190287911141
RMSAsPercentOfMean -320.673749103514
