Version 1.25
******************************************** Units *******************************************
System CGS
TemperatureUnit K
MomentUnit emu
AppliedFieldUnit G
 
******************************************** Setup ********************************************
 
Experiment CustomField
Minor False
Acquisition PointByPoint
EditedPoint No
MaxField 1000
FieldIncrement 30.769
Points 69
MinField 0
RampRate 10
AverageTime 6
TimeInterval 0
TimeConstant 1
TimeConstantIndex 2
Sensitivity -0.0015
SensitivityIndex 5
SensitivityY -4
SensitivityIndexY 0
SaturationField 8000
ExperimentTime 414
Use735Domains False
AutoRangeEnabled False
NumberOfVertices 11
VertexPts
0
5
9
25
29
34
39
43
59
63
68
VertexField
1000
500
200
-200
-500
-1000
-500
-200
200
500
1000
StartAngle 0
EndAngle 0
AngleIncrement 0
StartTemp 0
FinishTemp 0
TempIncrement 0
TempPoints 0
LengthofSetPointsArray 69
SetPointArray
1000
900
800
700
600
500
425
350
275
200
175
150
125
100
75
50
25
0
-25
-50
-75
-100
-125
-150
-175
-200
-275
-350
-425
-500
-600
-700
-800
-900
-1000
-900
-800
-700
-600
-500
-425
-350
-275
-200
-175
-150
-125
-100
-75
-50
-25
0
25
50
75
100
125
150
175
200
275
350
425
500
600
700
800
900
1000
FieldDomainFile c:\Ideasvsm\Default UserID\Experiments\Hannah_1kG\fdomain.ini
TempDomainFile c:\Ideasvsm\Default UserID\Experiments\Hannah_1kG\tdomain.ini
NumSelectedResults 0
ResultsSelected 
UserName1 
UserValue1 
UserName2 
UserValue2 
LinearBackgroundCorrection Off
MaxLinearFieldCorrection 
MinLinearFieldCorrection 
AutoLinearCorrection Off
FitOneRegion Off
BackgroundMode Off
BackgroundFilename 
AutoCenter Off
OffsetCorrection 
SmoothDeriv Off
DerivOrder 0
DerivPoints 0
MinExFieldOne 
MaxExFieldOne 
MinExFieldTwo 
MaxExFieldTwo 
MinPinFieldOne 
MaxPinFieldOne 
MinPinFieldTwo 
MaxPinFieldTwo 
HCenterStart 
Mass 
Volume 
Density 
MolarWeight 
NumberOfMoles 
Demagnetization 
SampleArea 
Thickness 
MomentScaling 0
XAxis 0
YAxis 0
SimpleSpinValve False
HsatMax 0
HsatMin 0
FieldAutoRange True
 
*************************************************** Experiment Data ********************************************
 
DataPoints 69
MomentX Data
0.0000967437
0.0000992164
0.000102639
0.000104832
0.000107564
0.000109893
0.000112424
0.000114326
0.000115047
0.000116755
0.000119058
0.000118683
0.000119139
0.000120735
0.000120915
0.000120454
0.00012057
0.000123422
0.000118746
0.000105216
0.0001057
0.000105541
0.000103043
-0.000165517
-0.000188882
-0.000204099
-0.000204079
-0.000202766
-0.000200723
-0.000198028
-0.000196662
-0.000193469
-0.000191466
-0.000187952
-0.000186086
-0.000188059
-0.000190932
-0.000193154
-0.000196819
-0.000199397
-0.000200593
-0.000202323
-0.000204059
-0.000205191
-0.000206898
-0.000207568
-0.000207388
-0.00020853
-0.000210451
-0.000209484
-0.000209487
-0.000209444
-0.000208077
-0.00019489
-0.000195169
-0.000193487
-0.000193376
0.000071834
0.0000997342
0.000114975
0.000118333
0.000114532
0.000113593
0.000112281
0.00010957
0.000106718
0.000103929
0.000101497
0.0000988756
MomentY Data
-0.00000905991
-0.00000883738
-0.00000723998
-0.00000681082
-0.00000906785
-0.00000867844
-0.00000944138
-0.00000804265
-0.00000900428
-0.00000827312
-0.00000615915
-0.00000878175
-0.00000867844
-0.0000077486
-0.00000728766
-0.00000960827
-0.00000874201
-0.00000902017
-0.00000789165
-0.0000093619
-0.00000930627
-0.0000110308
-0.0000113169
-0.00000779629
-0.00000887712
-0.0000106732
-0.0000106494
-0.00000847181
-0.0000104189
-0.00000900428
-0.0000121117
-0.00000948111
-0.00000982285
-0.0000108242
-0.0000093778
-0.0000110547
-0.0000112375
-0.0000130812
-0.00000944138
-0.00000874996
-0.00000873407
-0.0000101487
-0.00000944138
-0.00000890096
-0.00000979106
-0.00000960827
-0.00000930627
-0.0000100533
-0.00000964006
-0.0000103712
-0.0000101407
-0.00000805855
-0.00000766913
-0.00000836849
-0.00000813007
-0.00000824928
-0.00000790755
-0.00000890096
-0.00000657241
-0.00000854333
-0.00000840823
-0.00000882149
-0.00000940164
-0.00000789165
-0.00000767708
-0.00000766913
-0.0000082016
-0.00000733534
-0.00000615915
Field Data
1000.01
900.002
800.002
699.999
600.001
500.001
424.995
350.003
274.999
199.999
174.998
149.999
125.001
99.9989
74.9986
49.9981
24.9996
0.00017221
-25.0027
-50
-75.0006
-100.002
-125
-150.002
-174.997
-199.998
-275.001
-350.001
-425.005
-500.003
-600.003
-700.003
-800.009
-900.008
-1000
-900.004
-799.998
-700.003
-600.001
-499.997
-424.996
-349.999
-274.996
-199.996
-175.002
-149.996
-125
-99.9957
-75.0015
-49.9942
-24.9978
0.00449053
24.998
50.0029
75.0014
99.9992
124.999
149.998
175.001
200.006
275.002
350.004
425.007
500.001
600.002
700.002
800.004
900
1000
Time Data
0
13.51
27.02
40.545
55.069
68.578
83.133
97.657
111.213
124.723
138.248
151.758
165.283
178.84
192.365
206.889
220.43
233.955
247.465
261.037
274.578
288.134
301.644
315.169
328.663
342.235
355.745
369.255
383.778
397.288
410.844
424.354
437.864
451.436
464.961
478.518
492.059
505.599
520.186
533.711
547.221
561.76
575.254
588.764
602.273
615.799
629.339
642.834
656.343
669.853
683.425
696.966
710.46
723.97
737.479
750.973
764.452
777.977
791.518
805.09
818.584
832.156
846.727
860.268
873.793
887.287
900.812
914.306
927.816
Temperature Data
0
0
0
0
0
0
0
0
0
0
0
0
0
0
0
0
0
0
0
0
0
0
0
0
0
0
0
0
0
0
0
0
0
0
0
0
0
0
0
0
0
0
0
0
0
0
0
0
0
0
0
0
0
0
0
0
0
0
0
0
0
0
0
0
0
0
0
0
0
Angle Data
0
0
0
0
0
0
0
0
0
0
0
0
0
0
0
0
0
0
0
0
0
0
0
0
0
0
0
0
0
0
0
0
0
0
0
0
0
0
0
0
0
0
0
0
0
0
0
0
0
0
0
0
0
0
0
0
0
0
0
0
0
0
0
0
0
0
0
0
0
Bx Data
0
0
0
0
0
0
0
0
0
0
0
0
0
0
0
0
0
0
0
0
0
0
0
0
0
0
0
0
0
0
0
0
0
0
0
0
0
0
0
0
0
0
0
0
0
0
0
0
0
0
0
0
0
0
0
0
0
0
0
0
0
0
0
0
0
0
0
0
0
Hint Data
0
0
0
0
0
0
0
0
0
0
0
0
0
0
0
0
0
0
0
0
0
0
0
0
0
0
0
0
0
0
0
0
0
0
0
0
0
0
0
0
0
0
0
0
0
0
0
0
0
0
0
0
0
0
0
0
0
0
0
0
0
0
0
0
0
0
0
0
0
Torque Data
-0.0090600005991
-0.00795365967476
-0.00579199847996
-0.00476756718918
-0.00544071906785
-0.00433922867844
-0.0040125392931
-0.00281495162795
-0.00247616799572
-0.00165461572688
-0.0010778389317
-0.00131725371825
-0.00108481367844
-0.00077485147654
-0.000546564297276
-0.000480395244287
-0.000218546753196
-1.5533634757E-09
0.000197312557455
0.000468095
0.000697975833762
0.0011031020616
0.0014146125
0.00116945909258
0.00155346936864
0.0021346186536
0.0029285956494
0.00296514197181
0.0044280845945
0.00450216701284
0.0072670563351
0.00663680544333
0.00785836840565
0.0097418665936
0.0093778
0.0099492742188
0.008989977525
0.0091568792436
0.00566483744138
0.00437495375012
0.00371194481372
0.0035520348513
0.00259634173448
0.00178015639616
0.00171345508212
0.00144120206692
0.00116328375
0.00100528677081
0.00072301896009
0.00051849984704
0.00025349519046
-3.61871605315E-08
-0.00019171291174
-0.000418448768621
-0.000609766632098
-0.000824921400576
-0.00098843584245
-0.00133512619808
-0.00115017832241
-0.00170871725998
-0.00231228006646
-0.00308755678596
-0.00399576281148
-0.00394583289165
-0.00460626335416
-0.00536840633826
-0.0065613128064
-0.006601806
-0.00615915
dMdH Data
-2.47250219982401E-08
-3.42260000000001E-08
-2.19293421197364E-08
-2.73205464109282E-08
-0.00000002329
-3.37439671492948E-08
-2.53627053552378E-08
-9.6128206495653E-09
-2.27733333333334E-08
-9.21163153473859E-08
1.50006000240008E-08
-1.82414593167452E-08
-6.38346378904173E-08
-7.19991360103685E-09
1.84396312073762E-08
-4.64027841670542E-09
-1.14082611168438E-07
1.87018513742186E-07
5.41258455913239E-07
-1.93595353711507E-08
6.3596438599437E-09
9.99279942395392E-08
1.07415406767459E-05
9.34786957391478E-07
6.0865565377385E-07
-2.66656000426873E-10
-1.75066666666666E-08
-2.72385472774784E-08
-3.5934291581109E-08
-1.36599999999999E-08
-3.19300000000002E-08
-2.00287982721036E-08
-3.51403514035141E-08
-1.86614929194336E-08
-1.97307892315693E-08
-2.87282763034218E-08
-2.22211110555527E-08
-3.66492670146597E-08
-2.57789688412465E-08
-1.59464540472793E-08
-2.30675893702415E-08
-2.31457408370333E-08
-1.50933333333332E-08
-6.82963911338728E-08
-2.67935695433087E-08
7.20115218434902E-09
-4.56721443911651E-08
-7.68578310167958E-08
3.86687087370496E-08
-1.20017282489484E-10
1.7198424259731E-09
5.46941997737784E-08
5.27376634179701E-07
-1.11606696401785E-08
6.72859211610623E-08
4.4400355202836E-09
1.06088243529741E-05
1.11587409510859E-06
6.09510097980404E-07
4.47757213718064E-08
-5.06786485693715E-08
-1.25194992200312E-08
-1.74947329119662E-08
-2.71097289027111E-08
-2.85199999999999E-08
-2.78894422111558E-08
-2.43209728389136E-08
-2.62139999999999E-08
-2.62139999999999E-08
dMdT Data
0
0
0
0
0
0
0
0
0
0
0
0
0
0
0
0
0
0
0
0
0
0
0
0
0
0
0
0
0
0
0
0
0
0
0
0
0
0
0
0
0
0
0
0
0
0
0
0
0
0
0
0
0
0
0
0
0
0
0
0
0
0
0
0
0
0
0
0
0
 
*********************************************** Results ***************************************
 
TotalArea 8.86902581093487E-02
AreaFirstQuad 1.71631430503366E-02
AreaSecondQuad 1.44463563976262E-02
AreaThirdQuad 0.031600430010819
AreaFourthQuad 2.54803286505669E-02
Coercivity 138.909894304578
PositiveCoercivity 143.226844440255
NegativeCoercivity -134.592944168901
Retentivity 1.66432987758273E-04
PositiveRetentivity 1.23421967793542E-04
NegativeRetentivity -2.09444007723004E-04
Magnetization 0.0001669365
PositiveMagnetization 0.000123422
NegativeMagnetization -0.000210451
Flatness 0.368374861513565
Squareness 0.996983809761633
SStar 0.888457685634902
SFD1 -7.13994832445065
SFD2 3.95940838306343
Slope 0
Intercept 0
SlopeAtHc 1.07415406767459E-05
dH1 1130.71936139416
dH2 550.001
InitialSlope -2.47250219982401E-08
FieldAtHalfMs 0
FieldAtMs 0.00017221
MomentMean -4.21445086956522E-05
MomentRMS 0.000155697049086
SFD3 0.888457685634902
dH3 15.4943310989438
UserField1 0
UserField2 0
CenterField 0
ExchangeField 0
ExchangeMoment 0
ExRegionOneIntercept 0
ExRegionOneSlope 0
ExRegionTwoIntercept 0
ExRegionTwoSlope 0
NegativeIntercept 0
NegativeSlope 0
AutoCenterOffset 0
PinningField 0
PinningMoment 0
PinRegionOneIntercept 0
PinRegionOneSlope 0
PinRegionTwoIntercept 0
PinRegionTwoSlope 0
PositiveIntercept 0
PositiveSlope 0
TotalOffset 0
BHMax 0
BCoercivity 0
BRetentivity 0
BNegativeCoercivity 0
BPositiveCoercivity 0
BNegativeRetentivity 0
BPositiveRetentivity 0
MomentYMean -8.99367869565217E-06
MomentYRMS 1.32335156263969E-06
YOffCorrection 0
Mrt 0
Ms1 0
Ms2 0
Ms3 0
Hc2 0
Hex2 0
HsatValue 0
HsatIntercept 0
HsatSlope 0
CenterH 0
Span .000333873
SpanAsPercentOfRange -22.2582
RMSAsPercentOfRange -10.3798032724
SpanAsPercentOfMean -792.20997072495
RMSAsPercentOfMean -369.436146973193
