Version 1.25
******************************************** Units *******************************************
System CGS
TemperatureUnit K
MomentUnit emu
AppliedFieldUnit G
 
******************************************** Setup ********************************************
 
Experiment CustomField
Minor False
Acquisition PointByPoint
EditedPoint No
MaxField 1000
FieldIncrement 30.769
Points 69
MinField 0
RampRate 10
AverageTime 6
TimeInterval 0
TimeConstant 1
TimeConstantIndex 2
Sensitivity -0.0015
SensitivityIndex 5
SensitivityY -4
SensitivityIndexY 0
SaturationField 8000
ExperimentTime 414
Use735Domains False
AutoRangeEnabled False
NumberOfVertices 11
VertexPts
0
5
9
25
29
34
39
43
59
63
68
VertexField
1000
500
200
-200
-500
-1000
-500
-200
200
500
1000
StartAngle 0
EndAngle 0
AngleIncrement 0
StartTemp 0
FinishTemp 0
TempIncrement 0
TempPoints 0
LengthofSetPointsArray 69
SetPointArray
1000
900
800
700
600
500
425
350
275
200
175
150
125
100
75
50
25
0
-25
-50
-75
-100
-125
-150
-175
-200
-275
-350
-425
-500
-600
-700
-800
-900
-1000
-900
-800
-700
-600
-500
-425
-350
-275
-200
-175
-150
-125
-100
-75
-50
-25
0
25
50
75
100
125
150
175
200
275
350
425
500
600
700
800
900
1000
FieldDomainFile c:\Ideasvsm\Default UserID\Experiments\Hannah_1kG\fdomain.ini
TempDomainFile c:\Ideasvsm\Default UserID\Experiments\Hannah_1kG\tdomain.ini
NumSelectedResults 0
ResultsSelected 
UserName1 
UserValue1 
UserName2 
UserValue2 
LinearBackgroundCorrection Off
MaxLinearFieldCorrection 
MinLinearFieldCorrection 
AutoLinearCorrection Off
FitOneRegion Off
BackgroundMode Off
BackgroundFilename 
AutoCenter Off
OffsetCorrection 
SmoothDeriv Off
DerivOrder 0
DerivPoints 0
MinExFieldOne 
MaxExFieldOne 
MinExFieldTwo 
MaxExFieldTwo 
MinPinFieldOne 
MaxPinFieldOne 
MinPinFieldTwo 
MaxPinFieldTwo 
HCenterStart 
Mass 
Volume 
Density 
MolarWeight 
NumberOfMoles 
Demagnetization 
SampleArea 
Thickness 
MomentScaling 0
XAxis 0
YAxis 0
SimpleSpinValve False
HsatMax 0
HsatMin 0
FieldAutoRange True
 
*************************************************** Experiment Data ********************************************
 
DataPoints 69
MomentX Data
0.000187888
0.000190378
0.000193917
0.000198193
0.000198245
0.000202931
0.000206026
0.000206909
0.000209668
0.000212306
0.000212547
0.000214196
0.000214759
0.000215349
0.000215714
0.000216492
0.000216372
0.000216853
0.000216945
0.00019821
0.000198626
-0.0000143247
-0.0000647252
-0.0000918766
-0.000115265
-0.000121887
-0.000121855
-0.000118119
-0.000118111
-0.000113725
-0.00011096
-0.000108292
-0.000103366
-0.00010087
-0.0000987391
-0.0000996113
-0.000104999
-0.000107177
-0.000108808
-0.000110664
-0.000112619
-0.000115294
-0.000117951
-0.0001196
-0.000119498
-0.000119999
-0.000120302
-0.000120702
-0.000120135
-0.000121091
-0.000122347
-0.00012118
-0.000119064
-0.0000994312
-0.000100073
0.000102104
0.000158334
0.000190161
0.000212952
0.000221733
0.000219989
0.000219246
0.000217469
0.000214995
0.000213501
0.000209467
0.000207498
0.000203176
0.000202441
MomentY Data
-0.00000693798
-0.00000871023
-0.00000771681
-0.00000921885
-0.00000842412
-0.00000812213
-0.00000878175
-0.00000620683
-0.00000685056
-0.00000699361
-0.00000671546
-0.00000551542
-0.00000583331
-0.0000061353
-0.00000621478
-0.00000620683
-0.00000570615
-0.00000699361
-0.00000721614
-0.00000596841
-0.0000044028
-0.00000424385
-0.00000341733
-0.00000461737
-0.00000283718
-0.00000203451
-0.00000251134
-0.00000374317
-0.00000374317
-0.00000374317
-0.00000514984
-0.00000554721
-0.00000513395
-0.00000477632
-0.00000433922
-0.0000049909
-0.00000479221
-0.00000349681
-0.00000338554
-0.0000058651
-0.00000375112
-0.00000410875
-0.00000418822
-0.00000627041
-0.00000310739
-0.00000522931
-0.00000437101
-0.00000507037
-0.00000634193
-0.00000596841
-0.00000360012
-0.00000371933
-0.00000506242
-0.00000245571
-0.00000458558
-0.00000638962
-0.00000682672
-0.00000704924
-0.00000500679
-0.00000398159
-0.00000644525
-0.00000748634
-0.00000590483
-0.00000596046
-0.00000682672
-0.00000596046
-0.00000456969
-0.00000553926
-0.00000701745
Field Data
1000.01
900.001
799.999
699.996
600
499.996
424.997
349.997
274.998
200.003
175.001
149.998
125.001
99.9985
75
50.0005
25.0002
-0.00270858
-25.0013
-50.0038
-75.0035
-100.002
-124.998
-150
-175
-200.004
-275.001
-350
-425.005
-500.004
-600.004
-700.005
-800.003
-900.005
-1000.01
-900.003
-800.001
-700.001
-599.999
-500.002
-424.999
-349.997
-274.991
-199.999
-174.998
-149.998
-124.997
-99.9975
-74.9974
-49.9972
-24.9989
0.00199056
25.0016
50.0017
74.9983
99.9998
125.002
150.002
175.002
199.999
275.003
350.003
425.002
500.002
600.006
700.007
800
900.002
1000.01
Time Data
0
13.463
26.989
40.53
54.07
67.611
81.137
95.66
109.186
122.648
137.219
150.744
164.316
177.842
192.365
205.922
219.431
232.926
246.435
260.007
273.517
287.073
300.583
314.186
327.759
341.331
354.84
368.366
382.921
396.477
410.002
423.512
438.082
451.67
465.227
478.799
492.34
505.88
519.39
532.884
546.425
560.964
574.474
588.015
601.556
615.112
628.638
642.163
655.704
669.245
683.784
697.309
711.864
725.405
738.915
752.456
765.981
779.506
793.047
806.541
820.067
833.576
848.162
861.688
875.228
888.785
902.341
915.898
929.423
Temperature Data
0
0
0
0
0
0
0
0
0
0
0
0
0
0
0
0
0
0
0
0
0
0
0
0
0
0
0
0
0
0
0
0
0
0
0
0
0
0
0
0
0
0
0
0
0
0
0
0
0
0
0
0
0
0
0
0
0
0
0
0
0
0
0
0
0
0
0
0
0
Angle Data
0
0
0
0
0
0
0
0
0
0
0
0
0
0
0
0
0
0
0
0
0
0
0
0
0
0
0
0
0
0
0
0
0
0
0
0
0
0
0
0
0
0
0
0
0
0
0
0
0
0
0
0
0
0
0
0
0
0
0
0
0
0
0
0
0
0
0
0
0
Bx Data
0
0
0
0
0
0
0
0
0
0
0
0
0
0
0
0
0
0
0
0
0
0
0
0
0
0
0
0
0
0
0
0
0
0
0
0
0
0
0
0
0
0
0
0
0
0
0
0
0
0
0
0
0
0
0
0
0
0
0
0
0
0
0
0
0
0
0
0
0
Hint Data
0
0
0
0
0
0
0
0
0
0
0
0
0
0
0
0
0
0
0
0
0
0
0
0
0
0
0
0
0
0
0
0
0
0
0
0
0
0
0
0
0
0
0
0
0
0
0
0
0
0
0
0
0
0
0
0
0
0
0
0
0
0
0
0
0
0
0
0
0
Torque Data
-0.0069380493798
-0.00783921571023
-0.00617344028319
-0.0064531581246
-0.005054472
-0.00406103251148
-0.00373221740475
-0.00217237187951
-0.00188389029888
-0.00139874298083
-0.00117521221546
-0.00082730196916
-0.00072916958331
-0.00061352079705
-0.0004661085
-0.000310344603415
-0.00014265489123
1.89427521738E-08
0.000180412880982
0.000298443179958
0.0003302254098
0.0004243934877
0.00042715941534
0.0006926055
0.0004965065
0.00040691013804
0.00069062101134
0.0013101095
0.00159086596585
0.00187159997268
0.00308992459936
0.00388307473605
0.00410717540185
0.0042987118816
0.0043392633922
0.0044918249727
0.00383377279221
0.00244777049681
0.00203132061446
0.0029325617302
0.00159422224888
0.00143805017375
0.00115172280602
0.00125407572959
0.00054378703522
0.00078438604138
0.00054636313697
0.000507024324075
0.000475628260982
0.000298403788452
0.000089999039868
-7.4035495248E-09
-0.000126568599872
-0.000122789674707
-0.000343910704514
-0.000638960722076
-0.00085335365344
-0.00105740009848
-0.00087619826358
-0.00079631401841
-0.00177246308575
-0.00262024145902
-0.00250956455966
-0.00298024192092
-0.00409607296032
-0.00417236372322
-0.003655752
-0.00498534507852
-0.0070175201745
dMdH Data
-2.4897759201672E-08
-3.53892922141557E-08
-4.27587172384828E-08
-5.20020800832089E-10
-4.6858125674973E-08
-4.12672168962253E-08
-1.17733333333333E-08
-3.67871571620957E-08
-3.51756783785584E-08
-9.63922886169107E-09
-6.59520857497099E-08
-2.2522702724327E-08
-2.35976402359761E-08
-1.46008760525632E-08
-3.11206224124482E-08
4.79994240069087E-09
-1.92377618172298E-08
-3.68020735465842E-09
7.49325067493251E-07
-1.66401996823969E-08
8.51853911234674E-06
2.01634261481837E-06
1.0859691224702E-06
0.000000935536
2.64837625979843E-07
-4.26683734015879E-10
-4.9813997519967E-08
-1.06659556029651E-10
-5.84807797437298E-08
-0.00000002765
-2.66797332026679E-08
-4.92609852197044E-08
-2.49595008099838E-08
-2.13079346032699E-08
-8.72138950273483E-09
-5.38759224815504E-08
-2.17799999999999E-08
-1.6309673806524E-08
-1.85605568167044E-08
-2.60656240417051E-08
-3.56657155809178E-08
-3.54238327600458E-08
-2.19890121612972E-08
4.07983680652747E-09
-0.00000002004
-1.21195152193912E-08
-1.60003200064E-08
2.26799092803627E-08
-3.82396940824472E-08
-5.02434165523257E-08
4.66783372056006E-08
8.46413223005937E-08
7.85308858764565E-07
-2.56754918668938E-08
8.08659480431174E-06
2.24900208781627E-06
0.00000127308
0.00000091164
3.51282153858463E-07
-2.32520932216949E-08
-9.90666666666652E-09
-2.36936492486567E-08
-3.29866666666667E-08
-1.4939402423903E-08
-4.03395966040341E-08
-1.96913783964877E-08
-4.32191356172876E-08
-7.34941204703622E-09
-7.34941204703622E-09
dMdT Data
0
0
0
0
0
0
0
0
0
0
0
0
0
0
0
0
0
0
0
0
0
0
0
0
0
0
0
0
0
0
0
0
0
0
0
0
0
0
0
0
0
0
0
0
0
0
0
0
0
0
0
0
0
0
0
0
0
0
0
0
0
0
0
0
0
0
0
0
0
 
*********************************************** Results ***************************************
 
TotalArea 5.27930832576378E-02
AreaFirstQuad 1.42929590554352E-02
AreaSecondQuad 1.57401069731993E-02
AreaThirdQuad 1.39003302279138E-02
AreaFourthQuad 8.85968700108945E-03
Coercivity 92.8469403251735
PositiveCoercivity 87.3734718024305
NegativeCoercivity -98.3204088479164
Retentivity 1.69016520404507E-04
PositiveRetentivity 2.16852947892983E-04
NegativeRetentivity -1.21180092916031E-04
Magnetization 0.00017204
PositiveMagnetization 0.000221733
NegativeMagnetization -0.000122347
Flatness -0.174658370839411
Squareness 0.98242571730125
SStar 0.786303977807603
SFD1 0.893151988903802
SFD2 5.65454174538539
Slope 0
Intercept 0
SlopeAtHc 8.51853911234674E-06
dH1 9.92051091011221
dH2 525.0069
InitialSlope -2.4897759201672E-08
FieldAtHalfMs 0
FieldAtMs 199.999
MomentMean 5.0042447826087E-05
MomentRMS 1.58601866718773E-04
SFD3 0.409619038821306
dH3 54.8150658716768
UserField1 0
UserField2 0
CenterField 0
ExchangeField 0
ExchangeMoment 0
ExRegionOneIntercept 0
ExRegionOneSlope 0
ExRegionTwoIntercept 0
ExRegionTwoSlope 0
NegativeIntercept 0
NegativeSlope 0
AutoCenterOffset 0
PinningField 0
PinningMoment 0
PinRegionOneIntercept 0
PinRegionOneSlope 0
PinRegionTwoIntercept 0
PinRegionTwoSlope 0
PositiveIntercept 0
PositiveSlope 0
TotalOffset 0
BHMax 0
BCoercivity 0
BRetentivity 0
BNegativeCoercivity 0
BPositiveCoercivity 0
BNegativeRetentivity 0
BPositiveRetentivity 0
MomentYMean -5.4497647826087E-06
MomentYRMS 1.61454061811767E-06
YOffCorrection 0
Mrt 0
Ms1 0
Ms2 0
Ms3 0
Hc2 0
Hex2 0
HsatValue 0
HsatIntercept 0
HsatSlope 0
CenterH 0
Span .00034408
SpanAsPercentOfRange -22.9386666666667
RMSAsPercentOfRange -10.5734577812515
SpanAsPercentOfMean 687.576277634909
RMSAsPercentOfMean 316.934669682753
