Version 1.25
******************************************** Units *******************************************
System CGS
TemperatureUnit K
MomentUnit emu
AppliedFieldUnit G
 
******************************************** Setup ********************************************
 
Experiment CustomField
Minor False
Acquisition PointByPoint
EditedPoint No
MaxField 1000
FieldIncrement 30.769
Points 69
MinField 0
RampRate 10
AverageTime 6
TimeInterval 0
TimeConstant 1
TimeConstantIndex 2
Sensitivity -0.0015
SensitivityIndex 5
SensitivityY -4
SensitivityIndexY 0
SaturationField 8000
ExperimentTime 414
Use735Domains False
AutoRangeEnabled False
NumberOfVertices 11
VertexPts
0
5
9
25
29
34
39
43
59
63
68
VertexField
1000
500
200
-200
-500
-1000
-500
-200
200
500
1000
StartAngle 0
EndAngle 0
AngleIncrement 0
StartTemp 0
FinishTemp 0
TempIncrement 0
TempPoints 0
LengthofSetPointsArray 69
SetPointArray
1000
900
800
700
600
500
425
350
275
200
175
150
125
100
75
50
25
0
-25
-50
-75
-100
-125
-150
-175
-200
-275
-350
-425
-500
-600
-700
-800
-900
-1000
-900
-800
-700
-600
-500
-425
-350
-275
-200
-175
-150
-125
-100
-75
-50
-25
0
25
50
75
100
125
150
175
200
275
350
425
500
600
700
800
900
1000
FieldDomainFile c:\Ideasvsm\Default UserID\Experiments\Hannah_1kG\fdomain.ini
TempDomainFile c:\Ideasvsm\Default UserID\Experiments\Hannah_1kG\tdomain.ini
NumSelectedResults 0
ResultsSelected 
UserName1 
UserValue1 
UserName2 
UserValue2 
LinearBackgroundCorrection Off
MaxLinearFieldCorrection 
MinLinearFieldCorrection 
AutoLinearCorrection Off
FitOneRegion Off
BackgroundMode Off
BackgroundFilename 
AutoCenter Off
OffsetCorrection 
SmoothDeriv Off
DerivOrder 0
DerivPoints 0
MinExFieldOne 
MaxExFieldOne 
MinExFieldTwo 
MaxExFieldTwo 
MinPinFieldOne 
MaxPinFieldOne 
MinPinFieldTwo 
MaxPinFieldTwo 
HCenterStart 
Mass 
Volume 
Density 
MolarWeight 
NumberOfMoles 
Demagnetization 
SampleArea 
Thickness 
MomentScaling 0
XAxis 0
YAxis 0
SimpleSpinValve False
HsatMax 0
HsatMin 0
FieldAutoRange True
 
*************************************************** Experiment Data ********************************************
 
DataPoints 69
MomentX Data
0.0000792888
0.0000730328
0.0000704629
0.0000667853
0.0000660125
0.0000628205
0.0000636602
0.000061597
0.0000579904
0.0000568229
0.0000558577
0.0000560796
0.000054124
0.0000540801
0.0000513078
0.0000514911
0.0000492566
0.0000460412
0.0000413596
0.0000401182
0.0000368907
0.0000366742
0.00003593
0.0000332276
0.0000334935
0.0000330935
0.0000291539
0.0000294604
0.0000269908
0.0000246591
0.0000241019
0.000022364
0.0000190428
0.0000153518
0.0000139378
0.0000160784
0.0000178057
0.0000208129
0.0000247343
0.0000272277
0.0000271473
0.0000304359
0.0000319819
0.0000363923
0.0000373083
0.0000376726
0.0000381267
0.0000403273
0.0000424886
0.0000438363
0.0000454671
0.0000480833
0.0000545441
0.0000569133
0.0000597756
0.0000615406
0.000063033
0.000064604
0.0000657284
0.0000665079
0.0000673947
0.0000717527
0.0000731387
0.0000747708
0.0000793332
0.0000827209
0.0000829204
0.0000873809
0.0000891533
MomentY Data
-0.00000123183
-0.000000786781
-0.00000038147
0.000000739098
-0.00000142256
-0.00000283718
-0.00000170072
-0.0000017484
-0.00000362396
-0.000000834465
-0.000000333786
-0.00000200272
0.00000156562
-0.000000890096
0.00000108878
-0.00000259082
-0.00000299613
-0.0000029405
-0.00000272592
-0.000000890096
-0.00000271797
-0.000000723203
-0.00000055631
-0.00000236034
-0.00000185172
-0.000000309944
-0.0000019153
-0.00000154972
-0.00000300407
-0.000000945727
-0.000000810623
-0.00000239213
-0.00000365575
-0.0000011762
-0.00000312328
-0.00000502268
-0.00000297228
-0.00000252724
-0.0000039498
-0.00000367959
-0.00000143846
-0.000000945727
-0.00000228087
-0.00000284513
-0.00000133514
-0.00000189145
-0.00000199477
-0.00000362396
-0.00000543594
-0.00000368754
-0.00000340144
-0.00000429153
-0.00000515779
-0.00000331402
-0.00000232061
-0.00000362396
-0.00000356833
-0.000000770887
-0.00000355244
-0.00000418822
-0.00000299613
-0.00000561078
-0.00000607173
-0.00000574589
-0.00000414848
-0.00000428359
-0.0000039657
-0.00000546773
-0.00000429948
Field Data
1000.05
900.001
799.998
700.001
599.997
499.996
424.996
350.001
274.999
200.003
175.001
149.998
124.999
99.9949
74.9986
50.0011
25.0015
-0.00618381
-25.0023
-50.0004
-75.0033
-100.003
-125.003
-150.002
-175.002
-199.997
-275
-350.001
-424.999
-500.005
-600.005
-700.006
-800.003
-900.001
-1000
-900
-800
-700.002
-600
-499.997
-424.998
-349.998
-274.996
-199.999
-174.997
-149.998
-124.999
-99.9948
-74.9983
-49.9938
-24.9942
0.00302993
25.0047
50.0049
75.0024
100.006
125.003
149.999
175.003
199.999
275.003
350.006
425.004
500.004
600.009
700.007
800.014
900.01
1000.01
Time Data
0
13.525
27.066
40.591
54.148
67.704
81.198
95.785
109.325
122.851
136.36
149.87
163.411
176.967
190.508
204.049
217.606
231.115
244.625
258.197
271.707
285.201
298.757
312.267
325.824
339.333
352.859
366.384
381.001
394.526
408.099
421.593
435.134
448.69
462.215
475.709
489.219
502.791
516.332
529.842
543.367
557.969
571.463
584.988
598.576
612.117
625.689
639.214
652.739
666.327
680.929
694.423
708.026
721.567
735.092
748.602
762.143
775.653
789.178
802.75
816.275
829.816
844.355
857.912
871.468
885.009
899.533
913.058
926.583
Temperature Data
0
0
0
0
0
0
0
0
0
0
0
0
0
0
0
0
0
0
0
0
0
0
0
0
0
0
0
0
0
0
0
0
0
0
0
0
0
0
0
0
0
0
0
0
0
0
0
0
0
0
0
0
0
0
0
0
0
0
0
0
0
0
0
0
0
0
0
0
0
Angle Data
0
0
0
0
0
0
0
0
0
0
0
0
0
0
0
0
0
0
0
0
0
0
0
0
0
0
0
0
0
0
0
0
0
0
0
0
0
0
0
0
0
0
0
0
0
0
0
0
0
0
0
0
0
0
0
0
0
0
0
0
0
0
0
0
0
0
0
0
0
Bx Data
0
0
0
0
0
0
0
0
0
0
0
0
0
0
0
0
0
0
0
0
0
0
0
0
0
0
0
0
0
0
0
0
0
0
0
0
0
0
0
0
0
0
0
0
0
0
0
0
0
0
0
0
0
0
0
0
0
0
0
0
0
0
0
0
0
0
0
0
0
Hint Data
0
0
0
0
0
0
0
0
0
0
0
0
0
0
0
0
0
0
0
0
0
0
0
0
0
0
0
0
0
0
0
0
0
0
0
0
0
0
0
0
0
0
0
0
0
0
0
0
0
0
0
0
0
0
0
0
0
0
0
0
0
0
0
0
0
0
0
0
0
Torque Data
-0.0012318915915
-0.000708103686781
-0.00030517523706
0.000517369339098
-0.00085353173232
-0.00141857865128
-0.00072279919712
-0.0006119417484
-0.00099658537604
-0.000166895503395
-0.000058412883786
-0.00030040399456
0.00019570093438
-8.90050605104E-05
0.000081656975708
-0.000129543849902
-0.000074907744195
1.8183493305E-08
0.000068154269616
4.45051560384E-05
0.000203856719301
0.000072322469609
0.00006954041893
0.00035405572068
0.00032405470344
0.000061987870168
0.0005267075
0.00054240354972
0.00127672674593
0.000472868228635
0.000486377853115
0.00167450535278
0.00292461096725
0.0010585811762
0.00312328
0.004520412
0.002377824
0.00176907305448
0.00236988
0.00183978396123
0.00061134262308
0.000331002558546
0.00062723012652
0.00056902315487
0.00023364549458
0.0002837137171
0.00024934425523
0.000362377155408
0.000407686258902
0.000184354137252
0.000085016271648
-1.30030354929E-08
-0.000128968991613
-0.000165717238698
-0.000174051319464
-0.00036241774376
-0.00044605195499
-0.000115632279113
-0.00062168765732
-0.00083763981178
-0.00082394473839
-0.00196380666468
-0.00258050953692
-0.00287296798356
-0.00248912533632
-0.00299854298513
-0.0031726155198
-0.0049210116773
-0.0042995229948
dMdH Data
6.25293606132995E-08
2.56982290531285E-08
3.67771033130994E-08
7.72769089236431E-09
3.19196808031919E-08
-1.11959999999999E-08
2.75111674111607E-08
4.80867176875284E-08
1.55674969331697E-08
3.86049116070716E-08
-8.87493500779901E-09
7.82271290851634E-08
1.75571206322169E-09
1.10908414445338E-07
-7.33273327332742E-09
8.93814301028817E-08
1.28576481709763E-07
1.87293096432034E-07
4.96597741428351E-08
1.29085026136968E-07
8.66010392124707E-09
2.97679999999999E-08
1.08100324012961E-07
-0.000000010636
1.60032006401281E-08
5.25258989640414E-08
-4.0866121785043E-09
3.29288781034161E-08
3.10868463856225E-08
5.57199999999999E-09
1.73788262117379E-08
3.32129963898917E-08
3.69107382147643E-08
1.4140141401414E-08
0.000000021406
0.000000017273
3.0072601452029E-08
3.92132157356853E-08
2.49332520024399E-08
-1.07201429352391E-09
0.000000043848
2.06127836591024E-08
5.8807685640759E-08
3.66370690344774E-08
1.45725829033161E-08
1.81647265890636E-08
8.80092144519721E-08
8.64641049746963E-08
5.38982983063049E-08
6.52330437286996E-08
1.04659596576348E-07
2.58414737171996E-07
9.47672418620653E-08
1.14503450345034E-07
7.05898350637508E-08
5.97031643797258E-08
6.2850056008961E-08
4.49688049912019E-08
3.11849895983355E-08
1.18233694202975E-08
5.8104342492967E-08
1.84804928131417E-08
2.17613333333334E-08
4.56217189140542E-08
3.38776775535512E-08
1.99486035977478E-09
4.46067842713709E-08
0.000000017724
0.000000017724
dMdT Data
0
0
0
0
0
0
0
0
0
0
0
0
0
0
0
0
0
0
0
0
0
0
0
0
0
0
0
0
0
0
0
0
0
0
0
0
0
0
0
0
0
0
0
0
0
0
0
0
0
0
0
0
0
0
0
0
0
0
0
0
0
0
0
0
0
0
0
0
0
 
*********************************************** Results ***************************************
 
TotalArea -1.23660979340017E-02
AreaFirstQuad -1.11413022464861E-02
AreaSecondQuad -1.22479568751559E-03
AreaThirdQuad 0
AreaFourthQuad 0
Coercivity 0
PositiveCoercivity 0
NegativeCoercivity 0
Retentivity 1.02049389810759E-06
PositiveRetentivity 4.60419950925334E-05
NegativeRetentivity 4.80829828887485E-05
Magnetization 0.0000891533
PositiveMagnetization 0.0000891533
NegativeMagnetization 0.0000139378
Flatness -44.1173644231621
Squareness 1.14465072869719E-02
SStar 0
SFD1 0
SFD2 0
Slope 0
Intercept 0
SlopeAtHc 0.000000017724
dH1 0
dH2 550.00105
InitialSlope 6.25293606132995E-08
FieldAtHalfMs 0
FieldAtMs 1000.01
MomentMean 4.84014536231884E-05
MomentRMS 1.98220356339381E-05
SFD3 0
dH3 0
UserField1 0
UserField2 0
CenterField 0
ExchangeField 0
ExchangeMoment 0
ExRegionOneIntercept 0
ExRegionOneSlope 0
ExRegionTwoIntercept 0
ExRegionTwoSlope 0
NegativeIntercept 0
NegativeSlope 0
AutoCenterOffset 0
PinningField 0
PinningMoment 0
PinRegionOneIntercept 0
PinRegionOneSlope 0
PinRegionTwoIntercept 0
PinRegionTwoSlope 0
PositiveIntercept 0
PositiveSlope 0
TotalOffset 0
BHMax 0
BCoercivity 0
BRetentivity 0
BNegativeCoercivity 0
BPositiveCoercivity 0
BNegativeRetentivity 0
BPositiveRetentivity 0
MomentYMean -2.52239908695652E-06
MomentYRMS 1.67164769527862E-06
YOffCorrection 0
Mrt 0
Ms1 0
Ms2 0
Ms3 0
Hc2 0
Hex2 0
HsatValue 0
HsatIntercept 0
HsatSlope 0
CenterH 0
Span .0000752155
SpanAsPercentOfRange -5.01436666666667
RMSAsPercentOfRange -1.32146904226254
SpanAsPercentOfMean 155.399258430465
RMSAsPercentOfMean 40.9533891032596
