Version 1.25
******************************************** Units *******************************************
System CGS
TemperatureUnit K
MomentUnit emu
AppliedFieldUnit G
 
******************************************** Setup ********************************************
 
Experiment CustomField
Minor False
Acquisition PointByPoint
EditedPoint No
MaxField 1000
FieldIncrement 30.769
Points 69
MinField 0
RampRate 10
AverageTime 6
TimeInterval 0
TimeConstant 1
TimeConstantIndex 2
Sensitivity -0.0015
SensitivityIndex 5
SensitivityY -4
SensitivityIndexY 0
SaturationField 8000
ExperimentTime 414
Use735Domains False
AutoRangeEnabled False
NumberOfVertices 11
VertexPts
0
5
9
25
29
34
39
43
59
63
68
VertexField
1000
500
200
-200
-500
-1000
-500
-200
200
500
1000
StartAngle 0
EndAngle 0
AngleIncrement 0
StartTemp 0
FinishTemp 0
TempIncrement 0
TempPoints 0
LengthofSetPointsArray 69
SetPointArray
1000
900
800
700
600
500
425
350
275
200
175
150
125
100
75
50
25
0
-25
-50
-75
-100
-125
-150
-175
-200
-275
-350
-425
-500
-600
-700
-800
-900
-1000
-900
-800
-700
-600
-500
-425
-350
-275
-200
-175
-150
-125
-100
-75
-50
-25
0
25
50
75
100
125
150
175
200
275
350
425
500
600
700
800
900
1000
FieldDomainFile c:\Ideasvsm\Default UserID\Experiments\Hannah_1kG\fdomain.ini
TempDomainFile c:\Ideasvsm\Default UserID\Experiments\Hannah_1kG\tdomain.ini
NumSelectedResults 0
ResultsSelected 
UserName1 
UserValue1 
UserName2 
UserValue2 
LinearBackgroundCorrection Off
MaxLinearFieldCorrection 
MinLinearFieldCorrection 
AutoLinearCorrection Off
FitOneRegion Off
BackgroundMode Off
BackgroundFilename 
AutoCenter Off
OffsetCorrection 
SmoothDeriv Off
DerivOrder 0
DerivPoints 0
MinExFieldOne 
MaxExFieldOne 
MinExFieldTwo 
MaxExFieldTwo 
MinPinFieldOne 
MaxPinFieldOne 
MinPinFieldTwo 
MaxPinFieldTwo 
HCenterStart 
Mass 
Volume 
Density 
MolarWeight 
NumberOfMoles 
Demagnetization 
SampleArea 
Thickness 
MomentScaling 0
XAxis 0
YAxis 0
SimpleSpinValve False
HsatMax 0
HsatMin 0
FieldAutoRange True
 
*************************************************** Experiment Data ********************************************
 
DataPoints 69
MomentX Data
0.000163099
0.000167941
0.000170986
0.000174873
0.000178161
0.000179362
0.000182792
0.000184512
0.000188801
0.000190063
0.000190546
0.000193038
0.000193083
0.000194473
0.000194148
0.00019643
0.000196639
0.000198431
0.000194318
0.000178898
0.000177758
-0.0000343609
-0.0000851319
-0.00011407
-0.000134002
-0.000140889
-0.000139265
-0.000137989
-0.000134822
-0.000131988
-0.000130035
-0.000124727
-0.000123871
-0.000119139
-0.000116817
-0.000119072
-0.000121299
-0.000124236
-0.000126482
-0.000129647
-0.000130583
-0.000132005
-0.000133919
-0.000135332
-0.000136758
-0.000135512
-0.000136234
-0.000138558
-0.000138142
-0.000137787
-0.000138242
-0.000138815
-0.00013478
-0.000120425
-0.000116946
0.0000844793
0.000144053
0.000173303
0.000196185
0.000206242
0.000204195
0.000202743
0.000201444
0.000198967
0.000197353
0.000195138
0.000191244
0.000189493
0.000186969
MomentY Data
-0.00000185172
-0.00000282129
-0.00000258287
-0.00000252724
-0.00000244776
-0.00000280539
-0.00000110467
-0.00000316302
-0.00000355244
-0.00000373522
-0.00000486374
-0.00000433127
-0.00000598431
-0.00000538826
-0.0000064532
-0.00000626246
-0.00000415643
-0.00000480016
-0.00000656446
-0.00000468095
-0.00000539621
-0.00000634193
-0.0000060161
-0.00000245571
-0.00000419617
-0.00000462532
-0.00000414848
-0.00000446637
-0.00000534058
-0.00000534852
-0.00000503063
-0.00000379086
-0.00000534058
-0.00000501474
-0.00000548363
-0.00000569026
-0.00000557899
-0.00000598431
-0.00000550747
-0.00000420411
-0.00000365575
-0.00000383854
-0.00000403722
-0.00000323455
-0.0000037988
-0.00000399748
-0.0000043869
-0.00000315507
-0.00000458558
-0.00000267824
-0.00000228087
-0.00000352065
-0.00000316302
-0.0000033776
-0.00000388622
-0.00000515779
-0.00000204245
-0.00000323455
-0.00000276566
-0.00000182788
-0.00000521342
-0.00000284513
-0.00000507832
-0.000004673
-0.00000443459
-0.00000603994
-0.00000529289
-0.00000709693
-0.00000867049
Field Data
1000.01
899.997
799.999
700.002
600
500
425.001
349.999
274.997
199.996
175.002
149.997
124.999
99.9948
75.0012
49.9969
24.9981
-0.00249941
-24.9984
-50.004
-75.0006
-99.9989
-125
-150.002
-175.004
-200.001
-275.001
-350.004
-425.006
-500.004
-600.005
-700.006
-800.009
-900.002
-1000
-900
-799.998
-699.999
-599.998
-499.996
-424.999
-350.002
-274.998
-199.997
-174.999
-149.998
-124.996
-100.003
-74.9973
-49.9991
-25.0001
-0.001256
24.9992
50.0044
75.0009
100.001
125.002
150.002
175.001
200.001
275.004
350.003
425.001
500
600.005
700.003
800.001
900.009
1000.01
Time Data
0
13.588
27.128
40.638
54.195
67.673
81.261
95.831
109.372
122.913
136.438
149.979
163.536
177.045
190.633
204.19
217.699
231.209
244.719
258.259
271.738
285.279
298.851
313.406
326.947
340.456
353.997
367.554
382.062
396.617
410.126
423.636
437.177
450.656
464.212
477.753
491.341
504.85
518.344
531.87
545.379
559.965
573.491
587.047
600.572
614.129
627.67
641.18
654.736
668.261
681.833
695.343
708.946
722.487
736.044
749.569
763.157
776.698
790.238
803.717
817.336
830.799
845.369
858.91
872.451
885.992
899.533
913.058
926.568
Temperature Data
0
0
0
0
0
0
0
0
0
0
0
0
0
0
0
0
0
0
0
0
0
0
0
0
0
0
0
0
0
0
0
0
0
0
0
0
0
0
0
0
0
0
0
0
0
0
0
0
0
0
0
0
0
0
0
0
0
0
0
0
0
0
0
0
0
0
0
0
0
Angle Data
0
0
0
0
0
0
0
0
0
0
0
0
0
0
0
0
0
0
0
0
0
0
0
0
0
0
0
0
0
0
0
0
0
0
0
0
0
0
0
0
0
0
0
0
0
0
0
0
0
0
0
0
0
0
0
0
0
0
0
0
0
0
0
0
0
0
0
0
0
Bx Data
0
0
0
0
0
0
0
0
0
0
0
0
0
0
0
0
0
0
0
0
0
0
0
0
0
0
0
0
0
0
0
0
0
0
0
0
0
0
0
0
0
0
0
0
0
0
0
0
0
0
0
0
0
0
0
0
0
0
0
0
0
0
0
0
0
0
0
0
0
Hint Data
0
0
0
0
0
0
0
0
0
0
0
0
0
0
0
0
0
0
0
0
0
0
0
0
0
0
0
0
0
0
0
0
0
0
0
0
0
0
0
0
0
0
0
0
0
0
0
0
0
0
0
0
0
0
0
0
0
0
0
0
0
0
0
0
0
0
0
0
0
Torque Data
-0.0018517385172
-0.00253915253613
-0.00206629341713
-0.00176907305448
-0.001468656
-0.001402695
-0.00046948585467
-0.00110705383698
-0.00097691034268
-0.00074702905912
-0.00085116422748
-0.00064967750619
-0.00074803276569
-0.000538797981048
-0.00048399774384
-0.000313103586374
-0.000103902852783
1.19975679056E-08
0.000164100996864
0.0002340662238
0.000404718987726
0.000634186023877
0.0007520125
0.00036836141142
0.00073434653468
0.00092506862532
0.00114083614848
0.00156324736548
0.00226977854348
0.00267428139408
0.00301840315315
0.00265362474516
0.00427251206522
0.00451327602948
0.00548363
0.005121234
0.00446318084202
0.00418901101569
0.00330447098506
0.00210203818356
0.00155369009425
0.00134349667708
0.00111022742556
0.00064690029635
0.0006647862012
0.00059961400504
0.0005483449524
0.00031551646521
0.000343906118934
0.000133909589584
0.000057021978087
4.4219364E-09
-0.000079072969584
-0.00016889486144
-0.000291469997598
-0.00051578415779
-0.0002553103349
-0.0004851889691
-0.00048399326566
-0.00036557782788
-0.00143371135368
-0.00099580403539
-0.00215829107832
-0.0023365
-0.00266077617295
-0.00422797611982
-0.00423431729289
-0.00638730087237
-0.0086705767049
dMdH Data
-4.84137062181918E-08
-3.04506090121802E-08
-3.8871166134984E-08
-3.28793424131518E-08
-1.20099999999999E-08
-4.57339431192417E-08
-2.29327217940856E-08
-5.71851417295537E-08
-1.68264423141025E-08
-1.93246379130987E-08
-9.96600679864034E-08
-1.80014401152107E-09
-5.55906607689902E-08
1.30033288521859E-08
-9.12643025399627E-08
-8.36040129926281E-09
-7.16782814128535E-08
1.6454698182171E-07
6.16661867741625E-07
4.56062024435325E-08
8.48533300264418E-06
2.03075064697153E-06
1.15743140548756E-06
7.97216222702185E-07
2.75513061567388E-07
-2.16533333333335E-08
-1.701265282722E-08
-4.22255406522496E-08
-3.77876743379821E-08
-1.95298047019531E-08
-5.30794692053081E-08
-8.55974320770356E-09
-4.73233126318843E-08
-2.32204644092881E-08
-0.00000002255
-2.22695546089079E-08
-2.9370293702937E-08
-2.24597754022459E-08
-3.16493670126596E-08
-1.24804992199691E-08
-1.89607584303372E-08
-2.55186390059196E-08
-1.88397488033492E-08
-5.70445635650856E-08
4.98380064797406E-08
-2.88776897848166E-08
-9.29860360901053E-08
1.66362069448162E-08
1.42010224736183E-08
-1.82007280291215E-08
-2.29210598698082E-08
1.61397056117696E-07
5.74080591237023E-07
1.39179485127918E-07
8.05697977208091E-06
2.38285268589257E-06
0.00000117
9.15316612664507E-07
0.00000040228
-2.72922416436676E-08
-1.93602581367753E-08
-1.73204618789833E-08
-3.30271070280937E-08
-1.61391930403481E-08
-2.21504430088601E-08
-3.89407788155763E-08
-1.75085993120551E-08
-2.5239747602524E-08
-2.5239747602524E-08
dMdT Data
0
0
0
0
0
0
0
0
0
0
0
0
0
0
0
0
0
0
0
0
0
0
0
0
0
0
0
0
0
0
0
0
0
0
0
0
0
0
0
0
0
0
0
0
0
0
0
0
0
0
0
0
0
0
0
0
0
0
0
0
0
0
0
0
0
0
0
0
0
 
*********************************************** Results ***************************************
 
TotalArea 4.50043791232907E-02
AreaFirstQuad 6.14390024191673E-03
AreaSecondQuad 1.43928006254112E-02
AreaThirdQuad 1.43277324570793E-02
AreaFourthQuad 1.01399457988834E-02
Coercivity 92.7326110017101
PositiveCoercivity 89.5157682643144
NegativeCoercivity -95.9494537391058
Retentivity 1.68622809065942E-04
PositiveRetentivity 1.98430820846587E-04
NegativeRetentivity -1.38814797285298E-04
Magnetization 0.0001735655
PositiveMagnetization 0.000206242
NegativeMagnetization -0.000140889
Flatness -5.56496292534699E-02
Squareness 0.971522618642196
SStar 0.785703567507236
SFD1 0.892851783753618
SFD2 5.661514264818
Slope 0
Intercept 0
SlopeAtHc 8.48533300264418E-06
dH1 9.93613385670287
dH2 525.007
InitialSlope -4.84137062181918E-08
FieldAtHalfMs 0
FieldAtMs 200.001
MomentMean 3.14243405797102E-05
MomentRMS 1.57870266717453E-04
SFD3 0.583936609304072
dH3 38.582644561458
UserField1 0
UserField2 0
CenterField 0
ExchangeField 0
ExchangeMoment 0
ExRegionOneIntercept 0
ExRegionOneSlope 0
ExRegionTwoIntercept 0
ExRegionTwoSlope 0
NegativeIntercept 0
NegativeSlope 0
AutoCenterOffset 0
PinningField 0
PinningMoment 0
PinRegionOneIntercept 0
PinRegionOneSlope 0
PinRegionTwoIntercept 0
PinRegionTwoSlope 0
PositiveIntercept 0
PositiveSlope 0
TotalOffset 0
BHMax 0
BCoercivity 0
BRetentivity 0
BNegativeCoercivity 0
BPositiveCoercivity 0
BNegativeRetentivity 0
BPositiveRetentivity 0
MomentYMean -4.31894724637681E-06
MomentYRMS 1.43321637967143E-06
YOffCorrection 0
Mrt 0
Ms1 0
Ms2 0
Ms3 0
Hc2 0
Hex2 0
HsatValue 0
HsatIntercept 0
HsatSlope 0
CenterH 0
Span .000347131
SpanAsPercentOfRange -23.1420666666667
RMSAsPercentOfRange -10.5246844478302
SpanAsPercentOfMean 1104.6564338223
RMSAsPercentOfMean 502.38211464455
