Version 1.25
******************************************** Units *******************************************
System CGS
TemperatureUnit K
MomentUnit emu
AppliedFieldUnit G
 
******************************************** Setup ********************************************
 
Experiment CustomField
Minor False
Acquisition PointByPoint
EditedPoint No
MaxField 1000
FieldIncrement 30.769
Points 69
MinField 0
RampRate 10
AverageTime 6
TimeInterval 0
TimeConstant 1
TimeConstantIndex 2
Sensitivity -0.0015
SensitivityIndex 5
SensitivityY -4
SensitivityIndexY 0
SaturationField 8000
ExperimentTime 414
Use735Domains False
AutoRangeEnabled False
NumberOfVertices 11
VertexPts
0
5
9
25
29
34
39
43
59
63
68
VertexField
1000
500
200
-200
-500
-1000
-500
-200
200
500
1000
StartAngle 0
EndAngle 0
AngleIncrement 0
StartTemp 0
FinishTemp 0
TempIncrement 0
TempPoints 0
LengthofSetPointsArray 69
SetPointArray
1000
900
800
700
600
500
425
350
275
200
175
150
125
100
75
50
25
0
-25
-50
-75
-100
-125
-150
-175
-200
-275
-350
-425
-500
-600
-700
-800
-900
-1000
-900
-800
-700
-600
-500
-425
-350
-275
-200
-175
-150
-125
-100
-75
-50
-25
0
25
50
75
100
125
150
175
200
275
350
425
500
600
700
800
900
1000
FieldDomainFile c:\Ideasvsm\Default UserID\Experiments\Hannah_1kG\fdomain.ini
TempDomainFile c:\Ideasvsm\Default UserID\Experiments\Hannah_1kG\tdomain.ini
NumSelectedResults 0
ResultsSelected 
UserName1 
UserValue1 
UserName2 
UserValue2 
LinearBackgroundCorrection Off
MaxLinearFieldCorrection 
MinLinearFieldCorrection 
AutoLinearCorrection Off
FitOneRegion Off
BackgroundMode Off
BackgroundFilename 
AutoCenter Off
OffsetCorrection 
SmoothDeriv Off
DerivOrder 0
DerivPoints 0
MinExFieldOne 
MaxExFieldOne 
MinExFieldTwo 
MaxExFieldTwo 
MinPinFieldOne 
MaxPinFieldOne 
MinPinFieldTwo 
MaxPinFieldTwo 
HCenterStart 
Mass 
Volume 
Density 
MolarWeight 
NumberOfMoles 
Demagnetization 
SampleArea 
Thickness 
MomentScaling 0
XAxis 0
YAxis 0
SimpleSpinValve False
HsatMax 0
HsatMin 0
FieldAutoRange True
 
*************************************************** Experiment Data ********************************************
 
DataPoints 69
MomentX Data
0.0000890393
0.0000877932
0.0000869974
0.0000828647
0.0000803407
0.0000781762
0.000078058
0.0000762362
0.0000739759
0.0000717349
0.0000707547
0.0000699609
0.0000704072
0.0000680854
0.0000678134
0.0000668038
0.0000651912
0.000061197
0.0000556805
0.0000539795
0.0000525805
0.0000512172
0.0000507985
0.0000478792
0.000048301
0.0000483857
0.0000458711
0.0000437435
0.000041512
0.0000393866
0.0000370629
0.0000337906
0.0000317298
0.0000299756
0.0000281712
0.000029728
0.0000334973
0.0000363857
0.0000394177
0.0000406823
0.0000428295
0.000043085
0.0000472732
0.0000489764
0.0000483543
0.000052078
0.0000536731
0.0000539449
0.0000559087
0.0000570657
0.0000596379
0.0000636985
0.0000680638
0.000070867
0.0000736971
0.0000749318
0.0000775313
0.000077304
0.0000789342
0.0000775677
0.0000829703
0.0000853764
0.0000887136
0.0000897598
0.0000914832
0.0000949804
0.0000971248
0.0000999765
0.000102176
MomentY Data
-0.00000413259
-0.00000682672
-0.00000539621
-0.00000403722
-0.00000677903
-0.00000458558
-0.00000348091
-0.00000362396
-0.00000382264
-0.00000267824
-0.00000394185
-0.00000374317
-0.00000301997
-0.00000592073
-0.00000456174
-0.00000557105
-0.00000606378
-0.00000533263
-0.00000332991
-0.00000253518
-0.00000449816
-0.00000425975
-0.00000663598
-0.00000576973
-0.00000685851
-0.00000572205
-0.00000480811
-0.00000585715
-0.00000707308
-0.00000582536
-0.00000575384
-0.00000437101
-0.00000592868
-0.00000698566
-0.00000456969
-0.00000548363
-0.00000607173
-0.00000535647
-0.00000615915
-0.0000055631
-0.00000553131
-0.00000655651
-0.00000719229
-0.00000734329
-0.0000070254
-0.00000641346
-0.00000700156
-0.00000712872
-0.00000874996
-0.00000620683
-0.00000513395
-0.00000711282
-0.00000563463
-0.0000056982
-0.00000529289
-0.00000514189
-0.00000552336
-0.00000727177
-0.0000070254
-0.0000064532
-0.0000084877
-0.00000706514
-0.00000820955
-0.00000669956
-0.00000561873
-0.00000565847
-0.00000631809
-0.00000685851
-0.00000646909
Field Data
1000.01
900
799.996
699.997
599.995
499.997
424.997
349.998
275.001
199.994
174.999
150
125
99.9979
74.9967
49.9964
24.9956
0.000161238
-25.0056
-49.9984
-74.9986
-100.002
-125.007
-150.001
-175.006
-200.004
-275.006
-350
-425
-500.003
-600.005
-700.003
-800.005
-900.005
-1000
-900.003
-799.997
-700.001
-600
-499.999
-424.998
-349.998
-274.995
-199.998
-174.999
-150
-125.002
-100.005
-74.9998
-49.998
-24.9985
0.00256357
25.0028
50.0012
75.004
99.9994
125.001
149.999
174.998
200.001
275.001
350.001
425.003
500.001
600.01
700.002
800.002
900.004
1000
Time Data
0
13.51
27.02
40.607
54.148
67.72
81.261
95.847
109.341
122.882
136.392
149.917
163.505
177.03
190.587
204.081
217.559
231.053
244.626
258.104
271.645
285.186
298.695
312.205
325.73
339.225
352.75
366.26
380.83
394.34
407.881
421.39
434.916
448.41
461.935
475.491
488.985
502.495
515.989
529.499
544.038
558.578
572.134
585.675
599.169
612.71
626.235
639.807
653.364
666.967
680.508
694.002
707.543
721.053
734.625
748.15
761.722
775.247
788.788
802.376
815.917
829.504
844.075
857.647
871.219
884.807
898.301
911.857
925.367
Temperature Data
0
0
0
0
0
0
0
0
0
0
0
0
0
0
0
0
0
0
0
0
0
0
0
0
0
0
0
0
0
0
0
0
0
0
0
0
0
0
0
0
0
0
0
0
0
0
0
0
0
0
0
0
0
0
0
0
0
0
0
0
0
0
0
0
0
0
0
0
0
Angle Data
0
0
0
0
0
0
0
0
0
0
0
0
0
0
0
0
0
0
0
0
0
0
0
0
0
0
0
0
0
0
0
0
0
0
0
0
0
0
0
0
0
0
0
0
0
0
0
0
0
0
0
0
0
0
0
0
0
0
0
0
0
0
0
0
0
0
0
0
0
Bx Data
0
0
0
0
0
0
0
0
0
0
0
0
0
0
0
0
0
0
0
0
0
0
0
0
0
0
0
0
0
0
0
0
0
0
0
0
0
0
0
0
0
0
0
0
0
0
0
0
0
0
0
0
0
0
0
0
0
0
0
0
0
0
0
0
0
0
0
0
0
Hint Data
0
0
0
0
0
0
0
0
0
0
0
0
0
0
0
0
0
0
0
0
0
0
0
0
0
0
0
0
0
0
0
0
0
0
0
0
0
0
0
0
0
0
0
0
0
0
0
0
0
0
0
0
0
0
0
0
0
0
0
0
0
0
0
0
0
0
0
0
0
Torque Data
-0.0041326313259
-0.006144048
-0.00431694641516
-0.00282604188834
-0.00406738410485
-0.00229277624326
-0.00147937630727
-0.00126837875208
-0.00105122982264
-0.00053563193056
-0.00068981980815
-0.0005614755
-0.00037749625
-0.000592060566467
-0.000342115446258
-0.00027853244422
-0.000151567819368
-8.5982259594E-10
0.000083266397496
0.000126754943712
0.000337355702576
0.0004259835195
0.00082954395186
0.00086546526973
0.00120028040106
0.0011444328882
0.00132225909866
0.0020500025
0.003006059
0.00291269747608
0.0034523327692
0.00305972011303
0.0047429736434
0.0062871289283
0.00456969
0.00493528345089
0.00485736578481
0.00374953435647
0.00369549
0.0027815444369
0.00235079568738
0.00229476538698
0.00197784378855
0.00146864331342
0.0012294379746
0.000962019
0.00087520900312
0.0007129076436
0.000656245250008
0.00031032908634
0.000128341049075
-1.82342119674E-08
-0.000140881526964
-0.00028491683784
-0.00039698792156
-0.000514185914866
-0.00069042552336
-0.00109075822823
-0.0012294309492
-0.0012906464532
-0.0023341259877
-0.00247280606514
-0.00348908337865
-0.00334978669956
-0.0033712941873
-0.00396094031694
-0.00505448463618
-0.00617268643404
-0.00646909
dMdH Data
1.24597540245976E-08
7.95768169273239E-09
4.13274132741326E-08
2.52394952100959E-08
2.16454329086581E-08
1.57600000000002E-09
2.42909905465407E-08
3.01385388748882E-08
2.98772114602638E-08
3.92158431686335E-08
3.17532701308055E-08
-1.78520000000004E-08
9.28641994072501E-08
1.08794777850663E-08
4.03835153978149E-08
6.45019359380505E-08
1.59797154914211E-07
2.20609160724803E-07
6.80596011651357E-08
5.59595523235813E-08
5.45245846564868E-08
1.67446510697862E-08
1.16800032007682E-07
-1.68686262747449E-08
-3.38827106168505E-09
3.35271059438415E-08
2.83702696215698E-08
2.97533333333333E-08
2.833753316534E-08
2.32365352692946E-08
3.27236544730894E-08
2.0607587848243E-08
0.000000017542
1.80449022451123E-08
1.55684670540116E-08
3.76907385556866E-08
2.88851554062162E-08
3.0319696803032E-08
1.26458735412646E-08
2.86289516139785E-08
3.40666666666664E-09
5.58404330493447E-08
2.27102417430031E-08
-2.48849953998161E-08
1.48953958158326E-07
6.38091047283783E-08
1.08733047965756E-08
7.85356645817671E-08
4.62766680798981E-08
1.02890057801156E-07
1.6241709032221E-07
1.74610348675011E-07
1.12135176651305E-07
1.13191322571872E-07
4.9397089064388E-08
1.03973345705874E-07
-9.09272741819307E-09
6.52106084243369E-08
-5.46534415870093E-08
7.20346666666665E-08
3.20813333333335E-08
4.44948134716407E-08
1.39497053254752E-08
1.72324490795829E-08
3.49747979838387E-08
0.000000021444
2.85164296714065E-08
2.19958798351935E-08
2.19958798351935E-08
dMdT Data
0
0
0
0
0
0
0
0
0
0
0
0
0
0
0
0
0
0
0
0
0
0
0
0
0
0
0
0
0
0
0
0
0
0
0
0
0
0
0
0
0
0
0
0
0
0
0
0
0
0
0
0
0
0
0
0
0
0
0
0
0
0
0
0
0
0
0
0
0
 
*********************************************** Results ***************************************
 
TotalArea -1.12666798633923E-02
AreaFirstQuad -9.76718424541172E-03
AreaSecondQuad -1.49949561798063E-03
AreaThirdQuad 0
AreaFourthQuad 0
Coercivity 0
PositiveCoercivity 0
NegativeCoercivity 0
Retentivity 1.25055960149981E-06
PositiveRetentivity 6.11969644294201E-05
NegativeRetentivity 6.36980836324198E-05
Magnetization 0.000102176
PositiveMagnetization 0.000102176
NegativeMagnetization 0.0000281712
Flatness -47.9356639667763
Squareness 1.22392695104507E-02
SStar 0
SFD1 0
SFD2 0
Slope 0
Intercept 0
SlopeAtHc 2.19958798351935E-08
dH1 0
dH2 87.497219381
InitialSlope 1.24597540245976E-08
FieldAtHalfMs 0
FieldAtMs 1000
MomentMean 6.26549217391304E-05
MomentRMS 1.96630534376685E-05
SFD3 0
dH3 0
UserField1 0
UserField2 0
CenterField 0
ExchangeField 0
ExchangeMoment 0
ExRegionOneIntercept 0
ExRegionOneSlope 0
ExRegionTwoIntercept 0
ExRegionTwoSlope 0
NegativeIntercept 0
NegativeSlope 0
AutoCenterOffset 0
PinningField 0
PinningMoment 0
PinRegionOneIntercept 0
PinRegionOneSlope 0
PinRegionTwoIntercept 0
PinRegionTwoSlope 0
PositiveIntercept 0
PositiveSlope 0
TotalOffset 0
BHMax 0
BCoercivity 0
BRetentivity 0
BNegativeCoercivity 0
BPositiveCoercivity 0
BNegativeRetentivity 0
BPositiveRetentivity 0
MomentYMean -5.70661202898551E-06
MomentYRMS 1.35102362912412E-06
YOffCorrection 0
Mrt 0
Ms1 0
Ms2 0
Ms3 0
Hc2 0
Hex2 0
HsatValue 0
HsatIntercept 0
HsatSlope 0
CenterH 0
Span .0000740048
SpanAsPercentOfRange -4.93365333333333
RMSAsPercentOfRange -1.3108702291779
SpanAsPercentOfMean 118.114902941106
RMSAsPercentOfMean 31.3830947224505
