Version 1.25
******************************************** Units *******************************************
System CGS
TemperatureUnit K
MomentUnit emu
AppliedFieldUnit G
 
******************************************** Setup ********************************************
 
Experiment CustomField
Minor False
Acquisition PointByPoint
EditedPoint No
MaxField 15000
FieldIncrement 750
Points 101
MinField 0
RampRate 10
AverageTime 6
TimeInterval 10
TimeConstant 1
TimeConstantIndex 2
Sensitivity -0.0015
SensitivityIndex 5
SensitivityY -4
SensitivityIndexY 0
SaturationField 8000
ExperimentTime 606
Use735Domains False
AutoRangeEnabled False
NumberOfVertices 11
VertexPts
0
10
15
35
40
50
60
65
85
90
100
VertexField
15000
2000
500
-500
-2000
-15000
-2000
-500
500
2000
15000
StartAngle 0
EndAngle 0
AngleIncrement 0
StartTemp 0
FinishTemp 0
TempIncrement 0
TempPoints 0
LengthofSetPointsArray 101
SetPointArray
15000
13700
12400
11100
9800
8500
7200
5900
4600
3300
2000
1700
1400
1100
800
500
450
400
350
300
250
200
150
100
50
0
-50
-100
-150
-200
-250
-300
-350
-400
-450
-500
-800
-1100
-1400
-1700
-2000
-3300
-4600
-5900
-7200
-8500
-9800
-11100
-12400
-13700
-15000
-13700
-12400
-11100
-9800
-8500
-7200
-5900
-4600
-3300
-2000
-1700
-1400
-1100
-800
-500
-450
-400
-350
-300
-250
-200
-150
-100
-50
0
50
100
150
200
250
300
350
400
450
500
800
1100
1400
1700
2000
3300
4600
5900
7200
8500
9800
11100
12400
13700
15000
FieldDomainFile c:\Ideasvsm\Default UserID\Experiments\Jason_1p5T_cus\fdomain.ini
TempDomainFile c:\Ideasvsm\Default UserID\Experiments\Jason_1p5T_cus\tdomain.ini
NumSelectedResults 0
ResultsSelected 
UserName1 
UserValue1 
UserName2 
UserValue2 
LinearBackgroundCorrection Off
MaxLinearFieldCorrection 
MinLinearFieldCorrection 
AutoLinearCorrection Off
FitOneRegion Off
BackgroundMode Off
BackgroundFilename 
AutoCenter Off
OffsetCorrection 
SmoothDeriv Off
DerivOrder 0
DerivPoints 0
MinExFieldOne 
MaxExFieldOne 
MinExFieldTwo 
MaxExFieldTwo 
MinPinFieldOne 
MaxPinFieldOne 
MinPinFieldTwo 
MaxPinFieldTwo 
HCenterStart 
Mass 
Volume 
Density 
MolarWeight 
NumberOfMoles 
Demagnetization 
SampleArea 
Thickness 
MomentScaling 0
XAxis 0
YAxis 0
SimpleSpinValve False
HsatMax 0
HsatMin 0
FieldAutoRange True
 
*************************************************** Experiment Data ********************************************
 
DataPoints 101
MomentX Data
-0.000338219
-0.000291587
-0.00024261
-0.000199244
-0.00014874
-0.000101415
-0.0000496176
-0.00000167738
0.0000451934
0.0000969862
0.000143287
0.000156108
0.000166306
0.00017732
0.000190402
0.000198257
0.00020122
0.00020224
0.000204364
0.00020572
0.000208098
0.000210494
0.000210737
0.000213662
0.000214153
0.000216891
0.000216454
0.000219182
0.000220377
0.000223451
0.000225104
0.00022607
0.000228175
0.000229231
0.000231817
0.000232958
0.000243681
0.000255752
0.000264575
0.000276741
0.000285281
0.000336924
0.000392662
0.000429891
0.000485234
0.000530593
0.000580363
0.000628321
0.000675093
0.000724212
0.000768188
0.000721959
0.000671649
0.000626598
0.000578987
0.000530385
0.000488929
0.000431453
0.000384703
0.00033513
0.000285977
0.000277526
0.000263734
0.000252494
0.00024157
0.000232405
0.000231404
0.000231322
0.000227924
0.000226205
0.000226129
0.000223655
0.000219733
0.000220928
0.000218152
0.000216415
0.000215045
0.000213119
0.000211173
0.000210174
0.000208124
0.000206821
0.00020424
0.000203198
0.000201524
0.000198033
0.000188105
0.000177895
0.000166877
0.000155732
0.000144878
0.0000959971
0.0000465551
-0.00000201248
-0.000049953
-0.000104119
-0.000155164
-0.000191965
-0.0002425
-0.000289853
-0.000338646
MomentY Data
-0.000113742
-0.000113042
-0.000115561
-0.000114346
-0.000114242
-0.000114258
-0.000115776
-0.000117127
-0.000114171
-0.000115172
-0.000120187
-0.000119472
-0.000120385
-0.00012153
-0.000119106
-0.000119909
-0.000120838
-0.000119464
-0.000118899
-0.000118526
-0.000119503
-0.000117882
-0.000119567
-0.000118955
-0.000118383
-0.000119456
-0.000118057
-0.000118073
-0.000118605
-0.000119686
-0.000122086
-0.000119058
-0.000116722
-0.000120529
-0.000120942
-0.000120584
-0.000119082
-0.000119416
-0.000116754
-0.000120799
-0.00012064
-0.000117858
-0.000118693
-0.000120203
-0.000118955
-0.000122213
-0.000120028
-0.000118796
-0.000118446
-0.000119058
-0.000121236
-0.000121395
-0.000122325
-0.000118192
-0.000119615
-0.000116793
-0.000117485
-0.000118494
-0.000118788
-0.000118232
-0.000119662
-0.000119535
-0.000119702
-0.000120719
-0.000123247
-0.000121474
-0.000121562
-0.000122007
-0.000120727
-0.000119281
-0.000119551
-0.00012122
-0.000122086
-0.000121848
-0.000119328
-0.000120592
-0.000119384
-0.000121005
-0.000118558
-0.000120743
-0.000120497
-0.000119742
-0.000123477
-0.000123858
-0.000122134
-0.000122031
-0.000120044
-0.000118558
-0.000119821
-0.00011936
-0.000121276
-0.000118033
-0.000118033
-0.000119495
-0.00011696
-0.000118454
-0.000118979
-0.00011762
-0.000118844
-0.000115601
-0.000115474
Field Data
15000
13700
12400
11100
9799.99
8499.96
7199.95
5899.95
4599.96
3299.95
1999.96
1699.97
1399.98
1099.98
799.982
499.979
449.988
399.99
349.996
299.992
249.996
199.993
149.992
99.9963
49.9923
-0.00687762
-50.0073
-100.006
-150.002
-200
-250.007
-300.008
-350
-400.004
-450.004
-500.003
-800.011
-1100.01
-1400.02
-1700.02
-2000.02
-3300.05
-4600.05
-5900.08
-7200.07
-8500.05
-9800.02
-11100
-12400
-13700
-15000
-13700
-12400
-11100
-9799.97
-8499.97
-7199.96
-5899.96
-4599.98
-3300
-1999.97
-1699.98
-1399.98
-1099.98
-799.981
-499.982
-449.992
-399.993
-349.994
-299.993
-249.991
-199.994
-149.992
-99.9937
-49.9937
0.00716748
50.0048
100.006
150.009
200.008
250.005
300.004
350.007
400.007
450.001
499.999
800.013
1100.01
1400.02
1700.01
2000.02
3300.04
4600.06
5900.05
7200.07
8500.05
9800.03
11100
12400
13700
15000
Time Data
0
14.524
29.063
43.665
58.22
72.728
87.298
102.898
117.469
133.053
147.593
161.102
174.612
188.2
201.725
215.219
228.744
242.285
256.809
270.319
283.828
297.307
310.848
324.342
337.914
351.486
365.011
378.583
392.14
405.649
419.222
432.747
446.256
460.858
474.337
487.862
501.434
514.959
528.5
542.041
555.551
570.137
585.706
600.261
614.831
629.402
644.971
659.541
674.112
688.635
703.206
717.761
732.347
746.902
761.472
775.98
790.551
806.12
820.674
836.275
850.814
864.355
877.88
891.421
904.915
918.425
931.934
945.522
960.108
973.68
987.237
1000.79
1014.35
1028.91
1042.45
1056.02
1069.5
1083.05
1096.61
1110.07
1123.66
1138.23
1151.74
1166.3
1179.84
1193.35
1206.87
1220.46
1233.97
1247.49
1261.1
1275.65
1291.22
1305.79
1320.33
1334.92
1349.47
1364.03
1378.55
1393.17
1407.69
Temperature Data
0
0
0
0
0
0
0
0
0
0
0
0
0
0
0
0
0
0
0
0
0
0
0
0
0
0
0
0
0
0
0
0
0
0
0
0
0
0
0
0
0
0
0
0
0
0
0
0
0
0
0
0
0
0
0
0
0
0
0
0
0
0
0
0
0
0
0
0
0
0
0
0
0
0
0
0
0
0
0
0
0
0
0
0
0
0
0
0
0
0
0
0
0
0
0
0
0
0
0
0
0
Angle Data
0
0
0
0
0
0
0
0
0
0
0
0
0
0
0
0
0
0
0
0
0
0
0
0
0
0
0
0
0
0
0
0
0
0
0
0
0
0
0
0
0
0
0
0
0
0
0
0
0
0
0
0
0
0
0
0
0
0
0
0
0
0
0
0
0
0
0
0
0
0
0
0
0
0
0
0
0
0
0
0
0
0
0
0
0
0
0
0
0
0
0
0
0
0
0
0
0
0
0
0
0
Bx Data
0
0
0
0
0
0
0
0
0
0
0
0
0
0
0
0
0
0
0
0
0
0
0
0
0
0
0
0
0
0
0
0
0
0
0
0
0
0
0
0
0
0
0
0
0
0
0
0
0
0
0
0
0
0
0
0
0
0
0
0
0
0
0
0
0
0
0
0
0
0
0
0
0
0
0
0
0
0
0
0
0
0
0
0
0
0
0
0
0
0
0
0
0
0
0
0
0
0
0
0
0
Hint Data
0
0
0
0
0
0
0
0
0
0
0
0
0
0
0
0
0
0
0
0
0
0
0
0
0
0
0
0
0
0
0
0
0
0
0
0
0
0
0
0
0
0
0
0
0
0
0
0
0
0
0
0
0
0
0
0
0
0
0
0
0
0
0
0
0
0
0
0
0
0
0
0
0
0
0
0
0
0
0
0
0
0
0
0
0
0
0
0
0
0
0
0
0
0
0
0
0
0
0
0
0
Torque Data
-1.70613
-1.5486754
-1.4329564
-1.2692406
-1.11957045758
-0.97118842968
-0.8335814112
-0.69104344365
-0.52518203316
-0.3800618414
-0.24036919252
-0.20309881584
-0.1685365923
-0.1336805694
-0.095282656092
-0.059951981911
-0.054375649944
-0.04778440536
-0.041614174404
-0.035556851792
-0.029875271988
-0.023575574826
-0.017934093464
-0.0118950598665
-0.0059182384509
8.2157297472E-07
0.0059037118161
0.011808008438
0.01779098721
0.0239372
0.030522354602
0.035718352464
0.0408527
0.048212082116
0.054424383768
0.060292361752
0.095266909902
0.13135879416
0.16345793508
0.20536071598
0.2412824128
0.3889372929
0.54599373465
0.70920731624
0.85648432685
1.03881661065
1.17627680056
1.3186356
1.4687304
1.6310946
1.81854
1.6631115
1.51683
1.3119312
1.17222341155
0.99273699621
0.8458873006
0.69910986024
0.54642242424
0.3901656
0.23932041014
0.2032071093
0.16758040596
0.13278848562
0.098595258307
0.060734813468
0.054701927504
0.048801945951
0.042253725638
0.035783465033
0.029886674041
0.02424327268
0.018311923312
0.0121840323576
0.0059656482336
-8.6434074816E-07
-0.0059697730432
-0.01210122603
-0.017784767022
-0.024149565944
-0.030124852485
-0.035923078968
-0.043217814339
-0.049544067006
-0.054960422134
-0.061015377969
-0.096036760572
-0.13041498558
-0.16775179642
-0.2029131936
-0.24255442552
-0.38951362132
-0.54295888198
-0.70502647475
-0.8421201872
-1.0068649227
-1.16599776937
-1.305582
-1.4736656
-1.5837337
-1.73211
dMdH Data
-3.58707692307692E-08
-3.76746153846154E-08
-3.33584615384615E-08
-3.88489319312928E-08
-3.64030060844749E-08
-3.98438473550204E-08
-3.68770923076923E-08
-3.60547234978731E-08
-3.98403089207006E-08
-3.56162739713383E-08
-4.2738091269709E-08
-3.39944664822161E-08
-3.67133333333333E-08
-4.36069573797159E-08
-2.61830715026183E-08
-5.92706687203698E-08
-2.0400816032641E-08
-4.24850982117858E-08
-2.7117830573554E-08
-4.75638051044085E-08
-4.79171249725015E-08
-4.85990280194405E-09
-5.85050314327028E-08
-9.81921446284309E-09
-5.47609006853904E-08
8.73992616859962E-09
-5.45614185968833E-08
-2.39019121529723E-08
-6.14824592983718E-08
-3.30553722478854E-08
-1.93196136077279E-08
-4.21067370779323E-08
-2.11183105351569E-08
-5.17200000000001E-08
-2.28204564091281E-08
-3.57423802031946E-08
-4.0236800789336E-08
-2.94090196993435E-08
-4.05533333333333E-08
-2.84666666666667E-08
-3.97244678968947E-08
-4.28753846153846E-08
-2.86370314531203E-08
-4.25718659374303E-08
-3.48920752626963E-08
-3.82854988961283E-08
-3.68913367897968E-08
-3.59784615384615E-08
-3.77838461538462E-08
-3.38276923076923E-08
-3.55607692307693E-08
-0.0000000387
-3.46546153846153E-08
-3.66230010076691E-08
-3.73861538461539E-08
-3.18889854693425E-08
-4.42123076923077E-08
-3.5962091724488E-08
-3.81336635948246E-08
-3.78091274816735E-08
-2.8170939031301E-08
-4.59733333333333E-08
-3.74666666666666E-08
-3.64134547115158E-08
-3.05501018336728E-08
-2.00240048009604E-08
-1.64003280065581E-09
-6.79613592271845E-08
-3.4379312413752E-08
-1.51993920243198E-09
-4.94829689781382E-08
-7.84368625254991E-08
2.39008126276294E-08
-5.55200000000003E-08
-3.47393972853529E-08
-2.74012974404732E-08
-3.85190755421869E-08
-3.89176649401038E-08
-1.99803996079918E-08
-4.10024601476093E-08
-2.60605212104241E-08
-5.16169029858205E-08
-2.08400000000002E-08
-3.34840180821701E-08
-6.98227929117164E-08
-3.30917890498444E-08
-3.403367367007E-08
-3.67254424852504E-08
-3.71512383746125E-08
-3.61787940401987E-08
-3.76001138444024E-08
-3.80317225888832E-08
-3.73599643074178E-08
-3.68767557422194E-08
-4.16667948737673E-08
-3.92659887075185E-08
-2.83091148257268E-08
-3.88730769230769E-08
-3.64253846153846E-08
-3.75330769230769E-08
-3.75330769230769E-08
dMdT Data
0
0
0
0
0
0
0
0
0
0
0
0
0
0
0
0
0
0
0
0
0
0
0
0
0
0
0
0
0
0
0
0
0
0
0
0
0
0
0
0
0
0
0
0
0
0
0
0
0
0
0
0
0
0
0
0
0
0
0
0
0
0
0
0
0
0
0
0
0
0
0
0
0
0
0
0
0
0
0
0
0
0
0
0
0
0
0
0
0
0
0
0
0
0
0
0
0
0
0
0
0
 
*********************************************** Results ***************************************
 
TotalArea 1.87195468572828E-02
AreaFirstQuad -7.85623295172019E-04
AreaSecondQuad 1.83797249704579E-02
AreaThirdQuad 0
AreaFourthQuad 1.1254451820001E-03
Coercivity 3.62205999952857
PositiveCoercivity 5846.1827108495
NegativeCoercivity 5853.42683084856
Retentivity 2.37687190699491E-07
PositiveRetentivity 2.16890623375334E-04
NegativeRetentivity 2.16415248993935E-04
Magnetization 0.000553417
PositiveMagnetization 0.000768188
NegativeMagnetization -0.000338646
Flatness -911.40641562947
Squareness 4.29490222923204E-04
SStar 2.82006948390306
SFD1 1.91003474195149
SFD2 2132.76150892184
Slope 0
Intercept 0
SlopeAtHc -3.60547234978731E-08
dH1 -3.29620043700379
dH2 7724.99015
InitialSlope -3.58707692307692E-08
FieldAtHalfMs 0
FieldAtMs -15000
MomentMean 0.00021046834
MomentRMS 2.25939681907399E-04
SFD3 2.82006948390323
dH3 -6.59240087400849
UserField1 0
UserField2 0
CenterField 0
ExchangeField 0
ExchangeMoment 0
ExRegionOneIntercept 0
ExRegionOneSlope 0
ExRegionTwoIntercept 0
ExRegionTwoSlope 0
NegativeIntercept 0
NegativeSlope 0
AutoCenterOffset 0
PinningField 0
PinningMoment 0
PinRegionOneIntercept 0
PinRegionOneSlope 0
PinRegionTwoIntercept 0
PinRegionTwoSlope 0
PositiveIntercept 0
PositiveSlope 0
TotalOffset 0
BHMax 0
BCoercivity 0
BRetentivity 0
BNegativeCoercivity 0
BPositiveCoercivity 0
BNegativeRetentivity 0
BPositiveRetentivity 0
MomentYMean -1.19186722772277E-04
MomentYRMS 2.17846351871594E-06
YOffCorrection 0
Mrt 0
Ms1 0
Ms2 0
Ms3 0
Hc2 0
Hex2 0
HsatValue 0
HsatIntercept 0
HsatSlope 0
CenterH 0
Span .001106834
SpanAsPercentOfRange -73.7889333333333
RMSAsPercentOfRange -15.0626454604933
SpanAsPercentOfMean 525.890972485458
RMSAsPercentOfMean 107.350911736843
