Version 1.25
******************************************** Units *******************************************
System CGS
TemperatureUnit K
MomentUnit emu
AppliedFieldUnit G
 
******************************************** Setup ********************************************
 
Experiment CustomField
Minor False
Acquisition PointByPoint
EditedPoint No
MaxField 500
FieldIncrement 16.6666666666667
Points 143
MinField 0
RampRate 500
AverageTime 3
TimeInterval 0
TimeConstant 0.3
TimeConstantIndex 1
Sensitivity -0.0015
SensitivityIndex 5
SensitivityY -4
SensitivityIndexY 0
SaturationField 8000
ExperimentTime 429
Use735Domains False
AutoRangeEnabled False
NumberOfVertices 7
VertexPts
0
27
44
71
98
115
142
VertexField
500
50
-50
-500
-50
50
500
StartAngle 0
EndAngle 0
AngleIncrement 0
StartTemp 0
FinishTemp 0
TempIncrement 0
TempPoints 0
LengthofSetPointsArray 143
SetPointArray
500
483.333333333333
466.666666666667
450
433.333333333333
416.666666666667
400
383.333333333333
366.666666666667
350
333.333333333333
316.666666666666
300
283.333333333333
266.666666666666
250
233.333333333333
216.666666666666
200
183.333333333333
166.666666666666
150
133.333333333333
116.666666666666
99.9999999999998
83.3333333333331
66.6666666666665
50
44.1176470588235
38.2352941176471
32.3529411764706
26.4705882352941
20.5882352941176
14.7058823529412
8.8235294117647
2.94117647058823
-2.94117647058824
-8.82352941176471
-14.7058823529412
-20.5882352941177
-26.4705882352941
-32.3529411764706
-38.2352941176471
-44.1176470588235
-50
-66.6666666666667
-83.3333333333333
-100
-116.666666666667
-133.333333333333
-150
-166.666666666667
-183.333333333333
-200
-216.666666666667
-233.333333333333
-250
-266.666666666667
-283.333333333333
-300
-316.666666666667
-333.333333333333
-350
-366.666666666667
-383.333333333333
-400
-416.666666666667
-433.333333333333
-450
-466.666666666667
-483.333333333334
-500
-483.333333333333
-466.666666666667
-450
-433.333333333333
-416.666666666667
-400
-383.333333333333
-366.666666666667
-350
-333.333333333333
-316.666666666666
-300
-283.333333333333
-266.666666666666
-250
-233.333333333333
-216.666666666666
-200
-183.333333333333
-166.666666666666
-150
-133.333333333333
-116.666666666666
-99.9999999999998
-83.3333333333331
-66.6666666666665
-50
-44.1176470588235
-38.2352941176471
-32.3529411764706
-26.4705882352941
-20.5882352941176
-14.7058823529412
-8.8235294117647
-2.94117647058823
2.94117647058824
8.82352941176471
14.7058823529412
20.5882352941177
26.4705882352941
32.3529411764706
38.2352941176471
44.1176470588235
50
66.6666666666667
83.3333333333333
100
116.666666666667
133.333333333333
150
166.666666666667
183.333333333333
200
216.666666666667
233.333333333333
250
266.666666666667
283.333333333333
300
316.666666666667
333.333333333333
350
366.666666666667
383.333333333333
400
416.666666666667
433.333333333333
450
466.666666666667
483.333333333334
500
FieldDomainFile c:\Ideasvsm\Default UserID\Experiments\Jason_500G\fdomain.ini
TempDomainFile c:\Ideasvsm\Default UserID\Experiments\Jason_500G\tdomain.ini
NumSelectedResults 0
ResultsSelected 
UserName1 
UserValue1 
UserName2 
UserValue2 
LinearBackgroundCorrection Off
MaxLinearFieldCorrection 
MinLinearFieldCorrection 
AutoLinearCorrection Off
FitOneRegion Off
BackgroundMode Off
BackgroundFilename 
AutoCenter Off
OffsetCorrection 
SmoothDeriv Off
DerivOrder 0
DerivPoints 0
MinExFieldOne 
MaxExFieldOne 
MinExFieldTwo 
MaxExFieldTwo 
MinPinFieldOne 
MaxPinFieldOne 
MinPinFieldTwo 
MaxPinFieldTwo 
HCenterStart 
Mass 
Volume 
Density 
MolarWeight 
NumberOfMoles 
Demagnetization 
SampleArea 
Thickness 
MomentScaling 0
XAxis 0
YAxis 0
SimpleSpinValve False
HsatMax 0
HsatMin 0
FieldAutoRange False
 
*************************************************** Experiment Data ********************************************
 
DataPoints 143
MomentX Data
0.000197008
0.00019783
0.000198644
0.000199059
0.000198691
0.000200814
0.000201644
0.00020235
0.000201747
0.000202854
0.000204572
0.000204168
0.000205598
0.000205829
0.000207903
0.000208236
0.000208637
0.000207712
0.000211635
0.00021073
0.000209874
0.000211737
0.00021278
0.000211567
0.00021224
0.000211369
0.000213335
0.000214897
0.000213511
0.000213014
0.000214835
0.000215572
0.000214566
0.000216184
0.000214374
0.000216753
0.00021503
0.00021676
0.000216353
0.000218216
0.000218096
0.000218173
0.000217898
0.000215969
0.000217528
0.000217743
0.000218821
0.000219209
0.000219473
0.000220839
0.000220531
0.000221829
0.000221606
0.000222906
0.000221575
0.000223995
0.000224726
0.000228325
0.000226383
0.000227513
0.000227244
0.000226969
0.000228576
0.000228489
0.000231587
0.000230786
0.000229258
0.000230496
0.000232305
0.00023515
0.000234422
0.000233966
0.000232783
0.000234541
0.000232348
0.00023152
0.000232752
0.000229521
0.000228921
0.00023058
0.000228286
0.000229502
0.000227245
0.000228499
0.000226667
0.00022702
0.000224301
0.000223437
0.000223936
0.000223264
0.000222864
0.000222612
0.000223835
0.000222146
0.00022002
0.000218773
0.000217863
0.000218785
0.00021761
0.000218723
0.000217124
0.00021601
0.000217087
0.000216167
0.000216086
0.000215576
0.000216252
0.000215249
0.000216434
0.000215695
0.000214364
0.000215927
0.000215414
0.000212817
0.000214129
0.000212894
0.000214394
0.000212453
0.00021284
0.000212145
0.000210189
0.000211096
0.000208482
0.000210345
0.000208231
0.000209025
0.000208479
0.000206992
0.000205648
0.000208029
0.000203872
0.000204507
0.000204357
0.000202735
0.000202878
0.000201235
0.000202529
0.000203476
0.00020061
0.000199911
0.000199392
0.00019791
0.000200443
MomentY Data
-0.000111103
-0.000110912
-0.000112057
-0.000112756
-0.000112025
-0.000111691
-0.000110817
-0.000113106
-0.000110976
-0.000110404
-0.000111564
-0.00010999
-0.000112947
-0.000111357
-0.000112089
-0.000113694
-0.000114679
-0.000113662
-0.000111802
-0.000113169
-0.000114059
-0.000114298
-0.000115315
-0.000114171
-0.00011398
-0.000112947
-0.000114711
-0.000111167
-0.000113074
-0.000116714
-0.000114886
-0.000116491
-0.000115156
-0.000116364
-0.000116046
-0.000114695
-0.000116475
-0.000117874
-0.000115506
-0.000116475
-0.000118923
-0.000118542
-0.000116078
-0.000115681
-0.000118399
-0.000119352
-0.000116428
-0.000116046
-0.000117397
-0.000118399
-0.000116158
-0.000117779
-0.000117731
-0.000116078
-0.00011611
-0.000116428
-0.000115283
-0.000114298
-0.000114361
-0.000115633
-0.000115871
-0.000115204
-0.000116841
-0.000116332
-0.000114632
-0.000116285
-0.00011735
-0.000117572
-0.000114997
-0.000115252
-0.000114902
-0.000116237
-0.000115108
-0.000117715
-0.000116825
-0.00011843
-0.000116936
-0.000119162
-0.000118907
-0.000116269
-0.000117636
-0.000117127
-0.000116618
-0.000116714
-0.00011603
-0.000117032
-0.000117556
-0.000114314
-0.000116762
-0.000117588
-0.000115538
-0.000116126
-0.000115776
-0.000116698
-0.00011975
-0.000117302
-0.000117143
-0.000116316
-0.000117858
-0.000116475
-0.000116984
-0.000114171
-0.000116682
-0.000118621
-0.00011646
-0.000113901
-0.000113138
-0.000114568
-0.000115045
-0.000114123
-0.00011495
-0.00011576
-0.000117397
-0.000117954
-0.000118462
-0.000115728
-0.000116316
-0.000117954
-0.000116078
-0.000117874
-0.000114584
-0.000116126
-0.000117413
-0.000117318
-0.000117556
-0.000115331
-0.000116762
-0.000115649
-0.000115887
-0.000115808
-0.000114616
-0.000116332
-0.00011452
-0.00011452
-0.000115554
-0.000113837
-0.000115601
-0.000115299
-0.000114727
-0.000116094
-0.000116507
-0.00011371
-0.000113646
Field Data
499.995
483.323
466.664
449.991
433.327
416.658
400.003
383.33
366.655
349.998
333.33
316.655
299.984
283.321
266.646
249.989
233.322
216.655
199.99
183.325
166.641
149.995
133.327
116.645
99.994
83.3375
66.652
49.9868
44.1096
38.2285
32.3436
26.454
20.5823
14.7158
8.81006
2.92979
-2.94267
-8.82627
-14.7066
-20.591
-26.4756
-32.3719
-38.2448
-44.1309
-50.0055
-66.6647
-83.3409
-100.01
-116.682
-133.338
-150.008
-166.689
-183.337
-200.015
-216.671
-233.35
-250.008
-266.677
-283.355
-300.009
-316.676
-333.36
-350.031
-366.666
-383.342
-400.005
-416.676
-433.347
-450.017
-466.675
-483.337
-500.019
-483.341
-466.682
-450.004
-433.335
-416.669
-400.012
-383.342
-366.658
-350.008
-333.332
-316.667
-299.999
-283.337
-266.684
-249.996
-233.341
-216.668
-199.999
-183.334
-166.674
-150.008
-133.333
-116.675
-100.008
-83.3394
-66.6754
-50.566
-44.1249
-38.241
-32.3597
-26.4871
-20.587
-14.6976
-8.82002
-2.94092
2.93577
8.82078
14.7108
20.5974
26.4652
32.3497
38.2356
44.1161
49.9899
66.6605
83.3144
100.007
116.658
133.34
149.989
166.66
183.33
200.006
216.665
233.337
249.994
266.662
283.327
299.999
316.666
333.334
350
366.677
383.322
400.003
416.663
433.337
450.003
466.662
483.331
500.001
Time Data
0
10.406
20.78
31.154
41.544
51.918
62.307
72.681
83.071
93.445
103.804
114.24
124.645
135.066
145.44
155.83
166.235
176.64
187.061
197.451
207.872
218.308
228.682
240.086
250.507
261.957
272.363
283.798
294.187
304.624
315.029
325.403
335.808
346.229
356.634
367.04
377.445
387.835
398.24
408.645
419.05
429.471
439.877
450.282
460.718
471.139
481.56
491.981
502.355
512.776
523.165
533.571
543.992
554.381
564.771
575.176
585.597
596.002
606.408
616.844
627.218
637.623
648.029
658.418
668.839
679.26
689.634
700.071
710.476
721.942
732.332
742.768
753.158
763.547
773.968
784.342
794.748
805.153
815.574
825.979
836.4
846.79
857.179
868.598
879.019
889.409
899.814
910.22
920.64
931.046
941.435
951.841
962.246
972.636
983.056
993.477
1003.9
1014.34
1024.74
1035.16
1045.58
1056
1066.42
1076.84
1087.25
1097.67
1108.09
1118.51
1128.93
1139.34
1149.74
1160.16
1170.55
1180.99
1191.4
1201.82
1212.24
1222.64
1233.08
1243.45
1253.89
1264.31
1274.73
1285.14
1295.56
1305.99
1316.42
1326.84
1337.21
1347.62
1358.05
1368.46
1378.83
1389.27
1400.72
1411.11
1421.53
1431.93
1442.32
1452.74
1463.2
1473.6
1484.02
Temperature Data
0
0
0
0
0
0
0
0
0
0
0
0
0
0
0
0
0
0
0
0
0
0
0
0
0
0
0
0
0
0
0
0
0
0
0
0
0
0
0
0
0
0
0
0
0
0
0
0
0
0
0
0
0
0
0
0
0
0
0
0
0
0
0
0
0
0
0
0
0
0
0
0
0
0
0
0
0
0
0
0
0
0
0
0
0
0
0
0
0
0
0
0
0
0
0
0
0
0
0
0
0
0
0
0
0
0
0
0
0
0
0
0
0
0
0
0
0
0
0
0
0
0
0
0
0
0
0
0
0
0
0
0
0
0
0
0
0
0
0
0
0
0
0
Angle Data
0
0
0
0
0
0
0
0
0
0
0
0
0
0
0
0
0
0
0
0
0
0
0
0
0
0
0
0
0
0
0
0
0
0
0
0
0
0
0
0
0
0
0
0
0
0
0
0
0
0
0
0
0
0
0
0
0
0
0
0
0
0
0
0
0
0
0
0
0
0
0
0
0
0
0
0
0
0
0
0
0
0
0
0
0
0
0
0
0
0
0
0
0
0
0
0
0
0
0
0
0
0
0
0
0
0
0
0
0
0
0
0
0
0
0
0
0
0
0
0
0
0
0
0
0
0
0
0
0
0
0
0
0
0
0
0
0
0
0
0
0
0
0
Bx Data
0
0
0
0
0
0
0
0
0
0
0
0
0
0
0
0
0
0
0
0
0
0
0
0
0
0
0
0
0
0
0
0
0
0
0
0
0
0
0
0
0
0
0
0
0
0
0
0
0
0
0
0
0
0
0
0
0
0
0
0
0
0
0
0
0
0
0
0
0
0
0
0
0
0
0
0
0
0
0
0
0
0
0
0
0
0
0
0
0
0
0
0
0
0
0
0
0
0
0
0
0
0
0
0
0
0
0
0
0
0
0
0
0
0
0
0
0
0
0
0
0
0
0
0
0
0
0
0
0
0
0
0
0
0
0
0
0
0
0
0
0
0
0
Hint Data
0
0
0
0
0
0
0
0
0
0
0
0
0
0
0
0
0
0
0
0
0
0
0
0
0
0
0
0
0
0
0
0
0
0
0
0
0
0
0
0
0
0
0
0
0
0
0
0
0
0
0
0
0
0
0
0
0
0
0
0
0
0
0
0
0
0
0
0
0
0
0
0
0
0
0
0
0
0
0
0
0
0
0
0
0
0
0
0
0
0
0
0
0
0
0
0
0
0
0
0
0
0
0
0
0
0
0
0
0
0
0
0
0
0
0
0
0
0
0
0
0
0
0
0
0
0
0
0
0
0
0
0
0
0
0
0
0
0
0
0
0
0
0
Torque Data
-0.055550944485
-0.053606320576
-0.052292967848
-0.050739185196
-0.048543457175
-0.046536948678
-0.044327132451
-0.04335692298
-0.04068990528
-0.038641179192
-0.03718762812
-0.03482888345
-0.033882292848
-0.031549776597
-0.029888083494
-0.028422249366
-0.026757133638
-0.02462544061
-0.02235928198
-0.020746706925
-0.019006905819
-0.01714412851
-0.015374603005
-0.013317476295
-0.01139731612
-0.0094127206125
-0.007645717572
-0.0055568825956
-0.0049876489104
-0.004461801149
-0.0037158268296
-0.003081652914
-0.0023701753388
-0.0017123893512
-0.00102237222276
-0.00033603226405
0.00034274748825
0.00104038774998
0.0016987005396
0.002398336725
0.0031485577788
0.0038374297698
0.0044393798944
0.0051051066429
0.0059206011945
0.0079565652744
0.0097032143052
0.01160576046
0.013698116754
0.015787085862
0.017424629264
0.019632463731
0.021584448347
0.02321734117
0.02515766981
0.0271684738
0.028821672264
0.030480647746
0.032404761155
0.034690940697
0.036693564796
0.03840440544
0.040897972071
0.042654989112
0.043943260144
0.046514581425
0.0488969286
0.050949473484
0.051750604949
0.0537852271
0.055536387974
0.058120708503
0.055636415828
0.05493547163
0.0525717173
0.05131986405
0.048723606184
0.047666229944
0.045582047194
0.042630959002
0.041173541088
0.039042177164
0.036929072206
0.035014083286
0.03287559211
0.031210561888
0.029388529776
0.026674143074
0.025298589016
0.023517482412
0.021182043692
0.019355184924
0.017367326208
0.015559694434
0.01397183125
0.011731138416
0.0097626273342
0.0077554158264
0.005959607628
0.0051394477275
0.004473585144
0.0036945393087
0.0030905678022
0.002442050527
0.001711682496
0.00100460909802
0.00033272980696
-0.00033634529736
-0.0010147866351
-0.0016788406284
-0.00236767113
-0.003063611552
-0.0037977577309
-0.0045100419624
-0.0052260814382
-0.0057852311472
-0.007753682718
-0.0098272667376
-0.011608612546
-0.013750945092
-0.01527863056
-0.017417622614
-0.01956805058
-0.02150790894
-0.023511905336
-0.024988191115
-0.027244894794
-0.028911556106
-0.030902659194
-0.032811533216
-0.034384685384
-0.036838389112
-0.03817340968
-0.040082
-0.042370994058
-0.043636226514
-0.046240746803
-0.048040827237
-0.049715453999
-0.052242648282
-0.054369389634
-0.05495956801
-0.056823113646
dMdH Data
-4.93042226487515E-08
-4.88624767392999E-08
-2.48905415941943E-08
2.20835333653381E-08
-1.27362169296299E-07
-4.98348844190935E-08
-4.23439093144607E-08
3.61619190404802E-08
-6.6458545956655E-08
-1.03071754259659E-07
2.42278860569726E-08
-8.57776977985735E-08
-1.3863049870972E-08
-1.24377811094452E-07
-1.99915951251717E-08
-2.40595188096237E-08
5.54988900221985E-08
-2.35403540354035E-07
5.43054305430538E-08
5.13066410932634E-08
-1.11918779286315E-07
-6.25749940004797E-08
7.27131039443722E-08
-4.04179929133385E-08
5.22918980578152E-08
-1.17826855653112E-07
-9.37282480858321E-08
2.35826584087661E-07
8.4508000204042E-08
-3.09436014205848E-07
-1.25135832654171E-07
1.71330279135516E-07
-2.75803289866189E-07
3.06481490888523E-07
-4.0457325939115E-07
2.9340344591534E-07
-2.94037664015229E-07
6.92138026267253E-08
-3.16599823261506E-07
2.03922101757115E-08
-1.30590370232167E-08
4.68252481738141E-08
3.27721241569123E-07
-2.65379770537571E-07
-1.29057817902419E-08
-6.46430241901635E-08
-2.3276601616163E-08
-1.58349328214977E-08
-8.20124879923143E-08
1.8476304739052E-08
-7.78130807505546E-08
1.33950024026903E-08
-7.79469960426913E-08
7.99111431316045E-08
-1.45092631452725E-07
-4.38828190659136E-08
-2.15909772631832E-07
1.16440820242235E-07
-6.78515671910643E-08
1.61396772064547E-08
1.64828578278602E-08
-9.63949373162986E-08
5.22993688007302E-09
-1.85775965459344E-07
4.80705755266163E-08
9.16561693959565E-08
-7.42606922200231E-08
-1.08518296340731E-07
-1.70788810181294E-07
4.3692233825471E-08
2.73348519362185E-08
-7.09317663988491E-08
1.0552854312984E-07
-1.31490586401247E-07
-4.96730457735916E-08
7.39229569182762E-08
-1.9397250405235E-07
-3.59928014397113E-08
9.94365859506111E-08
-1.37777777777778E-07
7.29191652674509E-08
-1.35433543354335E-07
7.52339812814984E-08
-1.09950786220142E-07
2.11973818531197E-08
-1.62931447746885E-07
-5.18763134193934E-08
2.99286271216935E-08
-4.03143559901603E-08
-2.40024002400246E-08
-1.51260504201687E-08
7.33829353174134E-08
-1.01289355322339E-07
-1.27626365710169E-07
-7.4818503629928E-08
-5.45936671346118E-08
5.53288526164196E-08
-7.29387810843368E-08
1.72796572014099E-07
-2.7175852750727E-07
-1.89413905089011E-07
1.83394067363692E-07
-1.55929560515925E-07
-1.37535232791119E-08
-8.6770405507025E-08
1.14983585923014E-07
-1.70674308156461E-07
2.01359046118865E-07
-1.25466467006904E-07
-2.26106750925828E-07
2.66368996898326E-07
-8.7178179964313E-08
-4.41223941962999E-07
2.23110279738118E-07
-2.10255711804962E-07
8.99787650114562E-08
-1.16549276745987E-07
2.31839258114371E-08
-4.17392348807875E-08
-1.17252128042202E-07
5.44777464111957E-08
-1.56799232199629E-07
1.11757648470306E-07
-1.26769009354761E-07
4.76619244852636E-08
-3.27495201535511E-08
-8.92717776310256E-08
-8.06335493160544E-08
1.42874287428743E-07
-2.49340211132439E-07
3.80992380152412E-08
-8.99928005759561E-09
-9.73238929557186E-08
8.57468369610851E-09
-9.8708320817063E-08
7.75732869732042E-08
5.68427370948364E-08
-1.71884370876814E-07
-4.19416776671068E-08
-3.11543309922556E-08
-8.89075529425876E-08
1.51949610077984E-07
1.51949610077984E-07
dMdT Data
0
0
0
0
0
0
0
0
0
0
0
0
0
0
0
0
0
0
0
0
0
0
0
0
0
0
0
0
0
0
0
0
0
0
0
0
0
0
0
0
0
0
0
0
0
0
0
0
0
0
0
0
0
0
0
0
0
0
0
0
0
0
0
0
0
0
0
0
0
0
0
0
0
0
0
0
0
0
0
0
0
0
0
0
0
0
0
0
0
0
0
0
0
0
0
0
0
0
0
0
0
0
0
0
0
0
0
0
0
0
0
0
0
0
0
0
0
0
0
0
0
0
0
0
0
0
0
0
0
0
0
0
0
0
0
0
0
0
0
0
0
0
0
 
*********************************************** Results ***************************************
 
TotalArea -1.85134415384999E-04
AreaFirstQuad -1.87855973911636E-05
AreaSecondQuad -1.66348817993837E-04
AreaThirdQuad 0
AreaFourthQuad 0
Coercivity 0
PositiveCoercivity 0
NegativeCoercivity 0
Retentivity 7.16645022675894E-08
PositiveRetentivity 2.15893389518192E-04
NegativeRetentivity 2.15750060513657E-04
Magnetization 0.00023515
PositiveMagnetization 0.00023515
NegativeMagnetization 0.000197008
Flatness -3011.55688223527
Squareness 3.04760800627639E-04
SStar 0
SFD1 0
SFD2 0
Slope 0
Intercept 0
SlopeAtHc 1.51949610077984E-07
dH1 0
dH2 31.3714
InitialSlope -4.93042226487515E-08
FieldAtHalfMs 0
FieldAtMs -466.675
MomentMean 2.15935636363636E-04
MomentRMS 9.7797320375352E-06
SFD3 0
dH3 0
UserField1 0
UserField2 0
CenterField 0
ExchangeField 0
ExchangeMoment 0
ExRegionOneIntercept 0
ExRegionOneSlope 0
ExRegionTwoIntercept 0
ExRegionTwoSlope 0
NegativeIntercept 0
NegativeSlope 0
AutoCenterOffset 0
PinningField 0
PinningMoment 0
PinRegionOneIntercept 0
PinRegionOneSlope 0
PinRegionTwoIntercept 0
PinRegionTwoSlope 0
PositiveIntercept 0
PositiveSlope 0
TotalOffset 0
BHMax 0
BCoercivity 0
BRetentivity 0
BNegativeCoercivity 0
BPositiveCoercivity 0
BNegativeRetentivity 0
BPositiveRetentivity 0
MomentYMean -1.15545853146853E-04
MomentYRMS 2.0437815439545E-06
YOffCorrection 0
Mrt 0
Ms1 0
Ms2 0
Ms3 0
Hc2 0
Hex2 0
HsatValue 0
HsatIntercept 0
HsatSlope 0
CenterH 0
Span .000038142
SpanAsPercentOfRange -2.5428
RMSAsPercentOfRange -.65198213583568
SpanAsPercentOfMean 17.663596728318
RMSAsPercentOfMean 4.52900327256132
