Version 1.25
******************************************** Units *******************************************
System CGS
TemperatureUnit K
MomentUnit emu
AppliedFieldUnit G
 
******************************************** Setup ********************************************
 
Experiment CustomField
Minor False
Acquisition PointByPoint
EditedPoint No
MaxField 15000
FieldIncrement 750
Points 101
MinField 0
RampRate 10
AverageTime 6
TimeInterval 10
TimeConstant 1
TimeConstantIndex 2
Sensitivity -0.0015
SensitivityIndex 5
SensitivityY -4
SensitivityIndexY 0
SaturationField 8000
ExperimentTime 606
Use735Domains False
AutoRangeEnabled False
NumberOfVertices 11
VertexPts
0
10
15
35
40
50
60
65
85
90
100
VertexField
15000
2000
500
-500
-2000
-15000
-2000
-500
500
2000
15000
StartAngle 0
EndAngle 0
AngleIncrement 0
StartTemp 0
FinishTemp 0
TempIncrement 0
TempPoints 0
LengthofSetPointsArray 101
SetPointArray
15000
13700
12400
11100
9800
8500
7200
5900
4600
3300
2000
1700
1400
1100
800
500
450
400
350
300
250
200
150
100
50
0
-50
-100
-150
-200
-250
-300
-350
-400
-450
-500
-800
-1100
-1400
-1700
-2000
-3300
-4600
-5900
-7200
-8500
-9800
-11100
-12400
-13700
-15000
-13700
-12400
-11100
-9800
-8500
-7200
-5900
-4600
-3300
-2000
-1700
-1400
-1100
-800
-500
-450
-400
-350
-300
-250
-200
-150
-100
-50
0
50
100
150
200
250
300
350
400
450
500
800
1100
1400
1700
2000
3300
4600
5900
7200
8500
9800
11100
12400
13700
15000
FieldDomainFile c:\Ideasvsm\Default UserID\Experiments\Jason_1p5T_cus\fdomain.ini
TempDomainFile c:\Ideasvsm\Default UserID\Experiments\Jason_1p5T_cus\tdomain.ini
NumSelectedResults 0
ResultsSelected 
UserName1 
UserValue1 
UserName2 
UserValue2 
LinearBackgroundCorrection Off
MaxLinearFieldCorrection 
MinLinearFieldCorrection 
AutoLinearCorrection Off
FitOneRegion Off
BackgroundMode Off
BackgroundFilename 
AutoCenter Off
OffsetCorrection 
SmoothDeriv Off
DerivOrder 0
DerivPoints 0
MinExFieldOne 
MaxExFieldOne 
MinExFieldTwo 
MaxExFieldTwo 
MinPinFieldOne 
MaxPinFieldOne 
MinPinFieldTwo 
MaxPinFieldTwo 
HCenterStart 
Mass 
Volume 
Density 
MolarWeight 
NumberOfMoles 
Demagnetization 
SampleArea 
Thickness 
MomentScaling 0
XAxis 0
YAxis 0
SimpleSpinValve False
HsatMax 0
HsatMin 0
FieldAutoRange True
 
*************************************************** Experiment Data ********************************************
 
DataPoints 101
MomentX Data
-0.000353052
-0.000297481
-0.000246409
-0.000188288
-0.000136111
-0.0000821078
-0.000016718
0.0000263458
0.00008227
0.000138251
0.000195512
0.00020572
0.000217128
0.000229586
0.000236036
0.000242761
0.000240204
0.000241443
0.000240758
0.000240133
0.000237481
0.000235114
0.00023114
0.000227357
0.000224352
0.000218233
0.000212025
0.000207091
0.000200867
0.000196603
0.000194382
0.000192469
0.000192572
0.000190656
0.000189314
0.000189062
0.000193757
0.000202053
0.000216331
0.00022717
0.00023733
0.000290011
0.000348237
0.000395885
0.000463216
0.000514691
0.000573303
0.000620108
0.000679984
0.000730661
0.000788688
0.0007322
0.000680617
0.000622875
0.000564848
0.000518082
0.000458347
0.000397733
0.000345046
0.000292746
0.000233386
0.00022694
0.000212817
0.000201024
0.000193727
0.000188673
0.000190209
0.00018892
0.000191499
0.000191504
0.000194281
0.000196813
0.000200888
0.00020415
0.000208258
0.000215921
0.000219153
0.00022573
0.000230072
0.000236334
0.000237361
0.000238991
0.000240969
0.000240642
0.000242102
0.000241905
0.00023806
0.000227818
0.000218532
0.000208039
0.000191176
0.000138641
0.0000783665
0.0000269658
-0.0000268015
-0.0000836476
-0.000133127
-0.000192301
-0.000243351
-0.000300921
-0.000349605
MomentY Data
-0.00011185
-0.000113106
-0.000114028
-0.000115728
-0.000113638
-0.000111731
-0.000112351
-0.000115204
-0.000116714
-0.000117715
-0.000117985
-0.000116793
-0.000116277
-0.000119217
-0.000115363
-0.000116078
-0.000113066
-0.000115307
-0.000116762
-0.00011553
-0.000116666
-0.000117938
-0.000115768
-0.000117071
-0.000117262
-0.000116897
-0.000115784
-0.000115132
-0.000116467
-0.000115951
-0.000117103
-0.000118001
-0.000118073
-0.000118566
-0.000118462
-0.00011824
-0.000117675
-0.000117572
-0.000118542
-0.000118144
-0.000117238
-0.000113773
-0.000114258
-0.00011572
-0.000114878
-0.000117079
-0.000114894
-0.000115641
-0.000119495
-0.000118828
-0.000119241
-0.000117048
-0.000118526
-0.000118748
-0.000119225
-0.000118605
-0.000118923
-0.000116658
-0.000115991
-0.000115387
-0.000120457
-0.000119225
-0.000118446
-0.00012122
-0.000118311
-0.000119384
-0.000118971
-0.000120465
-0.000119829
-0.000117906
-0.000119209
-0.000119837
-0.000119368
-0.000118558
-0.00011917
-0.000118891
-0.00011905
-0.000122158
-0.000120592
-0.000118581
-0.000119774
-0.000120155
-0.000120107
-0.000120846
-0.000119925
-0.000119082
-0.000120616
-0.000121172
-0.000119575
-0.000120314
-0.000120083
-0.000115037
-0.000117381
-0.000117612
-0.00011646
-0.00011541
-0.000116825
-0.000116134
-0.000120322
-0.000116158
-0.000113829
Field Data
15000
13700
12400
11100
9799.98
8499.97
7199.96
5899.96
4599.96
3299.94
1999.96
1699.98
1399.98
1099.98
799.977
499.978
449.991
399.991
349.99
299.995
249.991
199.994
149.992
99.9983
49.9923
-0.00517121
-50.0041
-100.007
-150.005
-200.006
-250.005
-300.007
-350.004
-400.003
-450.004
-500.006
-800.013
-1100.01
-1400.01
-1700.02
-2000.02
-3300.04
-4600.07
-5900.07
-7200.06
-8500.03
-9800.02
-11100
-12400
-13700
-15000
-13700
-12400
-11100
-9799.98
-8499.97
-7199.97
-5899.96
-4599.97
-3299.98
-1999.96
-1699.97
-1399.98
-1099.98
-799.978
-499.981
-449.995
-399.994
-349.996
-299.991
-249.993
-199.994
-149.993
-99.9936
-49.9909
0.00491081
50.0039
100.002
150.005
200.005
250.006
300.006
350.004
400.005
450
500.007
800.012
1100.01
1400.01
1700.01
2000.02
3300.04
4600.06
5900.06
7200.07
8500.04
9800.02
11100
12400
13700
15000
Time Data
0
14.586
29.141
43.712
58.235
72.821
87.376
101.931
116.502
132.071
146.61
160.104
173.66
187.186
200.727
214.236
227.762
241.24
255.795
269.289
282.799
296.308
309.787
323.265
336.775
350.332
363.841
377.382
390.892
404.464
418.02
431.546
445.087
459.626
473.136
486.645
500.139
513.68
527.206
540.746
554.303
568.842
584.411
598.982
613.552
628.091
642.662
657.232
671.772
686.327
700.881
715.468
730.054
744.624
759.195
773.703
788.258
802.828
817.367
833.014
847.585
861.11
874.604
888.145
901.67
915.258
928.846
942.387
956.973
970.498
983.992
997.58
1011.07
1024.57
1038.14
1051.68
1065.19
1078.78
1092.35
1105.88
1119.43
1132.97
1146.48
1161.02
1174.56
1188.09
1201.66
1215.19
1228.69
1243.23
1256.79
1271.38
1286.96
1301.52
1316.13
1330.72
1345.31
1359.84
1374.35
1388.89
1403.46
Temperature Data
0
0
0
0
0
0
0
0
0
0
0
0
0
0
0
0
0
0
0
0
0
0
0
0
0
0
0
0
0
0
0
0
0
0
0
0
0
0
0
0
0
0
0
0
0
0
0
0
0
0
0
0
0
0
0
0
0
0
0
0
0
0
0
0
0
0
0
0
0
0
0
0
0
0
0
0
0
0
0
0
0
0
0
0
0
0
0
0
0
0
0
0
0
0
0
0
0
0
0
0
0
Angle Data
0
0
0
0
0
0
0
0
0
0
0
0
0
0
0
0
0
0
0
0
0
0
0
0
0
0
0
0
0
0
0
0
0
0
0
0
0
0
0
0
0
0
0
0
0
0
0
0
0
0
0
0
0
0
0
0
0
0
0
0
0
0
0
0
0
0
0
0
0
0
0
0
0
0
0
0
0
0
0
0
0
0
0
0
0
0
0
0
0
0
0
0
0
0
0
0
0
0
0
0
0
Bx Data
0
0
0
0
0
0
0
0
0
0
0
0
0
0
0
0
0
0
0
0
0
0
0
0
0
0
0
0
0
0
0
0
0
0
0
0
0
0
0
0
0
0
0
0
0
0
0
0
0
0
0
0
0
0
0
0
0
0
0
0
0
0
0
0
0
0
0
0
0
0
0
0
0
0
0
0
0
0
0
0
0
0
0
0
0
0
0
0
0
0
0
0
0
0
0
0
0
0
0
0
0
Hint Data
0
0
0
0
0
0
0
0
0
0
0
0
0
0
0
0
0
0
0
0
0
0
0
0
0
0
0
0
0
0
0
0
0
0
0
0
0
0
0
0
0
0
0
0
0
0
0
0
0
0
0
0
0
0
0
0
0
0
0
0
0
0
0
0
0
0
0
0
0
0
0
0
0
0
0
0
0
0
0
0
0
0
0
0
0
0
0
0
0
0
0
0
0
0
0
0
0
0
0
0
0
Torque Data
-1.67775
-1.5495522
-1.4139472
-1.2845808
-1.11365012724
-0.94971014807
-0.80892270596
-0.67969899184
-0.53687973144
-0.3884524371
-0.2359652806
-0.19854576414
-0.16278547446
-0.13113631566
-0.092287746651
-0.058036446284
-0.050878682406
-0.046121762237
-0.04086553238
-0.03465842235
-0.029165450006
-0.023586892372
-0.017364273856
-0.0117069009793
-0.0058621970826
6.0449893537E-07
0.0057896747144
0.011514005924
0.017470632335
0.023190895706
0.029276335515
0.035401126007
0.041326022292
0.047426755698
0.053308373848
0.05912070944
0.094141529775
0.12933037572
0.16595998542
0.20084716288
0.23447834476
0.37545545092
0.52559479806
0.6827561004
0.82712849268
0.99517501237
1.12596349788
1.2836151
1.481738
1.6279436
1.788615
1.6035576
1.4697224
1.3181028
1.1684026155
1.00813894185
0.85624203231
0.68827753368
0.53355512027
0.38077479226
0.24090918172
0.20267892325
0.16582203108
0.1333395756
0.094646197158
0.059689731704
0.053536355145
0.04818527721
0.041939670684
0.035370738846
0.029801415537
0.023966680978
0.017904364424
0.0118550412288
0.005957415553
-5.8385111171E-07
-0.005952964295
-0.012216044316
-0.01808940296
-0.023716792905
-0.029944218644
-0.03604722093
-0.042037930428
-0.04833900423
-0.05396625
-0.059541833574
-0.096494247392
-0.13329041172
-0.16740619575
-0.20453500314
-0.24016840166
-0.37962670148
-0.53995964286
-0.69391785672
-0.8385201522
-0.9809896164
-1.1448873365
-1.2890874
-1.4919928
-1.5913646
-1.707435
dMdH Data
-4.27469230769231E-08
-3.92861538461538E-08
-4.47084615384615E-08
-4.01355363763634E-08
-4.1540603533819E-08
-5.0299459234929E-08
-0.000000033126
-4.30186153846154E-08
-4.30616452054584E-08
-4.4047600732319E-08
-3.40289352623508E-08
-3.80266666666667E-08
-4.15266666666666E-08
-2.149978500215E-08
-2.2416741389138E-08
5.11532998579632E-08
-2.47800000000004E-08
1.36997260054804E-08
1.2501250125012E-08
5.30357571394291E-08
4.73428405704342E-08
7.94768209271626E-08
7.56695343613298E-08
6.00927888653359E-08
1.22386189779457E-07
1.24162660085662E-07
9.86742768919398E-08
1.24484979399176E-07
8.52782944341113E-08
4.44208884177685E-08
3.82584696612137E-08
-2.0601236074169E-09
3.83207664153283E-08
2.68394632107361E-08
5.03979840806389E-09
-1.56496348418537E-08
-2.7653609869432E-08
-4.75933333333333E-08
-3.61287957068098E-08
-3.38666666666667E-08
-4.05232227196505E-08
-4.47881971954493E-08
-3.66523076923077E-08
-5.17934753344256E-08
-3.95970676246374E-08
-4.50865006653898E-08
-3.60044000676933E-08
-4.60584615384616E-08
-3.89823076923077E-08
-4.46361538461538E-08
-4.34523076923076E-08
-3.96792307692308E-08
-4.44169230769231E-08
-4.46354671466593E-08
-3.59735694340812E-08
-0.00000004595
-4.66257951861909E-08
-4.05287732982561E-08
-4.02310787006054E-08
-4.56608359871386E-08
-2.14873829127638E-08
-4.7078235941198E-08
-0.00000003931
-2.43231711788588E-08
-1.68468351350181E-08
3.07286040091227E-08
-2.57794844103117E-08
5.15820632825313E-08
9.99900009998482E-11
5.55422216888676E-08
5.06410128202563E-08
8.14983700325994E-08
6.52407828893946E-08
8.21555635995658E-08
1.53272841781121E-07
6.46413068015868E-08
1.31544998709951E-07
8.68347899126054E-08
0.00000012524
2.05395892082161E-08
3.25999999999999E-08
3.95615824632985E-08
-6.53986920261593E-09
2.92029202920293E-08
-3.93944847721343E-09
-1.28164530591156E-08
-3.41402276015174E-08
-3.09533333333334E-08
-3.49766666666666E-08
-5.62081263957869E-08
-4.04109167551268E-08
-4.63642867032815E-08
-0.000000039539
-4.13591433912047E-08
-4.37287783564236E-08
-3.80616624871152E-08
-4.5519161833259E-08
-3.92692307692308E-08
-4.42846153846154E-08
-3.74492307692308E-08
-3.74492307692308E-08
dMdT Data
0
0
0
0
0
0
0
0
0
0
0
0
0
0
0
0
0
0
0
0
0
0
0
0
0
0
0
0
0
0
0
0
0
0
0
0
0
0
0
0
0
0
0
0
0
0
0
0
0
0
0
0
0
0
0
0
0
0
0
0
0
0
0
0
0
0
0
0
0
0
0
0
0
0
0
0
0
0
0
0
0
0
0
0
0
0
0
0
0
0
0
0
0
0
0
0
0
0
0
0
0
 
*********************************************** Results ***************************************
 
TotalArea 2.52900432714088E-02
AreaFirstQuad 5.02286859113897E-03
AreaSecondQuad 1.00402331516968E-02
AreaThirdQuad 0
AreaFourthQuad 1.02269415285701E-02
Coercivity 71.614818133387
PositiveCoercivity 6552.05125970618
NegativeCoercivity 6695.28089597295
Retentivity 1.1566927892463E-06
PositiveRetentivity 2.18233632884688E-04
NegativeRetentivity 2.15920247306196E-04
Magnetization 0.00057087
PositiveMagnetization 0.000788688
NegativeMagnetization -0.000353052
Flatness -181.986541527163
Squareness 2.02619298482369E-03
SStar 1.48758028551229
SFD1 1.24379014275614
SFD2 1.39635207637817
Slope 0
Intercept 0
SlopeAtHc -0.000000033126
dH1 -17.4589867361938
dH2 99.9995
InitialSlope -4.27469230769231E-08
FieldAtHalfMs 0
FieldAtMs -15000
MomentMean 2.10284467326733E-04
MomentRMS 2.2106248820627E-04
SFD3 1.48758028551229
dH3 -34.9179734723875
UserField1 0
UserField2 0
CenterField 0
ExchangeField 0
ExchangeMoment 0
ExRegionOneIntercept 0
ExRegionOneSlope 0
ExRegionTwoIntercept 0
ExRegionTwoSlope 0
NegativeIntercept 0
NegativeSlope 0
AutoCenterOffset 0
PinningField 0
PinningMoment 0
PinRegionOneIntercept 0
PinRegionOneSlope 0
PinRegionTwoIntercept 0
PinRegionTwoSlope 0
PositiveIntercept 0
PositiveSlope 0
TotalOffset 0
BHMax 0
BCoercivity 0
BRetentivity 0
BNegativeCoercivity 0
BPositiveCoercivity 0
BNegativeRetentivity 0
BPositiveRetentivity 0
MomentYMean -1.17488693069307E-04
MomentYRMS 2.22900838375532E-06
YOffCorrection 0
Mrt 0
Ms1 0
Ms2 0
Ms3 0
Hc2 0
Hex2 0
HsatValue 0
HsatIntercept 0
HsatSlope 0
CenterH 0
Span .00114174
SpanAsPercentOfRange -76.116
RMSAsPercentOfRange -14.7374992137513
SpanAsPercentOfMean 542.950230473278
RMSAsPercentOfMean 105.125447930869
