Version 1.25
******************************************** Units *******************************************
System CGS
TemperatureUnit K
MomentUnit emu
AppliedFieldUnit G
 
******************************************** Setup ********************************************
 
Experiment CustomField
Minor False
Acquisition PointByPoint
EditedPoint No
MaxField 500
FieldIncrement 16.6666666666667
Points 143
MinField 0
RampRate 500
AverageTime 3
TimeInterval 0
TimeConstant 0.3
TimeConstantIndex 1
Sensitivity -0.0015
SensitivityIndex 5
SensitivityY -4
SensitivityIndexY 0
SaturationField 8000
ExperimentTime 429
Use735Domains False
AutoRangeEnabled False
NumberOfVertices 7
VertexPts
0
27
44
71
98
115
142
VertexField
500
50
-50
-500
-50
50
500
StartAngle 0
EndAngle 0
AngleIncrement 0
StartTemp 0
FinishTemp 0
TempIncrement 0
TempPoints 0
LengthofSetPointsArray 143
SetPointArray
500
483.333333333333
466.666666666667
450
433.333333333333
416.666666666667
400
383.333333333333
366.666666666667
350
333.333333333333
316.666666666666
300
283.333333333333
266.666666666666
250
233.333333333333
216.666666666666
200
183.333333333333
166.666666666666
150
133.333333333333
116.666666666666
99.9999999999998
83.3333333333331
66.6666666666665
50
44.1176470588235
38.2352941176471
32.3529411764706
26.4705882352941
20.5882352941176
14.7058823529412
8.8235294117647
2.94117647058823
-2.94117647058824
-8.82352941176471
-14.7058823529412
-20.5882352941177
-26.4705882352941
-32.3529411764706
-38.2352941176471
-44.1176470588235
-50
-66.6666666666667
-83.3333333333333
-100
-116.666666666667
-133.333333333333
-150
-166.666666666667
-183.333333333333
-200
-216.666666666667
-233.333333333333
-250
-266.666666666667
-283.333333333333
-300
-316.666666666667
-333.333333333333
-350
-366.666666666667
-383.333333333333
-400
-416.666666666667
-433.333333333333
-450
-466.666666666667
-483.333333333334
-500
-483.333333333333
-466.666666666667
-450
-433.333333333333
-416.666666666667
-400
-383.333333333333
-366.666666666667
-350
-333.333333333333
-316.666666666666
-300
-283.333333333333
-266.666666666666
-250
-233.333333333333
-216.666666666666
-200
-183.333333333333
-166.666666666666
-150
-133.333333333333
-116.666666666666
-99.9999999999998
-83.3333333333331
-66.6666666666665
-50
-44.1176470588235
-38.2352941176471
-32.3529411764706
-26.4705882352941
-20.5882352941176
-14.7058823529412
-8.8235294117647
-2.94117647058823
2.94117647058824
8.82352941176471
14.7058823529412
20.5882352941177
26.4705882352941
32.3529411764706
38.2352941176471
44.1176470588235
50
66.6666666666667
83.3333333333333
100
116.666666666667
133.333333333333
150
166.666666666667
183.333333333333
200
216.666666666667
233.333333333333
250
266.666666666667
283.333333333333
300
316.666666666667
333.333333333333
350
366.666666666667
383.333333333333
400
416.666666666667
433.333333333333
450
466.666666666667
483.333333333334
500
FieldDomainFile c:\Ideasvsm\Default UserID\Experiments\Jason_500G\fdomain.ini
TempDomainFile c:\Ideasvsm\Default UserID\Experiments\Jason_500G\tdomain.ini
NumSelectedResults 0
ResultsSelected 
UserName1 
UserValue1 
UserName2 
UserValue2 
LinearBackgroundCorrection Off
MaxLinearFieldCorrection 
MinLinearFieldCorrection 
AutoLinearCorrection Off
FitOneRegion Off
BackgroundMode Off
BackgroundFilename 
AutoCenter Off
OffsetCorrection 
SmoothDeriv Off
DerivOrder 0
DerivPoints 0
MinExFieldOne 
MaxExFieldOne 
MinExFieldTwo 
MaxExFieldTwo 
MinPinFieldOne 
MaxPinFieldOne 
MinPinFieldTwo 
MaxPinFieldTwo 
HCenterStart 
Mass 
Volume 
Density 
MolarWeight 
NumberOfMoles 
Demagnetization 
SampleArea 
Thickness 
MomentScaling 0
XAxis 0
YAxis 0
SimpleSpinValve False
HsatMax 0
HsatMin 0
FieldAutoRange False
 
*************************************************** Experiment Data ********************************************
 
DataPoints 143
MomentX Data
0.000243226
0.000241452
0.000243268
0.000242401
0.000241377
0.000243384
0.000242959
0.000242935
0.000241057
0.000240538
0.000241177
0.000238368
0.000240067
0.000238997
0.000239827
0.000238759
0.000237319
0.000237867
0.000236731
0.000235357
0.000232129
0.000232092
0.000233011
0.00022934
0.000229583
0.000226726
0.000226084
0.000223234
0.0002226
0.00022172
0.000220384
0.000219987
0.00021989
0.000217725
0.000218151
0.000216678
0.000218637
0.000217856
0.000215598
0.000215835
0.000214023
0.00021416
0.000214187
0.000212227
0.000211017
0.00020999
0.00020899
0.000206659
0.00020405
0.0002029
0.000201398
0.000199581
0.000196636
0.000195027
0.000194157
0.000194611
0.000195579
0.000191523
0.000189161
0.000190746
0.000189439
0.000191052
0.000189596
0.000189429
0.000189185
0.000189107
0.000188843
0.000187247
0.000190139
0.000187674
0.000188088
0.000189427
0.00018736
0.000188048
0.000189703
0.000189048
0.00018993
0.000187002
0.000188553
0.000189749
0.000189567
0.000190293
0.000191503
0.00019258
0.000190914
0.000192446
0.000191548
0.00019673
0.000193606
0.000196337
0.000197652
0.00020032
0.000197373
0.000197766
0.000201576
0.000202852
0.00020328
0.00020528
0.000207254
0.000208279
0.00020858
0.00021075
0.000210027
0.000212692
0.000210879
0.000212232
0.000212082
0.000213758
0.000215896
0.000213922
0.00021588
0.000214382
0.000217116
0.000218273
0.000217446
0.000217981
0.000221664
0.000223349
0.000224414
0.000225672
0.000228432
0.000231639
0.000232168
0.000234483
0.000234239
0.000236004
0.000237046
0.000237721
0.000238701
0.000240594
0.000240673
0.000241718
0.000241168
0.000240829
0.000241518
0.000241725
0.000243949
0.000243622
0.000243174
0.000243508
0.000242927
0.000241498
0.000243114
MomentY Data
-0.000123692
-0.000120274
-0.000121737
-0.000122849
-0.000124375
-0.000123676
-0.000122754
-0.00012277
-0.000120672
-0.000122229
-0.000123199
-0.000123231
-0.000121737
-0.000123231
-0.000119162
-0.000122531
-0.000121911
-0.000121848
-0.000121498
-0.000120465
-0.000121689
-0.000122579
-0.000122468
-0.000122436
-0.000120481
-0.000120242
-0.000121752
-0.00012153
-0.000121133
-0.000120831
-0.000120068
-0.000120831
-0.000123278
-0.000119654
-0.000121069
-0.00012277
-0.000120306
-0.000122054
-0.00012056
-0.000120767
-0.000119384
-0.000121562
-0.000120306
-0.000119543
-0.000118812
-0.000119479
-0.000121593
-0.000121069
-0.000122182
-0.000121466
-0.000122197
-0.000120163
-0.000123485
-0.000124296
-0.000121848
-0.000121593
-0.000123199
-0.00012207
-0.000122054
-0.000123088
-0.000124089
-0.000121514
-0.000120815
-0.000121005
-0.00012064
-0.00012037
-0.000122468
-0.000122611
-0.000119781
-0.000118971
-0.000120735
-0.000119845
-0.00012145
-0.000121737
-0.000120147
-0.000119781
-0.000118812
-0.000121562
-0.000121864
-0.000120894
-0.000121133
-0.000120751
-0.000121323
-0.000121212
-0.000121578
-0.000120751
-0.000119321
-0.000122197
-0.00012242
-0.000119718
-0.000120004
-0.000121164
-0.000120592
-0.000121864
-0.000122547
-0.000120465
-0.000120672
-0.000119925
-0.00012207
-0.000118558
-0.00012056
-0.00012002
-0.000121371
-0.000119575
-0.000121371
-0.000120894
-0.000120703
-0.000120831
-0.000119034
-0.00012304
-0.00012153
-0.000121466
-0.000119702
-0.000121435
-0.000121593
-0.000120894
-0.000120544
-0.000120831
-0.000123596
-0.00012188
-0.000120767
-0.000121212
-0.00012056
-0.000121657
-0.000121117
-0.000120115
-0.000122166
-0.000122452
-0.000120163
-0.000120974
-0.000119845
-0.000122945
-0.000122325
-0.000120719
-0.000122436
-0.00012126
-0.000121546
-0.000120449
-0.000120227
-0.000120401
-0.000121212
-0.000121959
-0.000122452
Field Data
500.008
483.33
466.656
450.003
433.327
416.669
399.995
383.325
366.659
349.996
333.326
316.656
299.988
283.331
266.665
250.003
233.331
216.659
199.985
183.315
166.669
149.996
133.327
116.661
99.9905
83.3268
66.6498
49.9959
44.1017
38.2143
32.3487
26.4547
20.5757
14.6931
8.81629
2.94275
-2.94968
-8.82752
-14.7154
-20.5955
-26.4888
-32.3602
-38.2485
-44.1126
-50.0025
-66.6612
-83.3506
-100.019
-116.665
-133.341
-150.004
-166.681
-183.354
-200.005
-216.671
-233.356
-250.007
-266.678
-283.346
-300.006
-316.671
-333.344
-350.009
-366.678
-383.33
-400.025
-416.671
-433.347
-450.014
-466.671
-483.35
-500.006
-483.325
-466.667
-449.993
-433.348
-416.668
-400.003
-383.342
-366.668
-350.001
-333.327
-316.672
-299.999
-283.318
-266.671
-250.015
-233.339
-216.679
-199.992
-183.339
-166.671
-150.005
-133.338
-116.663
-100
-83.3417
-66.663
-50.0102
-44.1286
-38.2365
-32.3567
-26.4743
-20.5892
-14.7114
-8.82577
-2.94092
2.9455
8.82527
14.6956
20.579
26.4681
32.3431
38.2226
44.1127
49.9889
66.6683
83.339
99.9988
116.667
133.328
149.996
166.666
183.344
199.995
216.667
233.331
249.998
266.652
283.323
299.988
316.67
333.335
349.992
366.671
383.328
400
416.668
433.328
449.995
466.662
483.337
499.999
Time Data
0
10.389
20.763
31.153
41.512
51.932
62.353
72.759
83.148
93.554
103.943
114.38
124.785
135.19
145.58
156.001
166.39
176.827
187.232
197.606
208.011
218.432
228.838
239.258
249.695
260.131
270.521
280.911
291.332
301.752
312.127
322.532
332.921
343.311
353.716
364.122
374.496
384.901
395.291
405.68
416.117
426.538
436.943
447.364
457.753
468.128
478.533
488.922
499.312
509.702
520.138
530.528
540.949
551.338
561.744
572.165
582.554
592.944
603.318
613.739
624.129
634.596
645.001
655.376
665.765
676.186
686.576
696.997
707.386
717.807
728.212
738.618
749.007
759.413
769.833
780.27
790.66
801.034
811.439
821.844
832.281
842.67
853.044
863.45
873.824
884.26
894.681
905.118
915.538
925.959
936.38
947.784
958.205
968.61
979.015
989.389
1000.84
1011.26
1021.67
1032.07
1042.48
1052.9
1063.3
1073.71
1084.08
1094.49
1104.88
1115.27
1125.69
1136.08
1146.48
1156.89
1167.29
1177.68
1188.09
1198.48
1208.85
1219.24
1229.6
1240.01
1250.4
1260.77
1271.19
1281.61
1292.02
1302.41
1312.81
1323.2
1333.62
1344.06
1354.46
1364.87
1375.29
1385.68
1397.1
1407.49
1417.89
1428.33
1438.69
1449.11
1459.55
1469.95
1480.36
Temperature Data
0
0
0
0
0
0
0
0
0
0
0
0
0
0
0
0
0
0
0
0
0
0
0
0
0
0
0
0
0
0
0
0
0
0
0
0
0
0
0
0
0
0
0
0
0
0
0
0
0
0
0
0
0
0
0
0
0
0
0
0
0
0
0
0
0
0
0
0
0
0
0
0
0
0
0
0
0
0
0
0
0
0
0
0
0
0
0
0
0
0
0
0
0
0
0
0
0
0
0
0
0
0
0
0
0
0
0
0
0
0
0
0
0
0
0
0
0
0
0
0
0
0
0
0
0
0
0
0
0
0
0
0
0
0
0
0
0
0
0
0
0
0
0
Angle Data
0
0
0
0
0
0
0
0
0
0
0
0
0
0
0
0
0
0
0
0
0
0
0
0
0
0
0
0
0
0
0
0
0
0
0
0
0
0
0
0
0
0
0
0
0
0
0
0
0
0
0
0
0
0
0
0
0
0
0
0
0
0
0
0
0
0
0
0
0
0
0
0
0
0
0
0
0
0
0
0
0
0
0
0
0
0
0
0
0
0
0
0
0
0
0
0
0
0
0
0
0
0
0
0
0
0
0
0
0
0
0
0
0
0
0
0
0
0
0
0
0
0
0
0
0
0
0
0
0
0
0
0
0
0
0
0
0
0
0
0
0
0
0
Bx Data
0
0
0
0
0
0
0
0
0
0
0
0
0
0
0
0
0
0
0
0
0
0
0
0
0
0
0
0
0
0
0
0
0
0
0
0
0
0
0
0
0
0
0
0
0
0
0
0
0
0
0
0
0
0
0
0
0
0
0
0
0
0
0
0
0
0
0
0
0
0
0
0
0
0
0
0
0
0
0
0
0
0
0
0
0
0
0
0
0
0
0
0
0
0
0
0
0
0
0
0
0
0
0
0
0
0
0
0
0
0
0
0
0
0
0
0
0
0
0
0
0
0
0
0
0
0
0
0
0
0
0
0
0
0
0
0
0
0
0
0
0
0
0
Hint Data
0
0
0
0
0
0
0
0
0
0
0
0
0
0
0
0
0
0
0
0
0
0
0
0
0
0
0
0
0
0
0
0
0
0
0
0
0
0
0
0
0
0
0
0
0
0
0
0
0
0
0
0
0
0
0
0
0
0
0
0
0
0
0
0
0
0
0
0
0
0
0
0
0
0
0
0
0
0
0
0
0
0
0
0
0
0
0
0
0
0
0
0
0
0
0
0
0
0
0
0
0
0
0
0
0
0
0
0
0
0
0
0
0
0
0
0
0
0
0
0
0
0
0
0
0
0
0
0
0
0
0
0
0
0
0
0
0
0
0
0
0
0
0
Torque Data
-0.061846989536
-0.05813203242
-0.056809301472
-0.055282418547
-0.053895045625
-0.051531955244
-0.04910098623
-0.04706081025
-0.044245474848
-0.042779661084
-0.041065429874
-0.039021835536
-0.036519639156
-0.034915162461
-0.03177633473
-0.030633117593
-0.028445615541
-0.026399465832
-0.02429777753
-0.022083041475
-0.020281783941
-0.018386359684
-0.016328291036
-0.014283506196
-0.0120469554305
-0.0100193810856
-0.0081147464496
-0.006076001727
-0.0053421712261
-0.0046174720833
-0.0038840437116
-0.0031965478557
-0.0025365311446
-0.0017580881874
-0.00106737941401
-0.0003612814175
0.00035486420208
0.00107743412608
0.001774088624
0.0024872567485
0.0031623388992
0.0039337706324
0.004601524041
0.0052733525418
0.00594089703
0.0079646135148
0.0101348495058
0.012109200311
0.01425436303
0.016196397906
0.018330038788
0.020028889003
0.02264146869
0.02485982148
0.026400928008
0.028374456108
0.030800612393
0.03255338346
0.034583512684
0.036927138528
0.039295387719
0.040505962816
0.042286337335
0.04436987139
0.0462449312
0.04815100925
0.051028864028
0.053133109017
0.053903126934
0.055520315541
0.05835726225
0.05992321907
0.05869982125
0.056810640579
0.054065308971
0.051906856788
0.049505158416
0.048625164686
0.046715589488
0.044327961192
0.042396671133
0.040249568577
0.038419597056
0.036363478788
0.034445235804
0.032200789921
0.029832039815
0.028513325783
0.02652584318
0.023942642256
0.022001413356
0.020194525044
0.01808940296
0.016249102032
0.014296700661
0.0120465
0.0100570096224
0.007994560275
0.006104745114
0.0052317985588
0.00460979244
0.003883451134
0.0032132122653
0.00246195359
0.0017855373294
0.00106698263838
0.00035497786676
-0.0003559077105
-0.00105050718918
-0.001808146624
-0.00250096587
-0.0032149742346
-0.0038715337562
-0.004641561431
-0.0053637955311
-0.0060433580766
-0.0080364635552
-0.010069934709
-0.0123594516848
-0.01421937396
-0.016101622576
-0.018181315152
-0.02009325296
-0.022305081008
-0.024222794415
-0.026024956705
-0.028505114946
-0.030612755096
-0.032041704276
-0.034274716602
-0.03595206186
-0.03893299315
-0.040775203875
-0.042250684248
-0.044893730556
-0.04648235328
-0.0486184
-0.050187243932
-0.052097725456
-0.054179847995
-0.056565034344
-0.058947297183
-0.061225877548
dMdH Data
1.06367669984411E-07
-1.08912078685378E-07
5.2062691406953E-08
6.14056128568E-08
-1.20482650978508E-07
2.54887849346286E-08
1.43971205758839E-09
1.12684507380295E-07
3.11468523075084E-08
-3.83323335332937E-08
1.68506298740251E-07
-1.01931845452364E-07
6.42372576094144E-08
-4.98019920796834E-08
6.4097947425278E-08
8.63723608445306E-08
-3.28694817658355E-08
6.81300227899723E-08
8.24235152969408E-08
1.93920461372102E-07
2.21915672044541E-09
-5.51322814805924E-08
2.20268810752431E-07
-1.45766473711049E-08
1.71450518192238E-07
3.84961323979132E-08
1.71131086412193E-07
1.07563367378102E-07
1.4947175323572E-07
2.27768685215494E-07
6.73566338649502E-08
1.64994046606536E-08
3.68034542549216E-07
-7.2488305730492E-08
2.50785727176459E-07
-3.32460461982578E-07
1.32871939351869E-07
3.83499663715971E-07
-4.03054369823627E-08
3.07467802419695E-07
-2.33334468780851E-08
-4.58536419679558E-09
3.34237137838711E-07
2.05436425066639E-07
6.16494684459181E-08
5.99182714777042E-08
1.39845456072569E-07
1.56734350594737E-07
6.89613816262893E-08
9.01398307627671E-08
1.08952449481322E-07
1.76632879505787E-07
9.66308329830052E-08
5.22020880835223E-08
-2.7210068924183E-08
-5.81346465677742E-08
2.4329674284686E-07
1.41708663306936E-07
-9.51380552220886E-08
7.84278427842787E-08
-9.67432375697251E-08
8.73687368736885E-08
1.00185973963645E-08
1.46528945472011E-08
4.67205750224669E-09
1.58596659858214E-08
9.57064044135287E-08
-1.73516529669406E-07
1.47985831782434E-07
-2.48216319923248E-08
-8.03914505283381E-08
-1.23913434446376E-07
4.13014767679203E-08
9.92563272160241E-08
-3.93511565034537E-08
5.28776978417255E-08
-1.75697569756975E-07
9.30916511613948E-08
7.17284394866256E-08
-1.09197816043674E-08
4.35408420295066E-08
7.26508555989208E-08
6.45954537275829E-08
-9.98741082668899E-08
9.20285937406139E-08
-5.39145052833824E-08
3.10745982249941E-07
-1.87515006002401E-07
1.63660334392041E-07
7.89647510959001E-08
1.6006719462443E-07
-1.76827073082923E-07
2.35795284094307E-08
2.2848575712144E-07
7.65768469063198E-08
2.56928978347124E-08
1.1991342250895E-07
1.1853862413528E-07
1.74272306855275E-07
5.10853515724484E-08
3.69060172114696E-07
-1.22909016727866E-07
4.52838524409102E-07
-3.08448739324238E-07
2.29881932775251E-07
-2.54891798431572E-08
2.84723142419334E-07
3.63619665395075E-07
-3.36267296727785E-07
3.32800761464461E-07
-2.54368239629146E-07
4.6536170212766E-07
1.96785440938856E-07
-1.4040508650108E-07
9.104523331405E-08
2.20811300166672E-07
1.01075539719388E-07
6.39263376511133E-08
7.54730564788036E-08
1.65656323149871E-07
1.92404607631389E-07
3.1733653269345E-08
1.38805612183716E-07
-1.46537745480764E-08
1.05866122840691E-07
6.25300048007686E-08
4.04991900161998E-08
5.88447219887103E-08
1.13550476876013E-07
4.74047404740456E-09
6.26423690205011E-08
-3.30033003300339E-08
-2.03518040463467E-08
4.13094310210449E-08
1.24272077805131E-08
1.33397312859884E-07
-1.96184305255579E-08
-2.68907563025215E-08
2.00395992080158E-08
-3.48593028139446E-08
-8.56971514242863E-08
9.69871564037924E-08
9.69871564037924E-08
dMdT Data
0
0
0
0
0
0
0
0
0
0
0
0
0
0
0
0
0
0
0
0
0
0
0
0
0
0
0
0
0
0
0
0
0
0
0
0
0
0
0
0
0
0
0
0
0
0
0
0
0
0
0
0
0
0
0
0
0
0
0
0
0
0
0
0
0
0
0
0
0
0
0
0
0
0
0
0
0
0
0
0
0
0
0
0
0
0
0
0
0
0
0
0
0
0
0
0
0
0
0
0
0
0
0
0
0
0
0
0
0
0
0
0
0
0
0
0
0
0
0
0
0
0
0
0
0
0
0
0
0
0
0
0
0
0
0
0
0
0
0
0
0
0
0
 
*********************************************** Results ***************************************
 
TotalArea 0.001169083897575
AreaFirstQuad 5.81649207743895E-04
AreaSecondQuad 5.87434689831104E-04
AreaThirdQuad 0
AreaFourthQuad 0
Coercivity 0
PositiveCoercivity 0
NegativeCoercivity 0
Retentivity 2.36850002024767E-06
PositiveRetentivity 2.17656348024499E-04
NegativeRetentivity 2.12919347984004E-04
Magnetization 0.000243949
PositiveMagnetization 0.000243949
NegativeMagnetization 0.000187002
Flatness -90.8962829486228
Squareness 9.70899663555774E-03
SStar 0
SFD1 0
SFD2 0
Slope 0
Intercept 0
SlopeAtHc 9.69871564037924E-08
dH1 0
dH2 136.2657
InitialSlope 1.06367669984411E-07
FieldAtHalfMs 0
FieldAtMs 400
MomentMean 2.15763412587413E-04
MomentRMS 1.95342312848997E-05
SFD3 0
dH3 0
UserField1 0
UserField2 0
CenterField 0
ExchangeField 0
ExchangeMoment 0
ExRegionOneIntercept 0
ExRegionOneSlope 0
ExRegionTwoIntercept 0
ExRegionTwoSlope 0
NegativeIntercept 0
NegativeSlope 0
AutoCenterOffset 0
PinningField 0
PinningMoment 0
PinRegionOneIntercept 0
PinRegionOneSlope 0
PinRegionTwoIntercept 0
PinRegionTwoSlope 0
PositiveIntercept 0
PositiveSlope 0
TotalOffset 0
BHMax 0
BCoercivity 0
BRetentivity 0
BNegativeCoercivity 0
BPositiveCoercivity 0
BNegativeRetentivity 0
BPositiveRetentivity 0
MomentYMean -1.21307083916084E-04
MomentYRMS 1.21559946665464E-06
YOffCorrection 0
Mrt 0
Ms1 0
Ms2 0
Ms3 0
Hc2 0
Hex2 0
HsatValue 0
HsatIntercept 0
HsatSlope 0
CenterH 0
Span .000056947
SpanAsPercentOfRange -3.79646666666667
RMSAsPercentOfRange -1.30228208565998
SpanAsPercentOfMean 26.3932607095417
RMSAsPercentOfMean 9.05354204897262
