Version 1.25
******************************************** Units *******************************************
System CGS
TemperatureUnit K
MomentUnit emu
AppliedFieldUnit G
 
******************************************** Setup ********************************************
 
Experiment CustomField
Minor False
Acquisition PointByPoint
EditedPoint No
MaxField 15000
FieldIncrement 750
Points 101
MinField 0
RampRate 10
AverageTime 6
TimeInterval 10
TimeConstant 1
TimeConstantIndex 2
Sensitivity -0.0013
SensitivityIndex 5
SensitivityY -4
SensitivityIndexY 0
SaturationField 8000
ExperimentTime 606
Use735Domains False
AutoRangeEnabled False
NumberOfVertices 11
VertexPts
0
10
15
35
40
50
60
65
85
90
100
VertexField
15000
2000
500
-500
-2000
-15000
-2000
-500
500
2000
15000
StartAngle 0
EndAngle 0
AngleIncrement 0
StartTemp 0
FinishTemp 0
TempIncrement 0
TempPoints 0
LengthofSetPointsArray 101
SetPointArray
15000
13700
12400
11100
9800
8500
7200
5900
4600
3300
2000
1700
1400
1100
800
500
450
400
350
300
250
200
150
100
50
0
-50
-100
-150
-200
-250
-300
-350
-400
-450
-500
-800
-1100
-1400
-1700
-2000
-3300
-4600
-5900
-7200
-8500
-9800
-11100
-12400
-13700
-15000
-13700
-12400
-11100
-9800
-8500
-7200
-5900
-4600
-3300
-2000
-1700
-1400
-1100
-800
-500
-450
-400
-350
-300
-250
-200
-150
-100
-50
0
50
100
150
200
250
300
350
400
450
500
800
1100
1400
1700
2000
3300
4600
5900
7200
8500
9800
11100
12400
13700
15000
FieldDomainFile c:\Ideasvsm\Default UserID\Experiments\Jason_1p5T_cus\fdomain.ini
TempDomainFile c:\Ideasvsm\Default UserID\Experiments\Jason_1p5T_cus\tdomain.ini
NumSelectedResults 0
ResultsSelected 
UserName1 
UserValue1 
UserName2 
UserValue2 
LinearBackgroundCorrection Off
MaxLinearFieldCorrection 
MinLinearFieldCorrection 
AutoLinearCorrection Off
FitOneRegion Off
BackgroundMode Off
BackgroundFilename 
AutoCenter Off
OffsetCorrection 
SmoothDeriv Off
DerivOrder 0
DerivPoints 0
MinExFieldOne 
MaxExFieldOne 
MinExFieldTwo 
MaxExFieldTwo 
MinPinFieldOne 
MaxPinFieldOne 
MinPinFieldTwo 
MaxPinFieldTwo 
HCenterStart 
Mass 
Volume 
Density 
MolarWeight 
NumberOfMoles 
Demagnetization 
SampleArea 
Thickness 
MomentScaling 0
XAxis 0
YAxis 0
SimpleSpinValve False
HsatMax 0
HsatMin 0
FieldAutoRange True
 
*************************************************** Experiment Data ********************************************
 
DataPoints 101
MomentX Data
0.000712779
0.000738915
0.000765747
0.00079076
0.000816112
0.00083863
0.000854195
0.000878367
0.000897303
0.00091483
0.00093325
0.000937694
0.000945112
0.000951464
0.000951188
0.000955099
0.000954076
0.000953371
0.000953832
0.000954794
0.000953818
0.00095312
0.000953775
0.000951228
0.000945705
0.000867886
-0.000484881
-0.000496934
-0.000523913
-0.000556097
-0.00056918
-0.0005704
-0.000570848
-0.000572109
-0.000571196
-0.000571685
-0.000568191
-0.000565361
-0.000560402
-0.000557002
-0.000550751
-0.000531236
-0.000502276
-0.000487836
-0.000468273
-0.000441734
-0.00042296
-0.000404279
-0.000375107
-0.000350186
-0.000323974
-0.000349955
-0.000377909
-0.000404833
-0.000425663
-0.000447806
-0.000466674
-0.000488227
-0.000507268
-0.000526625
-0.000545901
-0.000551778
-0.000554706
-0.000558522
-0.000563049
-0.000565859
-0.00056503
-0.000566323
-0.00056751
-0.000567211
-0.000568264
-0.00056825
-0.000566617
-0.000565299
-0.000559537
-0.000496963
0.000869814
0.000883478
0.000909127
0.0009413
0.000953314
0.000956388
0.000957442
0.000956512
0.000958304
0.000956492
0.000954627
0.000949473
0.000946833
0.000943668
0.000939465
0.000914449
0.000890349
0.000870638
0.000850663
0.00082864
0.000816009
0.000783079
0.00076123
0.000732481
0.000705783
MomentY Data
-0.000114687
-0.000118939
-0.000117524
-0.00011344
-0.000117652
-0.000114655
-0.000115101
-0.000115736
-0.000116142
-0.000116897
-0.000119511
-0.000121204
-0.000120576
-0.000122666
-0.000122142
-0.000120529
-0.000120982
-0.000121768
-0.000120457
-0.000119845
-0.000121355
-0.00011758
-0.000119384
-0.000119781
-0.000121363
-0.000119313
-0.000113599
-0.000114632
-0.000112685
-0.000112716
-0.000112089
-0.0001127
-0.000113805
-0.000113146
-0.000113948
-0.000112224
-0.000112804
-0.000112796
-0.000112128
-0.000114838
-0.000114719
-0.000113853
-0.000114059
-0.000113543
-0.000114147
-0.000117826
-0.000114655
-0.000114711
-0.000116309
-0.000114107
-0.000115983
-0.000115069
-0.000117596
-0.000116658
-0.000115164
-0.000113384
-0.00011344
-0.000113408
-0.000116452
-0.000114886
-0.000118136
-0.00011874
-0.000118351
-0.000117437
-0.000119805
-0.00011754
-0.000115299
-0.000116698
-0.000116221
-0.000116555
-0.000115244
-0.000115387
-0.000114584
-0.000115347
-0.000112859
-0.000117524
-0.000122635
-0.000121156
-0.000121379
-0.000121029
-0.000121943
-0.000120934
-0.000122468
-0.000120497
-0.000120306
-0.000123421
-0.000123477
-0.000121148
-0.00012153
-0.000122452
-0.000121291
-0.000121474
-0.000120997
-0.000120997
-0.000122611
-0.000120815
-0.000118852
-0.000119313
-0.000121792
-0.000121005
-0.000119774
Field Data
15000
13700
12400
11100
9799.98
8499.97
7199.96
5899.96
4599.97
3299.94
1999.96
1699.98
1399.98
1099.97
799.976
499.982
449.989
399.991
349.992
299.994
249.996
199.991
149.994
99.9918
49.9951
-0.00466855
-50.0057
-100.004
-150.002
-200.008
-250.001
-300.009
-350.004
-400.004
-450.005
-500.003
-800.014
-1100.02
-1400.02
-1700.02
-2000.02
-3300.05
-4600.06
-5900.07
-7200.05
-8500.04
-9800.03
-11100
-12400
-13700
-15000
-13700
-12400
-11100
-9799.98
-8499.98
-7199.97
-5899.98
-4599.97
-3300
-1999.96
-1699.98
-1399.97
-1099.98
-799.976
-499.979
-449.991
-399.991
-349.992
-299.997
-249.999
-199.992
-149.991
-99.9924
-49.9949
0.006787
50.0023
100.006
150.008
200.006
250.004
300.004
350.006
400.01
450.006
500.001
800.009
1100.01
1400.02
1700.02
2000.02
3300.04
4600.05
5900.06
7200.06
8500.04
9800.03
11100
12400
13700
15000
Time Data
0
14.555
28.953
43.462
57.798
72.228
86.736
101.151
115.659
131.165
145.549
158.918
172.334
185.781
199.213
212.629
226.061
239.524
253.907
267.339
280.739
294.093
307.54
320.972
334.403
347.804
361.158
374.558
388.021
401.453
414.869
428.347
441.748
456.287
469.687
483.119
496.535
509.983
523.445
536.862
550.309
564.817
580.323
594.722
609.152
623.66
638.091
652.583
667.029
681.568
695.951
710.506
724.89
739.413
753.812
768.351
782.875
797.43
811.844
827.335
841.734
855.166
868.598
882.029
895.477
908.893
922.309
935.662
950.186
963.602
977.05
990.497
1003.88
1017.36
1030.78
1044.22
1057.66
1071.07
1084.5
1097.94
1111.37
1124.78
1138.25
1152.75
1166.22
1179.6
1193.03
1206.48
1219.91
1233.31
1246.79
1261.17
1276.67
1291.25
1305.73
1320.28
1334.67
1349.1
1363.6
1378.04
1392.57
Temperature Data
0
0
0
0
0
0
0
0
0
0
0
0
0
0
0
0
0
0
0
0
0
0
0
0
0
0
0
0
0
0
0
0
0
0
0
0
0
0
0
0
0
0
0
0
0
0
0
0
0
0
0
0
0
0
0
0
0
0
0
0
0
0
0
0
0
0
0
0
0
0
0
0
0
0
0
0
0
0
0
0
0
0
0
0
0
0
0
0
0
0
0
0
0
0
0
0
0
0
0
0
0
Angle Data
0
0
0
0
0
0
0
0
0
0
0
0
0
0
0
0
0
0
0
0
0
0
0
0
0
0
0
0
0
0
0
0
0
0
0
0
0
0
0
0
0
0
0
0
0
0
0
0
0
0
0
0
0
0
0
0
0
0
0
0
0
0
0
0
0
0
0
0
0
0
0
0
0
0
0
0
0
0
0
0
0
0
0
0
0
0
0
0
0
0
0
0
0
0
0
0
0
0
0
0
0
Bx Data
0
0
0
0
0
0
0
0
0
0
0
0
0
0
0
0
0
0
0
0
0
0
0
0
0
0
0
0
0
0
0
0
0
0
0
0
0
0
0
0
0
0
0
0
0
0
0
0
0
0
0
0
0
0
0
0
0
0
0
0
0
0
0
0
0
0
0
0
0
0
0
0
0
0
0
0
0
0
0
0
0
0
0
0
0
0
0
0
0
0
0
0
0
0
0
0
0
0
0
0
0
Hint Data
0
0
0
0
0
0
0
0
0
0
0
0
0
0
0
0
0
0
0
0
0
0
0
0
0
0
0
0
0
0
0
0
0
0
0
0
0
0
0
0
0
0
0
0
0
0
0
0
0
0
0
0
0
0
0
0
0
0
0
0
0
0
0
0
0
0
0
0
0
0
0
0
0
0
0
0
0
0
0
0
0
0
0
0
0
0
0
0
0
0
0
0
0
0
0
0
0
0
0
0
0
Torque Data
-1.720305
-1.6294643
-1.4572976
-1.259184
-1.15298724696
-0.97456406035
-0.82872259596
-0.68283777056
-0.53424971574
-0.38575308618
-0.23901721956
-0.20604437592
-0.16880398848
-0.13492892002
-0.097710668592
-0.060262330478
-0.054440569198
-0.048706104088
-0.042158986344
-0.03595278093
-0.03033826458
-0.02351494178
-0.017906883696
-0.0119771177958
-0.0060675553213
5.5701870615E-07
0.0056805975143
0.011463658528
0.01690297537
0.022544101728
0.028022362089
0.0338110143
0.03983220522
0.045258852584
0.05127716974
0.056112336672
0.090244779256
0.12407785592
0.15698144256
0.19522689676
0.22944029438
0.37572059265
0.52467824354
0.66991164801
0.82186410735
1.00152571304
1.12362243965
1.2732921
1.4422316
1.5632659
1.739745
1.5764453
1.4581904
1.2949038
1.12860489672
0.96376173232
0.8167645968
0.66910493184
0.53567570644
0.3791238
0.23626727456
0.2018556252
0.16568784947
0.12917835126
0.09584112468
0.05876753166
0.051883512309
0.046678149718
0.040676420232
0.034966150335
0.028810884756
0.023076476904
0.017186568744
0.0115338233628
0.0056423744191
-0.000000797635388
-0.0061320320605
-0.012116326936
-0.018207821032
-0.024206526174
-0.030486237772
-0.036280683736
-0.042864534808
-0.04820000497
-0.054138421836
-0.061710623421
-0.098782711293
-0.13326401148
-0.1701444306
-0.20817084904
-0.24258442582
-0.40086905896
-0.55659224985
-0.71388955982
-0.88280655666
-1.0269323326
-1.16475316556
-1.3243743
-1.5102208
-1.6577685
-1.79661
dMdH Data
-2.01046153846154E-08
-0.00000002064
-1.92407692307693E-08
-1.95012384424855E-08
-1.73214052199599E-08
-1.19729848231936E-08
-1.85938461538462E-08
-1.4566265894353E-08
-1.348199656931E-08
-1.41694487607502E-08
-1.48143209547301E-08
-2.47266666666668E-08
-2.11726275790805E-08
9.20018400368037E-10
-1.30369274052151E-08
2.04628648010734E-08
1.41005640225617E-08
-9.22018440369014E-09
-1.92407696307846E-08
1.95207808312327E-08
1.39586041395868E-08
-1.31007860471631E-08
5.09377587386152E-08
1.10467290841196E-07
1.55638720451637E-06
2.70547818869045E-05
2.41068196318675E-07
5.39601584063363E-07
6.4360276766788E-07
2.61696637529254E-07
2.43960966245404E-08
8.96089608960909E-09
2.52200000000003E-08
-1.8259634807303E-08
9.78039121564866E-09
-1.16462396378801E-08
-9.43314467043992E-09
-1.65300000000001E-08
-1.13333333333332E-08
-2.08366666666666E-08
-1.50111920494142E-08
-2.22767517172945E-08
-1.11076068645625E-08
-1.50486930568163E-08
-2.04147724213263E-08
-1.44416495511504E-08
-1.43703316230375E-08
-0.00000002244
-0.00000001917
-2.01630769230769E-08
-1.99853846153846E-08
-2.15030769230769E-08
-2.07107692307692E-08
-1.60228304179936E-08
-1.70330769230769E-08
-1.45137345097346E-08
-1.65793583027562E-08
-1.46468104091507E-08
-1.48903436233144E-08
-1.48272360850436E-08
-1.95913060870723E-08
-9.75967467751083E-09
-1.27204240141339E-08
-1.50897988026828E-08
-9.36676033427004E-09
1.65839801552381E-08
-2.58599999999995E-08
-2.3740474809497E-08
5.9805980598069E-09
-2.10608424336972E-08
2.79960805487304E-10
3.26593468130619E-08
2.63607381006677E-08
1.15245762288114E-07
1.25143777648942E-06
2.73379933115198E-05
2.73259778776371E-07
5.12959481620735E-07
6.43485739429576E-07
2.40289611584465E-07
6.14799999999987E-08
2.10791568337268E-08
-1.85985121190306E-08
3.58428674293949E-08
-3.62436243624366E-08
-6.21650089330945E-09
-1.7179942733524E-08
-8.79970667644426E-09
-1.05499999999999E-08
-1.40100000000001E-08
-1.92427808802941E-08
-1.85383189360082E-08
-1.51621910600688E-08
-1.53653846153846E-08
-1.69410298619979E-08
-9.71622858637369E-09
-2.53313538004724E-08
-1.68069230769231E-08
-2.21146153846154E-08
-2.05369230769231E-08
-2.05369230769231E-08
dMdT Data
0
0
0
0
0
0
0
0
0
0
0
0
0
0
0
0
0
0
0
0
0
0
0
0
0
0
0
0
0
0
0
0
0
0
0
0
0
0
0
0
0
0
0
0
0
0
0
0
0
0
0
0
0
0
0
0
0
0
0
0
0
0
0
0
0
0
0
0
0
0
0
0
0
0
0
0
0
0
0
0
0
0
0
0
0
0
0
0
0
0
0
0
0
0
0
0
0
0
0
0
0
 
*********************************************** Results ***************************************
 
TotalArea 0.150547044640067
AreaFirstQuad 0.104980867223701
AreaSecondQuad 7.78144323848051E-03
AreaThirdQuad 2.98752033919934E-02
AreaFourthQuad 7.90953078589234E-03
Coercivity 25.1343844053045
PositiveCoercivity 18.1852609771148
NegativeCoercivity -32.0835078334943
Retentivity 6.82432379789836E-04
PositiveRetentivity 8.67893266071484E-04
NegativeRetentivity -4.96971493508189E-04
Magnetization 0.0007652065
PositiveMagnetization 0.000958304
NegativeMagnetization -0.000572109
Flatness 0.4753936781958
Squareness 0.891827735114425
SStar -3.56922495417186E-03
SFD1 0.498215387522914
SFD2 301.379668896976
Slope 0
Intercept 0
SlopeAtHc 2.70547818869045E-05
dH1 12.6120473386658
dH2 7574.99245
InitialSlope -2.01046153846154E-08
FieldAtHalfMs 0
FieldAtMs 450.006
MomentMean 1.9831700990099E-04
MomentRMS 7.09110506167078E-04
SFD3 -3.56922495417175E-03
dH3 25.2240946773317
UserField1 0
UserField2 0
CenterField 0
ExchangeField 0
ExchangeMoment 0
ExRegionOneIntercept 0
ExRegionOneSlope 0
ExRegionTwoIntercept 0
ExRegionTwoSlope 0
NegativeIntercept 0
NegativeSlope 0
AutoCenterOffset 0
PinningField 0
PinningMoment 0
PinRegionOneIntercept 0
PinRegionOneSlope 0
PinRegionTwoIntercept 0
PinRegionTwoSlope 0
PositiveIntercept 0
PositiveSlope 0
TotalOffset 0
BHMax 0
BCoercivity 0
BRetentivity 0
BNegativeCoercivity 0
BPositiveCoercivity 0
BNegativeRetentivity 0
BPositiveRetentivity 0
MomentYMean -1.17547831683168E-04
MomentYRMS 3.33284911770487E-06
YOffCorrection 0
Mrt 0
Ms1 0
Ms2 0
Ms3 0
Hc2 0
Hex2 0
HsatValue 0
HsatIntercept 0
HsatSlope 0
CenterH 0
Span .001530413
SpanAsPercentOfRange -117.724076923077
RMSAsPercentOfRange -54.5469620128522
SpanAsPercentOfMean 771.700319989727
RMSAsPercentOfMean 357.56413760025
