Version 1.25
******************************************** Units *******************************************
System CGS
TemperatureUnit K
MomentUnit emu
AppliedFieldUnit G
 
******************************************** Setup ********************************************
 
Experiment CustomField
Minor False
Acquisition PointByPoint
EditedPoint No
MaxField 15000
FieldIncrement 750
Points 101
MinField 0
RampRate 10
AverageTime 6
TimeInterval 10
TimeConstant 1
TimeConstantIndex 2
Sensitivity -0.0013
SensitivityIndex 5
SensitivityY -4
SensitivityIndexY 0
SaturationField 8000
ExperimentTime 606
Use735Domains False
AutoRangeEnabled False
NumberOfVertices 11
VertexPts
0
10
15
35
40
50
60
65
85
90
100
VertexField
15000
2000
500
-500
-2000
-15000
-2000
-500
500
2000
15000
StartAngle 0
EndAngle 0
AngleIncrement 0
StartTemp 0
FinishTemp 0
TempIncrement 0
TempPoints 0
LengthofSetPointsArray 101
SetPointArray
15000
13700
12400
11100
9800
8500
7200
5900
4600
3300
2000
1700
1400
1100
800
500
450
400
350
300
250
200
150
100
50
0
-50
-100
-150
-200
-250
-300
-350
-400
-450
-500
-800
-1100
-1400
-1700
-2000
-3300
-4600
-5900
-7200
-8500
-9800
-11100
-12400
-13700
-15000
-13700
-12400
-11100
-9800
-8500
-7200
-5900
-4600
-3300
-2000
-1700
-1400
-1100
-800
-500
-450
-400
-350
-300
-250
-200
-150
-100
-50
0
50
100
150
200
250
300
350
400
450
500
800
1100
1400
1700
2000
3300
4600
5900
7200
8500
9800
11100
12400
13700
15000
FieldDomainFile c:\Ideasvsm\Default UserID\Experiments\Jason_1p5T_cus\fdomain.ini
TempDomainFile c:\Ideasvsm\Default UserID\Experiments\Jason_1p5T_cus\tdomain.ini
NumSelectedResults 0
ResultsSelected 
UserName1 
UserValue1 
UserName2 
UserValue2 
LinearBackgroundCorrection Off
MaxLinearFieldCorrection 
MinLinearFieldCorrection 
AutoLinearCorrection Off
FitOneRegion Off
BackgroundMode Off
BackgroundFilename 
AutoCenter Off
OffsetCorrection 
SmoothDeriv Off
DerivOrder 0
DerivPoints 0
MinExFieldOne 
MaxExFieldOne 
MinExFieldTwo 
MaxExFieldTwo 
MinPinFieldOne 
MaxPinFieldOne 
MinPinFieldTwo 
MaxPinFieldTwo 
HCenterStart 
Mass 
Volume 
Density 
MolarWeight 
NumberOfMoles 
Demagnetization 
SampleArea 
Thickness 
MomentScaling 0
XAxis 0
YAxis 0
SimpleSpinValve False
HsatMax 0
HsatMin 0
FieldAutoRange True
 
*************************************************** Experiment Data ********************************************
 
DataPoints 101
MomentX Data
0.000729325
0.00075732
0.000784198
0.000809885
0.000832605
0.000852322
0.000876254
0.000895276
0.000908424
0.000928974
0.000949131
0.000955632
0.000960712
0.000963797
0.000966494
0.000968389
0.000968378
0.000967914
0.00096964
0.000969099
0.00096884
0.000967549
0.000967337
0.000966447
0.000959345
0.000882754
-0.000470069
-0.000483753
-0.000512267
-0.000543044
-0.00055387
-0.000557849
-0.000558151
-0.000558198
-0.000559139
-0.000558759
-0.000555611
-0.000553214
-0.000549445
-0.000544401
-0.000538379
-0.000522748
-0.000503176
-0.000471711
-0.000457405
-0.000424564
-0.000417687
-0.000388275
-0.000363418
-0.000337111
-0.000311075
-0.000339546
-0.000365255
-0.000391605
-0.000410479
-0.000434964
-0.000456617
-0.000481268
-0.000501441
-0.00051611
-0.00053819
-0.000544073
-0.000544823
-0.000551003
-0.000553894
-0.000556449
-0.000556613
-0.000557374
-0.000557618
-0.000558733
-0.000559212
-0.000559052
-0.000557388
-0.000556224
-0.000551072
-0.000486804
0.00087843
0.000889803
0.000916789
0.000950207
0.000960431
0.00096474
0.000964688
0.0009649
0.000965468
0.000963776
0.000960844
0.000954568
0.000953668
0.00094859
0.000943034
0.000924179
0.000902656
0.000880138
0.000857574
0.000839243
0.000818222
0.0007883
0.000766953
0.000740041
0.000712213
MomentY Data
-0.00011936
-0.000119702
-0.000121586
-0.000123278
-0.000119543
-0.000121355
-0.000121673
-0.000120838
-0.000118645
-0.000119718
-0.00012358
-0.000123922
-0.000121427
-0.000122809
-0.000123493
-0.000123684
-0.000124176
-0.000125392
-0.000122571
-0.000123199
-0.000123858
-0.000124121
-0.000123501
-0.000122984
-0.000123239
-0.000124025
-0.000118089
-0.00011514
-0.000118478
-0.000117469
-0.000115919
-0.000119909
-0.000119042
-0.000119249
-0.000118804
-0.000118907
-0.000116372
-0.000116356
-0.00011917
-0.000117445
-0.000117381
-0.000114838
-0.000116936
-0.000117183
-0.00011425
-0.000115172
-0.000118319
-0.000115951
-0.000114147
-0.000116809
-0.000114417
-0.000116277
-0.000117175
-0.000120211
-0.000117056
-0.000115212
-0.000115331
-0.000115657
-0.000116642
-0.000115299
-0.000119344
-0.000116102
-0.000118287
-0.000118677
-0.000118343
-0.000118971
-0.000118526
-0.000119193
-0.000118089
-0.000115156
-0.000115983
-0.000116038
-0.000114266
-0.000116944
-0.000118128
-0.000117445
-0.000122277
-0.000121919
-0.000122809
-0.000122158
-0.000121276
-0.000123096
-0.000122197
-0.000123922
-0.000122412
-0.000123588
-0.000121339
-0.000120076
-0.000122794
-0.000123668
-0.000123549
-0.000119265
-0.00012002
-0.000120751
-0.000119829
-0.000119503
-0.000121101
-0.000119646
-0.000120163
-0.000116626
-0.000116889
Field Data
15000
13700
12400
11100
9799.98
8499.97
7199.95
5899.96
4599.96
3299.93
1999.96
1699.98
1399.98
1099.97
799.977
499.976
449.99
399.986
349.989
299.993
249.995
199.991
149.993
99.9946
49.9952
-0.00387131
-50.0086
-100.005
-150.003
-200.006
-250.004
-300.008
-350.005
-400.007
-450.006
-500.007
-800.006
-1100.01
-1400.02
-1700.02
-2000.02
-3300.05
-4600.06
-5900.07
-7200.06
-8500.06
-9800.03
-11100
-12400
-13700
-15000
-13700
-12400
-11100
-9799.98
-8499.97
-7199.96
-5899.97
-4599.96
-3299.99
-1999.96
-1699.97
-1399.98
-1099.98
-799.98
-499.977
-449.994
-399.991
-349.994
-299.997
-249.994
-199.992
-149.992
-99.9934
-49.9978
0.00384374
50.0089
100.007
150.006
199.999
250.005
300.005
350.005
400.009
450.005
499.998
800.01
1100.01
1400.02
1700.02
2000.02
3300.04
4600.05
5900.05
7200.07
8500.06
9800.02
11100
12400
13700
15000
Time Data
0
14.586
28.97
43.368
57.908
72.416
86.94
101.479
115.987
131.493
146.001
159.449
172.88
186.328
199.775
213.176
226.638
240.039
254.594
268.01
281.426
294.873
308.289
321.721
335.168
348.616
362.032
375.448
388.864
402.296
415.774
429.19
442.653
457.036
470.437
483.915
497.3
510.747
524.195
537.642
551.042
565.582
581.073
595.487
610.011
624.425
638.933
653.473
667.996
682.489
696.935
711.474
725.982
740.537
755.029
769.6
783.983
798.398
812.921
828.412
842.967
856.352
869.784
883.2
896.585
909.985
923.417
936.833
951.372
964.835
978.236
991.667
1005.1
1018.56
1031.96
1045.42
1058.86
1072.26
1085.69
1099.14
1112.58
1126
1139.42
1153.92
1167.37
1180.83
1194.25
1207.68
1221.1
1234.54
1247.98
1262.47
1278.01
1292.42
1306.94
1321.36
1335.88
1350.27
1364.82
1379.24
1393.63
Temperature Data
0
0
0
0
0
0
0
0
0
0
0
0
0
0
0
0
0
0
0
0
0
0
0
0
0
0
0
0
0
0
0
0
0
0
0
0
0
0
0
0
0
0
0
0
0
0
0
0
0
0
0
0
0
0
0
0
0
0
0
0
0
0
0
0
0
0
0
0
0
0
0
0
0
0
0
0
0
0
0
0
0
0
0
0
0
0
0
0
0
0
0
0
0
0
0
0
0
0
0
0
0
Angle Data
0
0
0
0
0
0
0
0
0
0
0
0
0
0
0
0
0
0
0
0
0
0
0
0
0
0
0
0
0
0
0
0
0
0
0
0
0
0
0
0
0
0
0
0
0
0
0
0
0
0
0
0
0
0
0
0
0
0
0
0
0
0
0
0
0
0
0
0
0
0
0
0
0
0
0
0
0
0
0
0
0
0
0
0
0
0
0
0
0
0
0
0
0
0
0
0
0
0
0
0
0
Bx Data
0
0
0
0
0
0
0
0
0
0
0
0
0
0
0
0
0
0
0
0
0
0
0
0
0
0
0
0
0
0
0
0
0
0
0
0
0
0
0
0
0
0
0
0
0
0
0
0
0
0
0
0
0
0
0
0
0
0
0
0
0
0
0
0
0
0
0
0
0
0
0
0
0
0
0
0
0
0
0
0
0
0
0
0
0
0
0
0
0
0
0
0
0
0
0
0
0
0
0
0
0
Hint Data
0
0
0
0
0
0
0
0
0
0
0
0
0
0
0
0
0
0
0
0
0
0
0
0
0
0
0
0
0
0
0
0
0
0
0
0
0
0
0
0
0
0
0
0
0
0
0
0
0
0
0
0
0
0
0
0
0
0
0
0
0
0
0
0
0
0
0
0
0
0
0
0
0
0
0
0
0
0
0
0
0
0
0
0
0
0
0
0
0
0
0
0
0
0
0
0
0
0
0
0
0
Torque Data
-1.7904
-1.6399174
-1.5076664
-1.3683858
-1.17151900914
-1.03151385935
-0.87603951635
-0.71293936648
-0.5457622542
-0.39506101974
-0.2471550568
-0.21066492156
-0.16999537146
-0.13508621573
-0.098791559661
-0.061839031584
-0.05587795824
-0.050155044512
-0.042898501719
-0.036958837607
-0.03096388071
-0.024823082911
-0.018524285493
-0.0122977358864
-0.0061613584528
4.8013922275E-07
0.0059054655654
0.0115145757
0.017772055434
0.023494504814
0.028980213676
0.035973659272
0.04166529521
0.047700434743
0.053462512824
0.059454332349
0.093098298232
0.12799276356
0.1668403834
0.1996588489
0.23476434762
0.3789711419
0.53791261616
0.69138790281
0.822606855
0.97896891032
1.15952974957
1.2870561
1.4154228
1.6002833
1.716255
1.5929949
1.45297
1.3343421
1.14714645888
0.97929854364
0.83037858676
0.68237283029
0.53654853432
0.38048554701
0.23868322624
0.19736991694
0.16559943426
0.13054232646
0.09467203314
0.059482763667
0.053335988844
0.047676127263
0.041330441466
0.034546454532
0.028995054102
0.023206671696
0.017138985872
0.0116936281696
0.0059061401184
-4.514280443E-07
-0.0061149382653
-0.012192753433
-0.018422086854
-0.024431477842
-0.03031960638
-0.03692941548
-0.042769560985
-0.049569915298
-0.05508601206
-0.061793752824
-0.09707241339
-0.13208480076
-0.17191405588
-0.21023807336
-0.24710047098
-0.3935792706
-0.552098001
-0.71243693755
-0.86277718803
-1.01578267018
-1.18679222202
-1.3280706
-1.4900212
-1.5977762
-1.753335
dMdH Data
-2.15346153846154E-08
-2.06753846153846E-08
-1.97592307692308E-08
-1.747665420532E-08
-1.51668064091814E-08
-1.84089475546531E-08
-1.46324202493865E-08
-1.01138461538462E-08
-1.5807327523211E-08
-1.55057424402101E-08
-2.16714447629842E-08
-1.69333333333332E-08
-1.02829905669811E-08
-8.99020977156158E-09
-6.31664561118101E-09
2.20061617251958E-10
9.27925765938808E-09
-3.45220713242809E-08
1.08208656692548E-08
5.18020720828749E-09
2.58179345652358E-08
4.24016960678381E-09
1.78005696182262E-08
1.42041704500455E-07
1.53184845224678E-06
2.70539014097389E-05
2.7369970637886E-07
5.70302812112483E-07
6.15503069815812E-07
2.16528661146446E-07
7.95736341092709E-08
6.04036242174499E-09
9.39962401503561E-10
1.88203764075274E-08
-7.59984800303817E-09
-1.04933683112278E-08
-7.98989346808713E-09
-1.25629145695145E-08
-1.68133333333332E-08
-2.00733333333335E-08
-1.20235686868765E-08
-1.50552688056245E-08
-2.42036599718464E-08
-1.10047000361541E-08
-2.52623076923077E-08
-5.29012207974031E-09
-2.26251375031731E-08
-1.91207692307692E-08
-2.02361538461538E-08
-2.00276923076923E-08
-2.19007692307692E-08
-1.97761538461539E-08
-2.02692307692308E-08
-1.45182381809511E-08
-1.8834470504073E-08
-1.66560257228791E-08
-1.89624535573351E-08
-1.55175729417466E-08
-1.12841065563051E-08
-1.69842234409976E-08
-1.9610653688456E-08
-2.50008333611154E-09
-2.05999999999998E-08
-9.63666666666661E-09
-8.51658150085167E-09
-3.28111557929657E-09
-1.52190868547898E-08
-4.88029281756783E-09
-2.23013380802846E-08
-9.57942523448715E-09
3.19987200512031E-09
3.32799999999993E-08
2.32806518582521E-08
1.03049068318012E-07
1.28531774543618E-06
2.73019190879718E-05
2.27468643808464E-07
5.39730794615892E-07
6.68453583501691E-07
2.04455465344158E-07
8.61799999999995E-08
-1.03999999999903E-09
4.23966082713337E-09
1.13609088727109E-08
-3.38447382633584E-08
-9.77294241563663E-09
-2.09199999999998E-08
-2.99990000333348E-09
-1.69266666666665E-08
-0.00000001852
-1.45036230211843E-08
-1.65560264921039E-08
-1.73215384615385E-08
-1.73566560514454E-08
-1.41008776990592E-08
-1.61704975537709E-08
-2.30172771888798E-08
-1.64207692307692E-08
-2.07015384615385E-08
-2.14061538461539E-08
-2.14061538461539E-08
dMdT Data
0
0
0
0
0
0
0
0
0
0
0
0
0
0
0
0
0
0
0
0
0
0
0
0
0
0
0
0
0
0
0
0
0
0
0
0
0
0
0
0
0
0
0
0
0
0
0
0
0
0
0
0
0
0
0
0
0
0
0
0
0
0
0
0
0
0
0
0
0
0
0
0
0
0
0
0
0
0
0
0
0
0
0
0
0
0
0
0
0
0
0
0
0
0
0
0
0
0
0
0
0
 
*********************************************** Results ***************************************
 
TotalArea 0.297931240613543
AreaFirstQuad 0.242398095843036
AreaSecondQuad 7.67261278855857E-03
AreaThirdQuad 4.00271604144559E-02
AreaFourthQuad 7.83337156749359E-03
Coercivity 25.2337814123031
PositiveCoercivity 17.8342386815214
NegativeCoercivity -32.6333241430848
Retentivity 6.84784435343731E-04
PositiveRetentivity 8.82759930260232E-04
NegativeRetentivity -4.86808940427231E-04
Magnetization 0.000764426
PositiveMagnetization 0.00096964
NegativeMagnetization -0.000559212
Flatness 0.458436058114547
Squareness 0.89581520689214
SStar -3.09401893553972E-03
SFD1 0.49845299053223
SFD2 300.192637648304
Slope 0
Intercept 0
SlopeAtHc 2.70539014097389E-05
dH1 12.655927604904
dH2 7574.9954
InitialSlope -2.15346153846154E-08
FieldAtHalfMs 0
FieldAtMs 349.989
MomentMean 2.0946900990099E-04
MomentRMS 7.09421780419921E-04
SFD3 -3.09401893553953E-03
dH3 25.311855209808
UserField1 0
UserField2 0
CenterField 0
ExchangeField 0
ExchangeMoment 0
ExRegionOneIntercept 0
ExRegionOneSlope 0
ExRegionTwoIntercept 0
ExRegionTwoSlope 0
NegativeIntercept 0
NegativeSlope 0
AutoCenterOffset 0
PinningField 0
PinningMoment 0
PinRegionOneIntercept 0
PinRegionOneSlope 0
PinRegionTwoIntercept 0
PinRegionTwoSlope 0
PositiveIntercept 0
PositiveSlope 0
TotalOffset 0
BHMax 0
BCoercivity 0
BRetentivity 0
BNegativeCoercivity 0
BPositiveCoercivity 0
BNegativeRetentivity 0
BPositiveRetentivity 0
MomentYMean -1.19471841584158E-04
MomentYRMS 2.98180663938047E-06
YOffCorrection 0
Mrt 0
Ms1 0
Ms2 0
Ms3 0
Hc2 0
Hex2 0
HsatValue 0
HsatIntercept 0
HsatSlope 0
CenterH 0
Span .001528852
SpanAsPercentOfRange -117.604
RMSAsPercentOfRange -54.5709061861477
SpanAsPercentOfMean 729.87025657048
RMSAsPercentOfMean 338.676246550859
