Version 1.25
******************************************** Units *******************************************
System CGS
TemperatureUnit K
MomentUnit emu
AppliedFieldUnit G
 
******************************************** Setup ********************************************
 
Experiment CustomField
Minor False
Acquisition PointByPoint
EditedPoint No
MaxField 15000
FieldIncrement 750
Points 101
MinField 0
RampRate 10
AverageTime 6
TimeInterval 10
TimeConstant 1
TimeConstantIndex 2
Sensitivity -0.0013
SensitivityIndex 5
SensitivityY -4
SensitivityIndexY 0
SaturationField 8000
ExperimentTime 606
Use735Domains False
AutoRangeEnabled False
NumberOfVertices 11
VertexPts
0
10
15
35
40
50
60
65
85
90
100
VertexField
15000
2000
500
-500
-2000
-15000
-2000
-500
500
2000
15000
StartAngle 0
EndAngle 0
AngleIncrement 0
StartTemp 0
FinishTemp 0
TempIncrement 0
TempPoints 0
LengthofSetPointsArray 101
SetPointArray
15000
13700
12400
11100
9800
8500
7200
5900
4600
3300
2000
1700
1400
1100
800
500
450
400
350
300
250
200
150
100
50
0
-50
-100
-150
-200
-250
-300
-350
-400
-450
-500
-800
-1100
-1400
-1700
-2000
-3300
-4600
-5900
-7200
-8500
-9800
-11100
-12400
-13700
-15000
-13700
-12400
-11100
-9800
-8500
-7200
-5900
-4600
-3300
-2000
-1700
-1400
-1100
-800
-500
-450
-400
-350
-300
-250
-200
-150
-100
-50
0
50
100
150
200
250
300
350
400
450
500
800
1100
1400
1700
2000
3300
4600
5900
7200
8500
9800
11100
12400
13700
15000
FieldDomainFile c:\Ideasvsm\Default UserID\Experiments\Jason_1p5T_cus\fdomain.ini
TempDomainFile c:\Ideasvsm\Default UserID\Experiments\Jason_1p5T_cus\tdomain.ini
NumSelectedResults 0
ResultsSelected 
UserName1 
UserValue1 
UserName2 
UserValue2 
LinearBackgroundCorrection Off
MaxLinearFieldCorrection 
MinLinearFieldCorrection 
AutoLinearCorrection Off
FitOneRegion Off
BackgroundMode Off
BackgroundFilename 
AutoCenter Off
OffsetCorrection 
SmoothDeriv Off
DerivOrder 0
DerivPoints 0
MinExFieldOne 
MaxExFieldOne 
MinExFieldTwo 
MaxExFieldTwo 
MinPinFieldOne 
MaxPinFieldOne 
MinPinFieldTwo 
MaxPinFieldTwo 
HCenterStart 
Mass 
Volume 
Density 
MolarWeight 
NumberOfMoles 
Demagnetization 
SampleArea 
Thickness 
MomentScaling 0
XAxis 0
YAxis 0
SimpleSpinValve False
HsatMax 0
HsatMin 0
FieldAutoRange True
 
*************************************************** Experiment Data ********************************************
 
DataPoints 101
MomentX Data
0.000367007
0.00039613
0.00042326
0.000448189
0.000475876
0.000502918
0.000529985
0.000548794
0.000573745
0.000599236
0.000616918
0.000624809
0.00062732
0.000632822
0.000635079
0.00063944
0.000641456
0.000641245
0.000641421
0.000641108
0.000641241
0.000640648
0.000641082
0.000638739
0.000633767
0.000579272
-0.000217809
-0.000251597
-0.00026683
-0.000269096
-0.000269761
-0.000270487
-0.00026989
-0.00027067
-0.000269374
-0.000269126
-0.000266733
-0.000260686
-0.000256921
-0.000252692
-0.000247206
-0.000222043
-0.000199329
-0.000179783
-0.000152829
-0.000129145
-0.000103435
-0.00007151
-0.0000455702
-0.0000186033
0.00000634589
-0.0000179895
-0.0000467211
-0.0000776209
-0.000101276
-0.000129191
-0.00015607
-0.000182375
-0.000202563
-0.000225003
-0.000243874
-0.000250801
-0.000257518
-0.000260906
-0.000265974
-0.000265745
-0.000266957
-0.000268018
-0.000267781
-0.000268215
-0.000268124
-0.000267664
-0.000266634
-0.000267064
-0.000262233
-0.000214944
0.000587964
0.00062225
0.000638534
0.000641788
0.000641684
0.000643406
0.000642431
0.000642099
0.000642229
0.000642456
0.000639058
0.0006338
0.000629279
0.000622573
0.000619788
0.000590698
0.000568317
0.000551982
0.000519033
0.000505922
0.000476735
0.000445194
0.000420335
0.000390681
0.000362959
MomentY Data
-0.000122595
-0.000121832
-0.000121156
-0.000120457
-0.000120179
-0.000122531
-0.000120846
-0.000120894
-0.000122237
-0.000123056
-0.000124598
-0.000123684
-0.000123946
-0.000123119
-0.000124931
-0.000124121
-0.000120942
-0.000124343
-0.000121522
-0.000120568
-0.000122118
-0.000121959
-0.000123159
-0.000123596
-0.000122277
-0.000121689
-0.000117191
-0.00011723
-0.000118041
-0.000118597
-0.00011975
-0.000120052
-0.000119511
-0.000119432
-0.000119837
-0.000120385
-0.00012056
-0.000119217
-0.000120417
-0.000119789
-0.000118661
-0.000117437
-0.000116841
-0.000117143
-0.000118478
-0.000117151
-0.000117159
-0.000118375
-0.000119615
-0.000115323
-0.000121069
-0.000120187
-0.000119448
-0.000116777
-0.000121117
-0.000119487
-0.000117167
-0.000118597
-0.000116483
-0.00011487
-0.000118915
-0.000120401
-0.000120942
-0.000118327
-0.000119074
-0.000120854
-0.000119662
-0.000120076
-0.000119321
-0.000120147
-0.00012006
-0.000121538
-0.000119956
-0.00011944
-0.000119853
-0.00012118
-0.000121832
-0.00012215
-0.000123477
-0.000123366
-0.000123366
-0.000121848
-0.000122102
-0.000122221
-0.000124256
-0.000123787
-0.000124303
-0.000123835
-0.000124391
-0.000123763
-0.000125988
-0.000122333
-0.0001218
-0.000122857
-0.00012068
-0.000120536
-0.000119066
-0.000119797
-0.000122245
-0.000122078
-0.000119185
Field Data
15000
13700
12400
11100
9799.98
8499.96
7199.95
5899.97
4599.96
3299.93
1999.96
1699.98
1399.98
1099.98
799.978
499.981
449.995
399.994
349.991
299.996
249.993
199.994
149.99
99.9944
49.9934
-0.00539229
-50.0067
-100.005
-150.005
-200.004
-250.002
-300.003
-350.004
-400.005
-450.003
-500.009
-800.016
-1100.02
-1400.02
-1700.02
-2000.02
-3300.05
-4600.06
-5900.07
-7200.06
-8500.05
-9800.03
-11100
-12400
-13700
-15000
-13700
-12400
-11100
-9799.99
-8499.97
-7199.96
-5899.96
-4599.97
-3299.99
-1999.96
-1699.97
-1399.98
-1099.98
-799.978
-499.98
-449.99
-399.993
-349.993
-299.993
-249.993
-199.994
-149.987
-99.9926
-49.9968
0.00481974
50.0073
100.005
150.003
200.011
250.004
300.005
350.005
400.004
450.002
500.003
800.01
1100.02
1400.02
1700.01
2000.02
3300.04
4600.05
5900.07
7200.07
8500.05
9800.03
11100
12400
13700
15000
Time Data
0
14.539
29.094
43.587
58.001
72.509
87.033
101.572
115.956
131.493
145.908
159.355
172.756
186.187
199.65
213.097
226.482
239.93
254.344
267.76
281.192
294.623
308.071
321.502
334.934
348.381
361.782
375.214
388.661
402.093
415.524
428.956
442.403
456.911
470.312
483.743
497.206
510.622
524.085
537.501
550.933
565.348
580.839
595.284
609.761
624.191
638.73
653.239
667.669
682.099
696.607
711.146
725.639
740.162
754.702
769.21
783.609
798.195
812.578
828.116
842.608
856.024
869.425
882.778
896.21
909.657
923.105
936.505
951.044
964.461
977.908
991.355
1004.77
1018.2
1031.63
1045.08
1058.5
1071.93
1085.38
1098.76
1112.21
1125.66
1139.12
1153.49
1166.93
1180.38
1193.78
1207.21
1220.66
1234.11
1247.52
1261.94
1277.43
1291.97
1306.48
1320.89
1335.41
1349.84
1364.38
1378.78
1393.31
Temperature Data
0
0
0
0
0
0
0
0
0
0
0
0
0
0
0
0
0
0
0
0
0
0
0
0
0
0
0
0
0
0
0
0
0
0
0
0
0
0
0
0
0
0
0
0
0
0
0
0
0
0
0
0
0
0
0
0
0
0
0
0
0
0
0
0
0
0
0
0
0
0
0
0
0
0
0
0
0
0
0
0
0
0
0
0
0
0
0
0
0
0
0
0
0
0
0
0
0
0
0
0
0
Angle Data
0
0
0
0
0
0
0
0
0
0
0
0
0
0
0
0
0
0
0
0
0
0
0
0
0
0
0
0
0
0
0
0
0
0
0
0
0
0
0
0
0
0
0
0
0
0
0
0
0
0
0
0
0
0
0
0
0
0
0
0
0
0
0
0
0
0
0
0
0
0
0
0
0
0
0
0
0
0
0
0
0
0
0
0
0
0
0
0
0
0
0
0
0
0
0
0
0
0
0
0
0
Bx Data
0
0
0
0
0
0
0
0
0
0
0
0
0
0
0
0
0
0
0
0
0
0
0
0
0
0
0
0
0
0
0
0
0
0
0
0
0
0
0
0
0
0
0
0
0
0
0
0
0
0
0
0
0
0
0
0
0
0
0
0
0
0
0
0
0
0
0
0
0
0
0
0
0
0
0
0
0
0
0
0
0
0
0
0
0
0
0
0
0
0
0
0
0
0
0
0
0
0
0
0
0
Hint Data
0
0
0
0
0
0
0
0
0
0
0
0
0
0
0
0
0
0
0
0
0
0
0
0
0
0
0
0
0
0
0
0
0
0
0
0
0
0
0
0
0
0
0
0
0
0
0
0
0
0
0
0
0
0
0
0
0
0
0
0
0
0
0
0
0
0
0
0
0
0
0
0
0
0
0
0
0
0
0
0
0
0
0
0
0
0
0
0
0
0
0
0
0
0
0
0
0
0
0
0
0
Torque Data
-1.838925
-1.6690984
-1.5023344
-1.3370727
-1.17775179642
-1.04150859876
-0.8700851577
-0.71327097318
-0.56228531052
-0.40607618608
-0.24919101608
-0.21026032632
-0.17352192108
-0.13542843762
-0.099942051518
-0.062058141701
-0.05442329529
-0.049736453942
-0.042531606302
-0.036169917728
-0.030528645174
-0.024391068246
-0.01847261841
-0.0123589078624
-0.0061130429718
6.5618237781E-07
0.0058603351797
0.01172358615
0.017706740205
0.023719874388
0.0299377395
0.036015960156
0.041829328044
0.04777339716
0.053927009511
0.060193583465
0.09644992896
0.13114108434
0.16858620834
0.20364369578
0.23732437322
0.38754797185
0.53747561046
0.69115190001
0.85304870868
0.99578935755
1.14816171477
1.3139625
1.483226
1.5799251
1.816035
1.6465619
1.4811552
1.2962247
1.18694538883
1.01563591539
0.84359771332
0.69971755612
0.53581830551
0.3790698513
0.2378252434
0.20467808797
0.16931638116
0.13015733346
0.095256580372
0.06042458292
0.05384670338
0.048029559468
0.041761514753
0.036043258971
0.03001415958
0.024306870772
0.017991840572
0.011943116144
0.0059922664704
-5.840560932E-07
-0.0060924893736
-0.01221561075
-0.018521920431
-0.024674557026
-0.030841993464
-0.03655500924
-0.04273631051
-0.048888888884
-0.055915448512
-0.061893871361
-0.09944364303
-0.1362209767
-0.17414988782
-0.21039833763
-0.25197851976
-0.40370379332
-0.56028609
-0.72486489999
-0.8689044476
-1.0245620268
-1.16685037198
-1.3297467
-1.515838
-1.6724686
-1.787775
dMdH Data
-2.24023076923077E-08
-2.08692307692308E-08
-1.91761538461538E-08
-2.12973646559284E-08
-2.08012184427932E-08
-2.08206090722379E-08
-1.44686841336021E-08
-1.91929292851593E-08
-1.96080090459451E-08
-1.36018523504389E-08
-2.63050870058004E-08
-8.36999999999988E-09
-0.00000001834
-7.52328317811206E-09
-1.45368120347871E-08
-4.03312927619729E-08
4.21991560168719E-09
-3.51978881267028E-09
6.26062606260508E-09
-2.65984040957394E-09
1.18602372047444E-08
-8.67930565554762E-09
4.68641240429142E-08
9.94380112397753E-08
1.08992632629847E-06
1.59412030705867E-05
6.75782976621205E-07
0.00000030466
4.53209064181285E-08
1.33005320212799E-08
1.45197096058077E-08
-1.19397612047752E-08
1.55996880062394E-08
-2.5921036841473E-08
-4.95940487141546E-09
-7.9764805487872E-09
-2.01563979146945E-08
-1.25499999999999E-08
-1.40966666666667E-08
-1.82866666666667E-08
-1.93557071759882E-08
-1.74721732909747E-08
-1.50352689594695E-08
-2.07340056461973E-08
-1.82186016815514E-08
-1.97772273419591E-08
-2.4558259036747E-08
-1.99536923076923E-08
-2.07437692307692E-08
-1.91916846153846E-08
-1.87195307692308E-08
-2.21012307692308E-08
-2.37690769230769E-08
-1.81960907993015E-08
-2.14727465731296E-08
-2.067599480004E-08
-2.02346153846154E-08
-1.5529350225771E-08
-1.72618040277543E-08
-1.45158188657185E-08
-2.30907696923231E-08
-2.23907463582119E-08
-1.12933333333333E-08
-1.68932207118619E-08
7.63338422256061E-10
-2.4244848969794E-08
-2.12212732763968E-08
4.74000000000091E-09
-8.68000000000006E-09
1.81999999999938E-09
9.20018400368073E-09
2.05971164037026E-08
-8.60096330789037E-09
9.66281167618082E-08
9.45749362638547E-07
1.60573634712735E-05
6.85751544571051E-07
3.25693027721109E-07
6.50695888657827E-08
-2.08029124077393E-09
3.44393112137759E-08
-1.95000000000013E-08
-6.64013280265435E-09
2.6001040041599E-09
4.53990920181589E-09
-1.13264023839445E-08
-1.75260824639177E-08
-1.50700000000002E-08
-2.23540784692823E-08
-9.28302389920316E-09
-2.23765788218643E-08
-1.72160214152198E-08
-1.25651913047492E-08
-2.53453846153846E-08
-1.0085539777535E-08
-2.24518838751365E-08
-2.4262867604637E-08
-1.91223076923077E-08
-2.28107692307692E-08
-2.13246153846154E-08
-2.13246153846154E-08
dMdT Data
0
0
0
0
0
0
0
0
0
0
0
0
0
0
0
0
0
0
0
0
0
0
0
0
0
0
0
0
0
0
0
0
0
0
0
0
0
0
0
0
0
0
0
0
0
0
0
0
0
0
0
0
0
0
0
0
0
0
0
0
0
0
0
0
0
0
0
0
0
0
0
0
0
0
0
0
0
0
0
0
0
0
0
0
0
0
0
0
0
0
0
0
0
0
0
0
0
0
0
0
0
 
*********************************************** Results ***************************************
 
TotalArea 0.102334331298906
AreaFirstQuad 6.59240335519358E-02
AreaSecondQuad 3.98710856017593E-03
AreaThirdQuad 2.84867937840556E-02
AreaFourthQuad 3.93639540273968E-03
Coercivity 7316.4991312274
PositiveCoercivity -14669.3416900509
NegativeCoercivity -36.3434275960569
Retentivity 3.97113217732432E-04
PositiveRetentivity 5.7927787719883E-04
NegativeRetentivity -2.14948558266033E-04
Magnetization 0.000457038
PositiveMagnetization 0.000643406
NegativeMagnetization -0.00027067
Flatness 1.46835003675253
Squareness 0.868884464163662
SStar 0.996595213196146
SFD1 0.998297606598073
SFD2 1.03533033547005
Slope 0
Intercept 0
SlopeAtHc 1.59412030705867E-05
dH1 12.4555598462061
dH2 7574.9935
InitialSlope -2.24023076923077E-08
FieldAtHalfMs 0
FieldAtMs 300.005
MomentMean 1.87887731584158E-04
MomentRMS 4.01526811812003E-04
SFD3 0.996595213196146
dH3 24.9111196924121
UserField1 0
UserField2 0
CenterField 0
ExchangeField 0
ExchangeMoment 0
ExRegionOneIntercept 0
ExRegionOneSlope 0
ExRegionTwoIntercept 0
ExRegionTwoSlope 0
NegativeIntercept 0
NegativeSlope 0
AutoCenterOffset 0
PinningField 0
PinningMoment 0
PinRegionOneIntercept 0
PinRegionOneSlope 0
PinRegionTwoIntercept 0
PinRegionTwoSlope 0
PositiveIntercept 0
PositiveSlope 0
TotalOffset 0
BHMax 0
BCoercivity 0
BRetentivity 0
BNegativeCoercivity 0
BPositiveCoercivity 0
BNegativeRetentivity 0
BPositiveRetentivity 0
MomentYMean -1.20740168316832E-04
MomentYRMS 2.29549706629874E-06
YOffCorrection 0
Mrt 0
Ms1 0
Ms2 0
Ms3 0
Hc2 0
Hex2 0
HsatValue 0
HsatIntercept 0
HsatSlope 0
CenterH 0
Span .000914076
SpanAsPercentOfRange -70.3135384615385
RMSAsPercentOfRange -30.8866778316925
SpanAsPercentOfMean 486.501163377221
RMSAsPercentOfMean 213.7057105467
