Version 1.25
******************************************** Units *******************************************
System CGS
TemperatureUnit K
MomentUnit emu
AppliedFieldUnit G
 
******************************************** Setup ********************************************
 
Experiment CustomField
Minor False
Acquisition PointByPoint
EditedPoint No
MaxField 15000
FieldIncrement 750
Points 101
MinField 0
RampRate 10
AverageTime 6
TimeInterval 10
TimeConstant 1
TimeConstantIndex 2
Sensitivity -0.0013
SensitivityIndex 5
SensitivityY -4
SensitivityIndexY 0
SaturationField 8000
ExperimentTime 606
Use735Domains False
AutoRangeEnabled False
NumberOfVertices 11
VertexPts
0
10
15
35
40
50
60
65
85
90
100
VertexField
15000
2000
500
-500
-2000
-15000
-2000
-500
500
2000
15000
StartAngle 0
EndAngle 0
AngleIncrement 0
StartTemp 0
FinishTemp 0
TempIncrement 0
TempPoints 0
LengthofSetPointsArray 101
SetPointArray
15000
13700
12400
11100
9800
8500
7200
5900
4600
3300
2000
1700
1400
1100
800
500
450
400
350
300
250
200
150
100
50
0
-50
-100
-150
-200
-250
-300
-350
-400
-450
-500
-800
-1100
-1400
-1700
-2000
-3300
-4600
-5900
-7200
-8500
-9800
-11100
-12400
-13700
-15000
-13700
-12400
-11100
-9800
-8500
-7200
-5900
-4600
-3300
-2000
-1700
-1400
-1100
-800
-500
-450
-400
-350
-300
-250
-200
-150
-100
-50
0
50
100
150
200
250
300
350
400
450
500
800
1100
1400
1700
2000
3300
4600
5900
7200
8500
9800
11100
12400
13700
15000
FieldDomainFile c:\Ideasvsm\Default UserID\Experiments\Jason_1p5T_cus\fdomain.ini
TempDomainFile c:\Ideasvsm\Default UserID\Experiments\Jason_1p5T_cus\tdomain.ini
NumSelectedResults 0
ResultsSelected 
UserName1 
UserValue1 
UserName2 
UserValue2 
LinearBackgroundCorrection Off
MaxLinearFieldCorrection 
MinLinearFieldCorrection 
AutoLinearCorrection Off
FitOneRegion Off
BackgroundMode Off
BackgroundFilename 
AutoCenter Off
OffsetCorrection 
SmoothDeriv Off
DerivOrder 0
DerivPoints 0
MinExFieldOne 
MaxExFieldOne 
MinExFieldTwo 
MaxExFieldTwo 
MinPinFieldOne 
MaxPinFieldOne 
MinPinFieldTwo 
MaxPinFieldTwo 
HCenterStart 
Mass 
Volume 
Density 
MolarWeight 
NumberOfMoles 
Demagnetization 
SampleArea 
Thickness 
MomentScaling 0
XAxis 0
YAxis 0
SimpleSpinValve False
HsatMax 0
HsatMin 0
FieldAutoRange True
 
*************************************************** Experiment Data ********************************************
 
DataPoints 101
MomentX Data
0.000387594
0.000414342
0.000439109
0.000470295
0.000495103
0.000516491
0.000542861
0.000570079
0.000591144
0.000611612
0.000633578
0.00063909
0.000645707
0.000645782
0.000652122
0.000652969
0.000654185
0.000654359
0.000653898
0.000652044
0.000652609
0.000653618
0.000652931
0.00065061
0.000644512
0.000588727
-0.000205783
-0.000241303
-0.000255294
-0.000257797
-0.000259506
-0.000259831
-0.000260144
-0.000260631
-0.000260048
-0.000260023
-0.0002565
-0.000252972
-0.000249251
-0.000245662
-0.0002393
-0.000215459
-0.000193645
-0.000178907
-0.000148575
-0.000129313
-0.0000885432
-0.0000667241
-0.0000395118
-0.0000131424
0.0000120735
-0.0000154422
-0.0000402379
-0.0000693537
-0.0000954168
-0.000125624
-0.000148805
-0.000171334
-0.000199951
-0.000220187
-0.000239713
-0.000244387
-0.000248216
-0.000253783
-0.00025975
-0.000261694
-0.000261989
-0.000263871
-0.000262091
-0.000263677
-0.000264916
-0.000263355
-0.000262593
-0.000263689
-0.000257948
-0.000210021
0.000592096
0.000627039
0.00064198
0.000645059
0.000645878
0.000646105
0.000645932
0.000646899
0.00064573
0.000645444
0.000642314
0.000638472
0.000632289
0.000627426
0.000624877
0.0005975
0.000572473
0.000547733
0.000527116
0.000513452
0.000470458
0.000450234
0.000421053
0.000394254
0.000368478
MomentY Data
-0.000119797
-0.000121983
-0.000119392
-0.000122921
-0.000120974
-0.000120576
-0.000118836
-0.00011963
-0.000121093
-0.000120934
-0.000122221
-0.00012265
-0.000120258
-0.000124685
-0.000123127
-0.000120886
-0.000122245
-0.000122921
-0.000122714
-0.000124613
-0.000122905
-0.000122317
-0.00012455
-0.000122158
-0.000123159
-0.000124383
-0.000120171
-0.000120131
-0.000121578
-0.000121625
-0.000120258
-0.00011998
-0.000120139
-0.000121363
-0.000122984
-0.000121784
-0.000121442
-0.000120926
-0.00012033
-0.000119519
-0.000119273
-0.00011766
-0.000117604
-0.000116181
-0.000116722
-0.00011549
-0.000117803
-0.000120346
-0.000117556
-0.00012114
-0.000118303
-0.000120894
-0.000117493
-0.000119058
-0.000117461
-0.000118526
-0.000115482
-0.000116324
-0.000116992
-0.000117826
-0.000118232
-0.000120139
-0.000120616
-0.000119766
-0.000120687
-0.000116666
-0.000119829
-0.000118407
-0.000120648
-0.000119718
-0.000119615
-0.000119082
-0.000119821
-0.000119297
-0.000119917
-0.00011998
-0.000122046
-0.000122555
-0.000122722
-0.000121514
-0.000121148
-0.000123366
-0.000123795
-0.000123827
-0.000123199
-0.000123366
-0.000123533
-0.000122436
-0.000122603
-0.000123215
-0.000123954
-0.00012242
-0.00012006
-0.000121101
-0.000120362
-0.000120751
-0.000120608
-0.000120449
-0.000118279
-0.000119885
-0.000119781
Field Data
15000
13700
12400
11100
9799.99
8499.97
7199.96
5899.95
4599.97
3299.94
1999.96
1699.98
1399.98
1099.98
799.977
499.982
449.985
399.992
349.992
299.99
249.993
199.992
149.995
99.9959
49.9936
-0.00754513
-50.0038
-100.007
-150.007
-200.007
-250.006
-300.005
-350.007
-400.004
-450.005
-500.004
-800.012
-1100.01
-1400.02
-1700.02
-2000.02
-3300.04
-4600.06
-5900.06
-7200.06
-8500.04
-9800.03
-11100
-12400
-13700
-15000
-13700
-12400
-11100
-9799.99
-8499.96
-7199.97
-5899.97
-4599.97
-3299.98
-1999.96
-1699.97
-1399.98
-1099.98
-799.981
-499.978
-449.992
-399.993
-349.994
-299.992
-249.991
-199.993
-149.991
-99.9948
-49.9904
0.00507431
50.0081
100.008
150.006
200.006
250.003
300.002
350.006
400.004
449.999
500.005
800.014
1100.02
1400.02
1700.02
2000.02
3300.04
4600.06
5900.07
7200.07
8500.04
9800.03
11100
12400
13700
15000
Time Data
0
14.383
28.891
43.321
57.876
72.26
86.736
101.213
115.753
131.228
145.642
159.074
172.521
185.937
199.385
212.816
226.248
239.68
254.094
267.542
280.973
294.389
307.837
321.237
334.7
348.101
361.563
374.964
388.411
401.843
415.259
428.691
442.138
456.63
469.953
483.291
496.723
510.154
523.633
537.033
550.434
564.864
580.37
594.894
609.418
623.957
638.356
652.786
667.279
681.74
696.217
710.787
725.28
739.741
754.249
768.773
783.265
797.711
812.11
827.585
842.031
855.463
868.894
882.326
895.758
909.174
922.652
936.006
950.467
963.899
977.331
990.778
1004.18
1017.64
1031.04
1044.47
1057.9
1071.31
1084.66
1098.09
1111.57
1124.97
1138.42
1152.89
1166.36
1179.76
1193.19
1206.64
1220.1
1233.51
1246.95
1261.36
1276.88
1291.28
1305.68
1320.13
1334.65
1349.05
1363.45
1377.99
1392.39
Temperature Data
0
0
0
0
0
0
0
0
0
0
0
0
0
0
0
0
0
0
0
0
0
0
0
0
0
0
0
0
0
0
0
0
0
0
0
0
0
0
0
0
0
0
0
0
0
0
0
0
0
0
0
0
0
0
0
0
0
0
0
0
0
0
0
0
0
0
0
0
0
0
0
0
0
0
0
0
0
0
0
0
0
0
0
0
0
0
0
0
0
0
0
0
0
0
0
0
0
0
0
0
0
Angle Data
0
0
0
0
0
0
0
0
0
0
0
0
0
0
0
0
0
0
0
0
0
0
0
0
0
0
0
0
0
0
0
0
0
0
0
0
0
0
0
0
0
0
0
0
0
0
0
0
0
0
0
0
0
0
0
0
0
0
0
0
0
0
0
0
0
0
0
0
0
0
0
0
0
0
0
0
0
0
0
0
0
0
0
0
0
0
0
0
0
0
0
0
0
0
0
0
0
0
0
0
0
Bx Data
0
0
0
0
0
0
0
0
0
0
0
0
0
0
0
0
0
0
0
0
0
0
0
0
0
0
0
0
0
0
0
0
0
0
0
0
0
0
0
0
0
0
0
0
0
0
0
0
0
0
0
0
0
0
0
0
0
0
0
0
0
0
0
0
0
0
0
0
0
0
0
0
0
0
0
0
0
0
0
0
0
0
0
0
0
0
0
0
0
0
0
0
0
0
0
0
0
0
0
0
0
Hint Data
0
0
0
0
0
0
0
0
0
0
0
0
0
0
0
0
0
0
0
0
0
0
0
0
0
0
0
0
0
0
0
0
0
0
0
0
0
0
0
0
0
0
0
0
0
0
0
0
0
0
0
0
0
0
0
0
0
0
0
0
0
0
0
0
0
0
0
0
0
0
0
0
0
0
0
0
0
0
0
0
0
0
0
0
0
0
0
0
0
0
0
0
0
0
0
0
0
0
0
0
0
Torque Data
-1.796955
-1.6711671
-1.4804608
-1.3644231
-1.18554399026
-1.02489238272
-0.85561444656
-0.7058110185
-0.55702416721
-0.39907494396
-0.24443711116
-0.208502547
-0.16835879484
-0.1371510063
-0.098498768079
-0.060440824052
-0.055008416325
-0.049167416632
-0.042948918288
-0.03738265387
-0.030725389665
-0.024462421464
-0.01868187725
-0.0122152991522
-0.0061571617824
9.3848590479E-07
0.0060090066498
0.012013940917
0.018237551046
0.024325851375
0.030065221548
0.0359945999
0.042049490973
0.048545685452
0.05534341492
0.060892487136
0.097155057304
0.13301980926
0.1684644066
0.20318469038
0.23854838546
0.3882827064
0.54098545624
0.68547487086
0.84040540332
0.9816696196
1.15447293409
1.3358406
1.4576944
1.659618
1.774545
1.6562478
1.4569132
1.3215438
1.15111662539
1.00746625896
0.83146693554
0.68630811028
0.53815969024
0.38882344348
0.23645927072
0.20423269583
0.16885998768
0.13174020468
0.096547306947
0.058330433348
0.053922091368
0.047361971151
0.042226076112
0.035914442256
0.029902673465
0.023815566426
0.017972071611
0.0119290796556
0.0059946987968
-6.088157138E-07
-0.0061032885726
-0.01225648044
-0.018409036332
-0.024303529084
-0.030287363444
-0.037010046732
-0.04332899277
-0.049531295308
-0.055439426801
-0.06168361683
-0.098828129462
-0.13468204872
-0.17164665206
-0.2094679643
-0.24791047908
-0.4039908968
-0.5522832036
-0.71450437707
-0.86661482534
-1.02638833004
-1.18196201824
-1.3369839
-1.4666596
-1.6424245
-1.796715
dMdH Data
-2.05753846153846E-08
-1.90515384615385E-08
-2.39892307692308E-08
-1.90829301313067E-08
-1.64520545837756E-08
-2.02844593503127E-08
-2.09367620249076E-08
-1.62040954476223E-08
-1.57442520557217E-08
-1.68971830335851E-08
-1.83745583038871E-08
-2.20566666666666E-08
-2.49999999999961E-10
-2.11331220021132E-08
-2.82338038967316E-09
-2.43214592875585E-08
-3.48048726821597E-09
9.21999999999989E-09
3.70785168593262E-08
-1.13006780406826E-08
-2.0179596408073E-08
1.37408244494665E-08
4.64208355750405E-08
1.21954390098057E-07
1.11567444815438E-06
1.58913903064516E-05
7.10354537309612E-07
0.00000027982
0.00000005006
3.41806836136727E-08
6.50013000260048E-09
6.2597496100155E-09
9.7405844350655E-09
-1.16597668046643E-08
-5.00010000199203E-10
-1.17430201861284E-08
-1.17600784005226E-08
-1.240291990267E-08
-1.19633333333332E-08
-2.12066666666667E-08
-1.83389486315595E-08
-1.67797418501254E-08
-1.13369230769231E-08
-2.33323076923077E-08
-1.48171510330928E-08
-3.13616258586604E-08
-1.67843104071632E-08
-2.09325384615385E-08
-2.02841538461538E-08
-1.93968461538462E-08
-2.11659230769231E-08
-1.90736153846154E-08
-2.23967692307692E-08
-2.00483842431981E-08
-2.32357714821965E-08
-1.78316756282741E-08
-0.00000001733
-2.20130769230769E-08
-1.55662735867199E-08
-1.50197689266319E-08
-1.5580519350645E-08
-1.27637587919598E-08
-1.85566666666667E-08
-1.9890066300221E-08
-6.47993520064793E-09
-5.90165246269029E-09
-3.76407528150559E-08
3.56007120142403E-08
-3.17187312507496E-08
-2.47795044099127E-08
3.12212488499544E-08
1.52393904243834E-08
-2.19216660466199E-08
1.14809896729088E-07
9.58626768951639E-07
1.60413692757879E-05
6.98861397722797E-07
2.98831953278131E-07
6.15800000000003E-08
1.63809828589714E-08
4.54009080181596E-09
-3.4597232221425E-09
1.93407736309462E-08
-2.3382338233825E-08
-5.71931368235711E-09
-1.04330203427233E-08
-1.28064105384559E-08
-0.00000002061
-1.62099999999997E-08
-8.49666666666673E-09
-2.10589067860494E-08
-1.92512422885802E-08
-1.90306228413628E-08
-1.58592307692308E-08
-1.05110117925798E-08
-3.30725620966315E-08
-1.55572820911252E-08
-2.24469230769231E-08
-2.06146153846154E-08
-1.98276923076923E-08
-1.98276923076923E-08
dMdT Data
0
0
0
0
0
0
0
0
0
0
0
0
0
0
0
0
0
0
0
0
0
0
0
0
0
0
0
0
0
0
0
0
0
0
0
0
0
0
0
0
0
0
0
0
0
0
0
0
0
0
0
0
0
0
0
0
0
0
0
0
0
0
0
0
0
0
0
0
0
0
0
0
0
0
0
0
0
0
0
0
0
0
0
0
0
0
0
0
0
0
0
0
0
0
0
0
0
0
0
0
0
 
*********************************************** Results ***************************************
 
TotalArea 0.30738454675041
AreaFirstQuad 0.270787542132471
AreaSecondQuad 3.50240364555807E-03
AreaThirdQuad 0.029217416810787
AreaFourthQuad 3.87718416159516E-03
Coercivity 7170.24949370156
PositiveCoercivity -14377.5534484195
NegativeCoercivity -37.0544610163331
Retentivity 3.99380641139074E-04
PositiveRetentivity 5.88735417908749E-04
NegativeRetentivity -2.100258643694E-04
Magnetization 0.0004596375
PositiveMagnetization 0.000654359
NegativeMagnetization -0.000264916
Flatness 1.46278933457503
Squareness 0.868903518836201
SStar 0.996494977195835
SFD1 0.998247488597917
SFD2 1.0564468093689
Slope 0
Intercept 0
SlopeAtHc 1.58913903064516E-05
dH1 12.5659439934885
dH2 7574.9872
InitialSlope -2.05753846153846E-08
FieldAtHalfMs 0
FieldAtMs 399.992
MomentMean 1.95859657425743E-04
MomentRMS 4.02697709817893E-04
SFD3 0.996494977195835
dH3 25.1318879869771
UserField1 0
UserField2 0
CenterField 0
ExchangeField 0
ExchangeMoment 0
ExRegionOneIntercept 0
ExRegionOneSlope 0
ExRegionTwoIntercept 0
ExRegionTwoSlope 0
NegativeIntercept 0
NegativeSlope 0
AutoCenterOffset 0
PinningField 0
PinningMoment 0
PinRegionOneIntercept 0
PinRegionOneSlope 0
PinRegionTwoIntercept 0
PinRegionTwoSlope 0
PositiveIntercept 0
PositiveSlope 0
TotalOffset 0
BHMax 0
BCoercivity 0
BRetentivity 0
BNegativeCoercivity 0
BPositiveCoercivity 0
BNegativeRetentivity 0
BPositiveRetentivity 0
MomentYMean -1.20610762376238E-04
MomentYRMS 2.14567883966131E-06
YOffCorrection 0
Mrt 0
Ms1 0
Ms2 0
Ms3 0
Hc2 0
Hex2 0
HsatValue 0
HsatIntercept 0
HsatSlope 0
CenterH 0
Span .000919275
SpanAsPercentOfRange -70.7134615384615
RMSAsPercentOfRange -30.9767469090687
SpanAsPercentOfMean 469.353930300082
RMSAsPercentOfMean 205.605235458237
