Version 1.25
******************************************** Units *******************************************
System CGS
TemperatureUnit K
MomentUnit emu
AppliedFieldUnit G
 
******************************************** Setup ********************************************
 
Experiment CustomField
Minor False
Acquisition PointByPoint
EditedPoint No
MaxField 15000
FieldIncrement 750
Points 101
MinField 0
RampRate 10
AverageTime 6
TimeInterval 10
TimeConstant 1
TimeConstantIndex 2
Sensitivity -0.0013
SensitivityIndex 5
SensitivityY -4
SensitivityIndexY 0
SaturationField 8000
ExperimentTime 606
Use735Domains False
AutoRangeEnabled False
NumberOfVertices 11
VertexPts
0
10
15
35
40
50
60
65
85
90
100
VertexField
15000
2000
500
-500
-2000
-15000
-2000
-500
500
2000
15000
StartAngle 0
EndAngle 0
AngleIncrement 0
StartTemp 0
FinishTemp 0
TempIncrement 0
TempPoints 0
LengthofSetPointsArray 101
SetPointArray
15000
13700
12400
11100
9800
8500
7200
5900
4600
3300
2000
1700
1400
1100
800
500
450
400
350
300
250
200
150
100
50
0
-50
-100
-150
-200
-250
-300
-350
-400
-450
-500
-800
-1100
-1400
-1700
-2000
-3300
-4600
-5900
-7200
-8500
-9800
-11100
-12400
-13700
-15000
-13700
-12400
-11100
-9800
-8500
-7200
-5900
-4600
-3300
-2000
-1700
-1400
-1100
-800
-500
-450
-400
-350
-300
-250
-200
-150
-100
-50
0
50
100
150
200
250
300
350
400
450
500
800
1100
1400
1700
2000
3300
4600
5900
7200
8500
9800
11100
12400
13700
15000
FieldDomainFile c:\Ideasvsm\Default UserID\Experiments\Jason_1p5T_cus\fdomain.ini
TempDomainFile c:\Ideasvsm\Default UserID\Experiments\Jason_1p5T_cus\tdomain.ini
NumSelectedResults 0
ResultsSelected 
UserName1 
UserValue1 
UserName2 
UserValue2 
LinearBackgroundCorrection Off
MaxLinearFieldCorrection 
MinLinearFieldCorrection 
AutoLinearCorrection Off
FitOneRegion Off
BackgroundMode Off
BackgroundFilename 
AutoCenter Off
OffsetCorrection 
SmoothDeriv Off
DerivOrder 0
DerivPoints 0
MinExFieldOne 
MaxExFieldOne 
MinExFieldTwo 
MaxExFieldTwo 
MinPinFieldOne 
MaxPinFieldOne 
MinPinFieldTwo 
MaxPinFieldTwo 
HCenterStart 
Mass 
Volume 
Density 
MolarWeight 
NumberOfMoles 
Demagnetization 
SampleArea 
Thickness 
MomentScaling 0
XAxis 0
YAxis 0
SimpleSpinValve False
HsatMax 0
HsatMin 0
FieldAutoRange True
 
*************************************************** Experiment Data ********************************************
 
DataPoints 101
MomentX Data
0.000128076
0.000155762
0.000177526
0.000204523
0.000225784
0.000250697
0.000275598
0.000295982
0.000325625
0.000349852
0.000380012
0.000380358
0.000385856
0.000393289
0.000392971
0.000395966
0.000396064
0.00039675
0.00039578
0.000394652
0.000394821
0.000393677
0.000393368
0.00038993
0.000383339
0.000352669
-0.00000390708
-0.0000134742
-0.000017698
-0.0000197212
-0.0000199726
-0.0000216018
-0.000022081
-0.0000221766
-0.0000214371
-0.0000221481
-0.0000219299
-0.0000175156
-0.0000132787
-0.0000078356
-0.00000361904
0.0000172693
0.0000472563
0.000071608
0.000104863
0.000126604
0.000146854
0.000171588
0.000195564
0.000223445
0.000246195
0.000222117
0.000194503
0.000176749
0.000151894
0.00012143
0.0000956096
0.0000724237
0.0000433334
0.0000204252
-0.00000698103
-0.00000880793
-0.0000170032
-0.0000164997
-0.0000219299
-0.0000216708
-0.0000228282
-0.000023782
-0.0000248061
-0.0000228358
-0.0000227069
-0.0000218023
-0.0000207311
-0.0000174078
-0.0000110447
0.0000154484
0.000376241
0.000386666
0.000389417
0.000390298
0.00039247
0.000392762
0.000394021
0.000394097
0.000394078
0.000394143
0.000392137
0.000391022
0.000385113
0.000379089
0.000373828
0.000350162
0.000323788
0.000295619
0.00027912
0.000246558
0.000224734
0.000197066
0.000175799
0.000149892
0.000126697
MomentY Data
-0.000119559
-0.000119257
-0.000118836
-0.000116523
-0.000119034
-0.000119869
-0.000118915
-0.000119623
-0.000120083
-0.000120624
-0.000122682
-0.000121744
-0.000122889
-0.000122786
-0.000123684
-0.000121562
-0.000124733
-0.000122197
-0.000121045
-0.000121403
-0.000123588
-0.000122277
-0.000121864
-0.00012145
-0.000122794
-0.000121888
-0.000120997
-0.000121832
-0.000122412
-0.00012184
-0.00012126
-0.000121347
-0.000121665
-0.000120982
-0.000121228
-0.000122341
-0.000121427
-0.000120115
-0.00012091
-0.000120815
-0.000121673
-0.000117882
-0.00011785
-0.000116388
-0.000118415
-0.000119313
-0.00011998
-0.000121164
-0.000119829
-0.000117914
-0.00011855
-0.000122984
-0.000121029
-0.000117739
-0.0001206
-0.000120958
-0.000121943
-0.000119789
-0.000121498
-0.000119527
-0.000122817
-0.000122674
-0.000122507
-0.00012358
-0.000122452
-0.00012269
-0.000121554
-0.000122436
-0.000122086
-0.000121466
-0.000122078
-0.000118589
-0.000120505
-0.000120227
-0.000119034
-0.000119416
-0.000123088
-0.000122515
-0.000124375
-0.000122833
-0.000124534
-0.000122539
-0.000122722
-0.000121872
-0.000123088
-0.000124756
-0.000125289
-0.00012393
-0.000124168
-0.000124216
-0.000125647
-0.000122555
-0.000119805
-0.000119257
-0.000119813
-0.000121053
-0.000120068
-0.000119011
-0.000120187
-0.00012068
-0.000119702
Field Data
15000
13700
12400
11100
9799.98
8499.97
7199.96
5899.95
4599.97
3299.94
1999.96
1699.98
1399.98
1099.98
799.977
499.979
449.995
399.992
349.989
299.992
249.993
199.995
149.99
99.9921
49.9944
-0.00758181
-50.0063
-100.009
-150.009
-200.003
-250.005
-300.006
-350.006
-400.006
-450.003
-500.007
-800.013
-1100.02
-1400.02
-1700.02
-2000.02
-3300.05
-4600.06
-5900.07
-7200.06
-8500.05
-9800.02
-11100
-12400
-13700
-15000
-13700
-12400
-11100
-9799.98
-8499.98
-7199.95
-5899.96
-4599.97
-3299.99
-1999.96
-1699.98
-1399.98
-1099.98
-799.979
-499.979
-449.99
-399.991
-349.995
-299.99
-249.991
-199.992
-149.993
-99.9945
-49.9917
0.00421779
50.0062
100.003
150.004
200.004
250.01
300.008
350.004
400.009
450.005
500.006
800.012
1100.01
1400.02
1700.02
2000.02
3300.04
4600.05
5900.06
7200.08
8500.05
9800.03
11100
12400
13700
15000
Time Data
0
14.414
28.829
43.212
57.642
72.072
86.502
100.901
115.331
130.838
145.221
158.7
172.069
185.563
198.963
212.426
225.842
239.259
253.673
267.089
280.552
293.952
307.4
320.831
334.263
347.695
361.095
374.574
387.99
401.422
414.838
428.269
441.717
456.24
469.672
483.088
496.551
509.967
523.399
536.799
550.137
564.583
581.057
595.487
609.886
624.3
638.808
653.207
667.653
682.036
696.575
711.021
725.373
739.71
754.14
768.554
782.953
797.368
811.923
827.367
841.812
855.26
868.691
882.107
895.57
908.986
922.418
935.85
950.233
963.68
977.128
990.575
1003.99
1017.39
1030.85
1044.27
1057.72
1071.12
1084.61
1098.01
1111.41
1124.86
1138.29
1152.85
1166.26
1179.7
1193.13
1206.53
1219.87
1233.31
1246.73
1261.14
1276.67
1291.05
1305.53
1319.89
1334.34
1348.83
1363.23
1377.68
1392.08
Temperature Data
0
0
0
0
0
0
0
0
0
0
0
0
0
0
0
0
0
0
0
0
0
0
0
0
0
0
0
0
0
0
0
0
0
0
0
0
0
0
0
0
0
0
0
0
0
0
0
0
0
0
0
0
0
0
0
0
0
0
0
0
0
0
0
0
0
0
0
0
0
0
0
0
0
0
0
0
0
0
0
0
0
0
0
0
0
0
0
0
0
0
0
0
0
0
0
0
0
0
0
0
0
Angle Data
0
0
0
0
0
0
0
0
0
0
0
0
0
0
0
0
0
0
0
0
0
0
0
0
0
0
0
0
0
0
0
0
0
0
0
0
0
0
0
0
0
0
0
0
0
0
0
0
0
0
0
0
0
0
0
0
0
0
0
0
0
0
0
0
0
0
0
0
0
0
0
0
0
0
0
0
0
0
0
0
0
0
0
0
0
0
0
0
0
0
0
0
0
0
0
0
0
0
0
0
0
Bx Data
0
0
0
0
0
0
0
0
0
0
0
0
0
0
0
0
0
0
0
0
0
0
0
0
0
0
0
0
0
0
0
0
0
0
0
0
0
0
0
0
0
0
0
0
0
0
0
0
0
0
0
0
0
0
0
0
0
0
0
0
0
0
0
0
0
0
0
0
0
0
0
0
0
0
0
0
0
0
0
0
0
0
0
0
0
0
0
0
0
0
0
0
0
0
0
0
0
0
0
0
0
Hint Data
0
0
0
0
0
0
0
0
0
0
0
0
0
0
0
0
0
0
0
0
0
0
0
0
0
0
0
0
0
0
0
0
0
0
0
0
0
0
0
0
0
0
0
0
0
0
0
0
0
0
0
0
0
0
0
0
0
0
0
0
0
0
0
0
0
0
0
0
0
0
0
0
0
0
0
0
0
0
0
0
0
0
0
0
0
0
0
0
0
0
0
0
0
0
0
0
0
0
0
0
0
Torque Data
-1.793385
-1.6338209
-1.4735664
-1.2934053
-1.16653081932
-1.01888290393
-0.8561832434
-0.70576971885
-0.55237819751
-0.39805196256
-0.24535909272
-0.20696236512
-0.17204214222
-0.13506214428
-0.098944355268
-0.060778447198
-0.056129226335
-0.048877822424
-0.042364418505
-0.036419928776
-0.030896134884
-0.024454788615
-0.01827838136
-0.012144040545
-0.0061390123536
9.2413165728E-07
0.0060506122811
0.012184296488
0.018362901708
0.02436836552
0.0303156063
0.036404828082
0.04258347999
0.048393525892
0.054552963684
0.061171356387
0.097143178551
0.1321289023
0.1692764182
0.2053879163
0.24334843346
0.3890164941
0.542117071
0.68669734716
0.8525951049
1.01416646565
1.1758063996
1.3449204
1.4858796
1.6154218
1.77825
1.6848808
1.5007596
1.3069029
1.181877588
1.02814058084
0.87798350285
0.70675030844
0.55888715506
0.39443790473
0.24562908732
0.20854334652
0.17150734986
0.1359355284
0.097959028508
0.06134242351
0.05469808446
0.048973298076
0.04272948957
0.03643858534
0.030518401298
0.023716851288
0.018074906465
0.0120220387515
0.0059507120178
-5.0367161064E-07
-0.0061551631456
-0.012251867545
-0.0186567475
-0.024567091332
-0.03113474534
-0.036762680312
-0.042953190888
-0.048749896848
-0.05539021544
-0.062378748536
-0.100232703468
-0.1363242393
-0.17383768336
-0.21116968432
-0.25129651294
-0.4044364022
-0.55110899025
-0.70362345542
-0.86266318504
-1.02895655265
-1.17667000204
-1.3210221
-1.4903188
-1.653316
-1.79553
dMdH Data
-2.12969230769231E-08
-1.67415384615385E-08
-2.07669230769231E-08
-1.63543637790188E-08
-1.91636987407789E-08
-1.91544680425535E-08
-1.56798793855432E-08
-2.28026585024385E-08
-1.86357237909894E-08
-2.32003569285681E-08
-1.15341022734858E-09
-1.83266666666666E-08
-2.47766666666666E-08
1.05998940010606E-09
-9.98339988933258E-09
-1.96062740076875E-09
-1.37191768493893E-08
1.93988360698366E-08
2.25613536812205E-08
-3.38006760135212E-09
2.28809152366098E-08
6.17938206179355E-09
6.87628880412983E-08
1.31826063998943E-07
6.13375688118551E-07
7.1317044298011E-06
1.91332068068324E-07
0.000000084476
4.04688562627516E-08
5.02779888804446E-09
3.25833483330334E-08
9.58400000000001E-09
1.91199999999999E-09
-1.47908874532472E-08
1.42188624910007E-08
-7.27318786957585E-10
-1.47139900068999E-08
-0.000000014123
-1.81436666666667E-08
-0.0000000140552
-1.60675830557756E-08
-2.30667456404181E-08
-1.87319328312859E-08
-2.55809660074308E-08
-1.67239747998062E-08
-1.55772825526743E-08
-1.90264465607163E-08
-1.84430769230769E-08
-2.14469230769231E-08
-0.0000000175
-1.85215384615385E-08
-2.12415384615385E-08
-1.36569230769231E-08
-1.91189366317441E-08
-2.34338461538462E-08
-1.98613878141274E-08
-1.78354448880376E-08
-2.23773259794306E-08
-1.76219634148218E-08
-2.10812288947178E-08
-6.09007267151143E-09
-2.73175666666667E-08
1.67833333333333E-09
-1.81006063313122E-08
8.63666666666674E-10
-2.31530936806097E-08
-1.90763815276306E-08
-2.04836386910953E-08
3.94020597940206E-08
2.57805156103118E-09
1.8092361847237E-08
2.14244284885698E-08
6.64679940398212E-08
1.27254873727071E-07
5.2990526369133E-07
7.21556594466058E-06
2.08513344854071E-07
5.50188996220076E-08
1.7620000000001E-08
4.34347878254608E-08
5.84023360934417E-09
2.51820145611645E-08
1.51984801519856E-09
-3.80030402431673E-10
1.29997400051986E-09
-6.68653293600806E-09
-3.7166914446096E-09
-1.96960101329954E-08
-2.00800000000001E-08
-1.75366666666667E-08
-1.82043353179182E-08
-2.02875362497212E-08
-2.16682948592703E-08
-1.26913432101045E-08
-2.50482703447003E-08
-1.67879505838551E-08
-2.12835680823404E-08
-1.63592307692308E-08
-1.99284615384615E-08
-1.78423076923077E-08
-1.78423076923077E-08
dMdT Data
0
0
0
0
0
0
0
0
0
0
0
0
0
0
0
0
0
0
0
0
0
0
0
0
0
0
0
0
0
0
0
0
0
0
0
0
0
0
0
0
0
0
0
0
0
0
0
0
0
0
0
0
0
0
0
0
0
0
0
0
0
0
0
0
0
0
0
0
0
0
0
0
0
0
0
0
0
0
0
0
0
0
0
0
0
0
0
0
0
0
0
0
0
0
0
0
0
0
0
0
0
 
*********************************************** Results ***************************************
 
TotalArea 5.55990453860893E-02
AreaFirstQuad 4.24914512276929E-02
AreaSecondQuad 8.57534638922939E-03
AreaThirdQuad 4.5322477691664E-03
AreaFourthQuad 0
Coercivity 1087.90007600978
PositiveCoercivity -2225.25860542293
NegativeCoercivity -49.4584534033753
Retentivity 1.68613742763524E-04
PositiveRetentivity 3.52673650497926E-04
NegativeRetentivity 1.54461649708779E-05
Magnetization 0.00021077805
PositiveMagnetization 0.00039675
NegativeMagnetization -0.0000248061
Flatness 1.12867142260541
Squareness 0.799958737465899
SStar 0.978267453086147
SFD1 0.989133726543073
SFD2 6.9629454644251
Slope 0
Intercept 0
SlopeAtHc 7.1317044298011E-06
dH1 11.8214197197336
dH2 7574.9889
InitialSlope -2.12969230769231E-08
FieldAtHalfMs 0
FieldAtMs 399.992
MomentMean 1.85541484356436E-04
MomentRMS 1.68987988348895E-04
SFD3 14.8226270640949
dH3 -15037.6370336836
UserField1 0
UserField2 0
CenterField 0
ExchangeField 0
ExchangeMoment 0
ExRegionOneIntercept 0
ExRegionOneSlope 0
ExRegionTwoIntercept 0
ExRegionTwoSlope 0
NegativeIntercept 0
NegativeSlope 0
AutoCenterOffset 0
PinningField 0
PinningMoment 0
PinRegionOneIntercept 0
PinRegionOneSlope 0
PinRegionTwoIntercept 0
PinRegionTwoSlope 0
PositiveIntercept 0
PositiveSlope 0
TotalOffset 0
BHMax 0
BCoercivity 0
BRetentivity 0
BNegativeCoercivity 0
BPositiveCoercivity 0
BNegativeRetentivity 0
BPositiveRetentivity 0
MomentYMean -1.21256623762376E-04
MomentYRMS 1.89265942975214E-06
YOffCorrection 0
Mrt 0
Ms1 0
Ms2 0
Ms3 0
Hc2 0
Hex2 0
HsatValue 0
HsatIntercept 0
HsatSlope 0
CenterH 0
Span .0004215561
SpanAsPercentOfRange -32.4273923076923
RMSAsPercentOfRange -12.9990760268381
SpanAsPercentOfMean 227.203151609032
RMSAsPercentOfMean 91.0782776881638
