Version 1.25
******************************************** Units *******************************************
System CGS
TemperatureUnit K
MomentUnit emu
AppliedFieldUnit G
 
******************************************** Setup ********************************************
 
Experiment CustomField
Minor False
Acquisition PointByPoint
EditedPoint No
MaxField 500
FieldIncrement 16.6666666666667
Points 143
MinField 0
RampRate 500
AverageTime 3
TimeInterval 0
TimeConstant 0.3
TimeConstantIndex 1
Sensitivity -0.0013
SensitivityIndex 5
SensitivityY -4
SensitivityIndexY 0
SaturationField 8000
ExperimentTime 429
Use735Domains False
AutoRangeEnabled False
NumberOfVertices 7
VertexPts
0
27
44
71
98
115
142
VertexField
500
50
-50
-500
-50
50
500
StartAngle 0
EndAngle 0
AngleIncrement 0
StartTemp 0
FinishTemp 0
TempIncrement 0
TempPoints 0
LengthofSetPointsArray 143
SetPointArray
500
483.333333333333
466.666666666667
450
433.333333333333
416.666666666667
400
383.333333333333
366.666666666667
350
333.333333333333
316.666666666666
300
283.333333333333
266.666666666666
250
233.333333333333
216.666666666666
200
183.333333333333
166.666666666666
150
133.333333333333
116.666666666666
99.9999999999998
83.3333333333331
66.6666666666665
50
44.1176470588235
38.2352941176471
32.3529411764706
26.4705882352941
20.5882352941176
14.7058823529412
8.8235294117647
2.94117647058823
-2.94117647058824
-8.82352941176471
-14.7058823529412
-20.5882352941177
-26.4705882352941
-32.3529411764706
-38.2352941176471
-44.1176470588235
-50
-66.6666666666667
-83.3333333333333
-100
-116.666666666667
-133.333333333333
-150
-166.666666666667
-183.333333333333
-200
-216.666666666667
-233.333333333333
-250
-266.666666666667
-283.333333333333
-300
-316.666666666667
-333.333333333333
-350
-366.666666666667
-383.333333333333
-400
-416.666666666667
-433.333333333333
-450
-466.666666666667
-483.333333333334
-500
-483.333333333333
-466.666666666667
-450
-433.333333333333
-416.666666666667
-400
-383.333333333333
-366.666666666667
-350
-333.333333333333
-316.666666666666
-300
-283.333333333333
-266.666666666666
-250
-233.333333333333
-216.666666666666
-200
-183.333333333333
-166.666666666666
-150
-133.333333333333
-116.666666666666
-99.9999999999998
-83.3333333333331
-66.6666666666665
-50
-44.1176470588235
-38.2352941176471
-32.3529411764706
-26.4705882352941
-20.5882352941176
-14.7058823529412
-8.8235294117647
-2.94117647058823
2.94117647058824
8.82352941176471
14.7058823529412
20.5882352941177
26.4705882352941
32.3529411764706
38.2352941176471
44.1176470588235
50
66.6666666666667
83.3333333333333
100
116.666666666667
133.333333333333
150
166.666666666667
183.333333333333
200
216.666666666667
233.333333333333
250
266.666666666667
283.333333333333
300
316.666666666667
333.333333333333
350
366.666666666667
383.333333333333
400
416.666666666667
433.333333333333
450
466.666666666667
483.333333333334
500
FieldDomainFile c:\Ideasvsm\Default UserID\Experiments\Jason_500G\fdomain.ini
TempDomainFile c:\Ideasvsm\Default UserID\Experiments\Jason_500G\tdomain.ini
NumSelectedResults 0
ResultsSelected 
UserName1 
UserValue1 
UserName2 
UserValue2 
LinearBackgroundCorrection Off
MaxLinearFieldCorrection 
MinLinearFieldCorrection 
AutoLinearCorrection Off
FitOneRegion Off
BackgroundMode Off
BackgroundFilename 
AutoCenter Off
OffsetCorrection 
SmoothDeriv Off
DerivOrder 0
DerivPoints 0
MinExFieldOne 
MaxExFieldOne 
MinExFieldTwo 
MaxExFieldTwo 
MinPinFieldOne 
MaxPinFieldOne 
MinPinFieldTwo 
MaxPinFieldTwo 
HCenterStart 
Mass 
Volume 
Density 
MolarWeight 
NumberOfMoles 
Demagnetization 
SampleArea 
Thickness 
MomentScaling 0
XAxis 0
YAxis 0
SimpleSpinValve False
HsatMax 0
HsatMin 0
FieldAutoRange False
 
*************************************************** Experiment Data ********************************************
 
DataPoints 143
MomentX Data
0.000203733
0.000205167
0.000205136
0.000205334
0.00020646
0.000206053
0.000207002
0.000207589
0.000206613
0.000208768
0.000207463
0.000208592
0.000207547
0.000210044
0.000208609
0.00021052
0.00021035
0.00021052
0.000210255
0.00020987
0.000211393
0.000209696
0.000210804
0.000211431
0.000210231
0.000211292
0.000211619
0.000211115
0.000211138
0.000209072
0.000209907
0.00020748
0.000207412
0.000209431
0.000204504
0.000201704
0.000175248
0.000161331
0.000162766
0.000160725
0.000161351
0.000160466
0.000159819
0.00016184
0.000158537
0.000157502
0.000158063
0.000158083
0.000159052
0.000159291
0.000159966
0.000159942
0.000158311
0.000160476
0.000160466
0.000160027
0.000159963
0.000161779
0.000159791
0.000161563
0.000161237
0.000161533
0.000161167
0.000164333
0.00016311
0.000163085
0.000164847
0.00016354
0.000165424
0.000165427
0.000164357
0.000166573
0.000164753
0.000164584
0.000164561
0.000164428
0.000162628
0.000164795
0.000162915
0.000165271
0.000163358
0.000160832
0.000160008
0.00016209
0.000159119
0.000160262
0.000162535
0.00016
0.000158186
0.000160914
0.000161097
0.000159437
0.000157822
0.00015773
0.000158889
0.000158806
0.000159108
0.000158302
0.000159111
0.000161654
0.000160719
0.000161306
0.000158822
0.000159673
0.000160782
0.000161522
0.000163559
0.000166966
0.000200679
0.000206348
0.0002089
0.000207922
0.000209307
0.000209652
0.000209665
0.000209816
0.000210178
0.000210915
0.00020995
0.000211391
0.000211669
0.0002096
0.00021066
0.000211494
0.000209075
0.000211295
0.000209826
0.000209485
0.000208262
0.000209219
0.000207857
0.000208074
0.000207773
0.000209067
0.000207052
0.000208584
0.000204681
0.000209405
0.00020559
0.000205279
0.000205295
0.000205259
0.000202955
MomentY Data
-0.000121069
-0.000122229
-0.000124327
-0.000122849
-0.000122531
-0.000123119
-0.000123723
-0.000122722
-0.000121816
-0.000120799
-0.000122134
-0.000123294
-0.000121307
-0.000122023
-0.000120783
-0.000121212
-0.000121848
-0.000123088
-0.000123024
-0.000121355
-0.000121148
-0.000120338
-0.000122341
-0.00012269
-0.000123183
-0.000123676
-0.000121816
-0.000121403
-0.000121848
-0.000122865
-0.000123787
-0.000123167
-0.000121864
-0.000121737
-0.000121975
-0.000119877
-0.000119273
-0.00011851
-0.000120608
-0.000122515
-0.000119861
-0.000118589
-0.000120322
-0.000120592
-0.000119734
-0.000121339
-0.000119972
-0.000118256
-0.00011851
-0.000120227
-0.000120258
-0.000119734
-0.00011994
-0.000118907
-0.00011967
-0.000121514
-0.000118033
-0.000120338
-0.00012064
-0.000120815
-0.000119972
-0.000119909
-0.000119495
-0.00012277
-0.000119877
-0.000120433
-0.000118128
-0.000117938
-0.000120322
-0.000118446
-0.000123088
-0.00012215
-0.000120862
-0.000121228
-0.000122182
-0.00012056
-0.000123501
-0.000120052
-0.000120878
-0.000121291
-0.000121673
-0.000121419
-0.000122134
-0.000122881
-0.00012215
-0.000121673
-0.000123024
-0.000123755
-0.000124407
-0.000123056
-0.000123183
-0.000123405
-0.000122356
-0.000122913
-0.00012428
-0.000124582
-0.000125821
-0.00012536
-0.00012339
-0.000127093
-0.000125567
-0.000124709
-0.000122404
-0.000125631
-0.000124915
-0.00012838
-0.000124804
-0.000124423
-0.000127014
-0.000124836
-0.000124296
-0.000126378
-0.000126616
-0.000123103
-0.000125265
-0.000123707
-0.0001242
-0.00012242
-0.0001242
-0.000122643
-0.000122309
-0.000124216
-0.000124979
-0.00012358
-0.000122118
-0.000123549
-0.000122849
-0.000124582
-0.000121419
-0.00012207
-0.000121435
-0.000120751
-0.00012215
-0.00012207
-0.000122166
-0.000122023
-0.000122929
-0.000122865
-0.000122643
-0.000122356
-0.000120767
-0.00012304
-0.000122897
Field Data
500.006
483.319
466.661
450.005
433.322
416.661
399.995
383.327
366.664
349.992
333.329
316.658
299.993
283.327
266.671
249.998
233.335
216.664
199.997
183.33
166.658
149.998
133.328
116.668
99.996
83.3082
66.6685
50.0084
44.1312
38.2417
32.3575
26.4672
20.5955
14.7008
8.80757
2.9263
-2.94493
-8.81927
-14.6974
-20.59
-26.4778
-32.3439
-38.2425
-44.1121
-50.007
-66.6647
-83.3374
-99.9974
-116.673
-133.338
-149.998
-166.662
-183.323
-199.992
-216.662
-233.33
-250.015
-266.681
-283.352
-300.003
-316.676
-333.343
-350.008
-366.681
-383.336
-399.993
-416.665
-433.335
-450.006
-466.664
-483.347
-500.012
-483.336
-466.668
-449.995
-433.334
-416.675
-399.994
-383.34
-366.669
-349.996
-333.335
-316.672
-300.003
-283.331
-266.673
-250.007
-233.341
-216.665
-200.006
-183.35
-166.676
-150.004
-133.341
-116.672
-100.011
-83.3469
-66.6662
-50.0105
-44.1251
-38.2435
-32.3654
-26.4748
-20.5957
-14.7086
-8.83277
-2.95443
2.94026
8.82951
14.6908
20.5928
26.4789
32.3596
38.2279
44.1232
50.0078
66.6789
83.3396
99.9832
116.672
133.338
150.004
166.67
183.331
200.001
216.663
233.328
249.991
266.665
283.336
300
316.682
333.31
349.999
366.662
383.327
399.993
416.653
433.327
449.998
466.663
483.317
499.989
Time Data
0
10.421
20.811
31.216
41.621
52.011
62.432
72.837
83.227
93.663
104.099
115.534
126.954
137.359
147.78
158.138
168.543
178.918
189.307
199.712
210.087
220.461
230.866
241.24
251.661
262.035
272.456
282.845
294.28
304.732
315.122
325.527
335.917
346.307
356.727
367.117
377.554
387.959
398.395
408.801
419.206
429.642
440.032
450.422
460.858
471.263
481.684
492.074
502.495
512.853
523.243
533.695
544.069
554.474
564.864
575.269
585.706
596.127
606.563
616.953
627.358
637.763
648.153
658.574
670.009
680.398
690.788
701.193
711.614
722.019
732.44
742.877
753.313
763.719
774.139
784.576
794.966
805.371
815.807
826.228
836.633
847.039
857.46
867.865
878.27
888.66
899.065
909.501
919.907
930.328
940.702
951.107
961.559
971.933
983.384
993.804
1004.19
1014.6
1024.97
1035.38
1045.8
1056.19
1066.61
1077.06
1087.47
1097.86
1108.28
1118.73
1129.12
1139.53
1149.93
1160.34
1170.76
1181.16
1191.6
1202
1212.42
1222.85
1233.24
1244.67
1255.09
1265.5
1275.87
1286.28
1296.68
1307.07
1317.51
1327.88
1338.27
1348.68
1359.08
1369.47
1379.86
1390.27
1400.69
1411.09
1421.53
1431.95
1442.32
1452.71
1463.13
1473.52
1483.93
Temperature Data
0
0
0
0
0
0
0
0
0
0
0
0
0
0
0
0
0
0
0
0
0
0
0
0
0
0
0
0
0
0
0
0
0
0
0
0
0
0
0
0
0
0
0
0
0
0
0
0
0
0
0
0
0
0
0
0
0
0
0
0
0
0
0
0
0
0
0
0
0
0
0
0
0
0
0
0
0
0
0
0
0
0
0
0
0
0
0
0
0
0
0
0
0
0
0
0
0
0
0
0
0
0
0
0
0
0
0
0
0
0
0
0
0
0
0
0
0
0
0
0
0
0
0
0
0
0
0
0
0
0
0
0
0
0
0
0
0
0
0
0
0
0
0
Angle Data
0
0
0
0
0
0
0
0
0
0
0
0
0
0
0
0
0
0
0
0
0
0
0
0
0
0
0
0
0
0
0
0
0
0
0
0
0
0
0
0
0
0
0
0
0
0
0
0
0
0
0
0
0
0
0
0
0
0
0
0
0
0
0
0
0
0
0
0
0
0
0
0
0
0
0
0
0
0
0
0
0
0
0
0
0
0
0
0
0
0
0
0
0
0
0
0
0
0
0
0
0
0
0
0
0
0
0
0
0
0
0
0
0
0
0
0
0
0
0
0
0
0
0
0
0
0
0
0
0
0
0
0
0
0
0
0
0
0
0
0
0
0
0
Bx Data
0
0
0
0
0
0
0
0
0
0
0
0
0
0
0
0
0
0
0
0
0
0
0
0
0
0
0
0
0
0
0
0
0
0
0
0
0
0
0
0
0
0
0
0
0
0
0
0
0
0
0
0
0
0
0
0
0
0
0
0
0
0
0
0
0
0
0
0
0
0
0
0
0
0
0
0
0
0
0
0
0
0
0
0
0
0
0
0
0
0
0
0
0
0
0
0
0
0
0
0
0
0
0
0
0
0
0
0
0
0
0
0
0
0
0
0
0
0
0
0
0
0
0
0
0
0
0
0
0
0
0
0
0
0
0
0
0
0
0
0
0
0
0
Hint Data
0
0
0
0
0
0
0
0
0
0
0
0
0
0
0
0
0
0
0
0
0
0
0
0
0
0
0
0
0
0
0
0
0
0
0
0
0
0
0
0
0
0
0
0
0
0
0
0
0
0
0
0
0
0
0
0
0
0
0
0
0
0
0
0
0
0
0
0
0
0
0
0
0
0
0
0
0
0
0
0
0
0
0
0
0
0
0
0
0
0
0
0
0
0
0
0
0
0
0
0
0
0
0
0
0
0
0
0
0
0
0
0
0
0
0
0
0
0
0
0
0
0
0
0
0
0
0
0
0
0
0
0
0
0
0
0
0
0
0
0
0
0
0
Torque Data
-0.060535226414
-0.059075598051
-0.058018562147
-0.055282664245
-0.053095377982
-0.051298885659
-0.049488581385
-0.047042656094
-0.044665541824
-0.042278683608
-0.040710804086
-0.039042031452
-0.036391250851
-0.034572410521
-0.032209323393
-0.030302757576
-0.02843140308
-0.026668738432
-0.024604430928
-0.02224801215
-0.020190283384
-0.018050459324
-0.016311480848
-0.01431399692
-0.012317807268
-0.0103032249432
-0.008121289996
-0.0060711697852
-0.0053772984576
-0.0046985664705
-0.0040054378525
-0.0032598856224
-0.002509850012
-0.0017896312896
-0.00107430335075
-0.0003507960651
0.00035125063589
0.0010451716877
0.0017726240192
0.00252258385
0.0031736555858
0.0038356307571
0.004601414085
0.0053195663632
0.005987538138
0.0080890280333
0.0099981545528
0.0118252925344
0.01382691723
0.016030827726
0.018038459484
0.019955107908
0.02198776062
0.023780448744
0.02592794154
0.02835286162
0.029510020495
0.032091858178
0.03418358528
0.036244862445
0.037992253072
0.039970825787
0.04182420596
0.04501742637
0.045953169672
0.048172356969
0.04921980312
0.05110666323
0.054145621932
0.055274484144
0.059494215536
0.0610764658
0.058416955632
0.056573228304
0.05498128909
0.05224274704
0.051459779175
0.048020079688
0.04633737252
0.044473649679
0.042585063308
0.040473202365
0.038676418048
0.036864668643
0.03460888165
0.032446903929
0.030756861168
0.028877115455
0.026954642655
0.024611938336
0.02258560305
0.02056865178
0.018353889424
0.016389342333
0.01449999616
0.012459570402
0.0104867903049
0.008357274832
0.006170795595
0.0056079913343
0.0048021215645
0.0040362566686
0.0032406214192
0.0025874583867
0.001837324769
0.0011339510126
0.00036872468172
-0.00036583596998
-0.00112147138314
-0.0018339407088
-0.0025596026688
-0.0033463504242
-0.0040972431136
-0.0047059691737
-0.005527092648
-0.0061863149146
-0.00828151938
-0.010202433832
-0.01241791344
-0.014309004096
-0.016308437442
-0.018632896864
-0.02083024993
-0.02265604498
-0.024423722118
-0.026768496987
-0.028664111472
-0.031144378762
-0.032378197635
-0.03458682552
-0.0364305
-0.038239668182
-0.0407138165
-0.04272437793
-0.044793629892
-0.046774710521
-0.049170739497
-0.051192070845
-0.053144523261
-0.055059955288
-0.056357490521
-0.05946732368
-0.061447148133
dMdH Data
-8.59351591058911E-08
1.86096770320568E-09
-1.18876080691643E-08
-6.74938560210995E-08
2.44283056239128E-08
-5.69422776911081E-08
-3.52171826253899E-08
5.85728860349276E-08
-1.29258637236084E-07
7.8317229790554E-08
-6.77223921780351E-08
6.27062706270627E-08
-1.49825993039721E-07
8.61551392891444E-08
-1.14616445750615E-07
1.02022444937899E-08
-1.0197348689342E-08
1.58996820063598E-08
2.30995380092409E-08
-9.1350767754318E-08
1.01860744297719E-07
-6.64667066586694E-08
-3.76350540216074E-08
7.19769673704415E-08
-6.35793813444558E-08
-1.96517966069099E-08
3.02519192561866E-08
-3.91342816307251E-09
3.50793785550557E-07
-1.41905441691309E-07
4.12033342953669E-07
1.15809731423631E-08
-3.42511069265611E-07
8.36044070908484E-07
4.76087647735946E-07
4.50604047192837E-06
2.36911721146546E-06
-2.44125257522378E-07
3.46366629331707E-07
-1.06321546248177E-07
1.50866845092992E-07
1.09687044383412E-07
-3.44316478124574E-07
5.60314848428306E-07
6.21334277841466E-08
-3.36478194893447E-08
-1.20048019207621E-09
-5.8108853654441E-08
-1.43414341434141E-08
-4.05162064825932E-08
1.4402304368698E-09
9.78932837164627E-08
-1.29881816545683E-07
5.9988002399489E-10
2.63378929685625E-08
3.83578064129487E-09
-1.08964358574343E-07
1.19248995261232E-07
-1.06420034832743E-07
1.95525700233917E-08
-1.77596448071037E-08
2.19621962196214E-08
-1.89887842619803E-07
7.34314019813859E-08
1.50087050489369E-09
-1.05686180422266E-07
7.84043191361733E-08
-1.13010617239518E-07
-1.80093648696904E-10
6.41371455973139E-08
-1.32973297329732E-07
-1.09138882225952E-07
-1.01391888648911E-08
-1.37947579919689E-09
-7.98271412280217E-09
-1.08049702863317E-07
1.29908278880163E-07
-1.12885793202834E-07
1.41323255953453E-07
-1.14736400167937E-07
-1.51611547926295E-07
-4.94508791934221E-08
1.24902513648088E-07
-1.78202975047985E-07
6.86156801536798E-08
1.36385455418217E-07
-1.52106084243369E-07
-1.08779083713122E-07
1.63755327450628E-07
1.0987031700287E-08
-9.95561952740782E-08
-9.68690019193861E-08
-5.52121466722752E-09
6.95302657627936E-08
-4.98169377588415E-09
1.81227909098008E-08
-4.83193151366553E-08
4.85719603499101E-08
4.32086179359093E-07
-1.58970348204571E-07
9.98622003708681E-08
-4.21688792313176E-07
1.44750046775864E-07
1.88377978970971E-07
1.25939654482855E-07
3.46526400310293E-07
5.77977807145075E-07
5.72449802606444E-06
9.67193228794345E-07
4.32395798034567E-07
-1.66154159800208E-07
2.35516180046591E-07
5.8790450385974E-08
2.20514647261172E-09
2.5660197804442E-08
2.17142240164105E-08
4.42358364294419E-08
-5.79802446586068E-08
8.63453333972486E-08
1.66806672266882E-08
-1.24144965798632E-07
6.36025441017637E-08
5.00570193865922E-08
-1.45110977804439E-07
1.33237306445804E-07
-8.81488148814871E-08
-2.0464502190482E-08
-7.33477270001206E-08
5.74050746805829E-08
-8.17330772923655E-08
1.30080326099973E-08
-1.81019966321864E-08
7.75361016238251E-08
-1.20926603852849E-07
9.19291929192917E-08
-2.34189367574703E-07
2.83553421368547E-07
-2.2879932829555E-07
-1.86551496610876E-08
9.60096009601438E-10
-2.16164284856477E-09
-1.38195777351248E-07
-1.38195777351248E-07
dMdT Data
0
0
0
0
0
0
0
0
0
0
0
0
0
0
0
0
0
0
0
0
0
0
0
0
0
0
0
0
0
0
0
0
0
0
0
0
0
0
0
0
0
0
0
0
0
0
0
0
0
0
0
0
0
0
0
0
0
0
0
0
0
0
0
0
0
0
0
0
0
0
0
0
0
0
0
0
0
0
0
0
0
0
0
0
0
0
0
0
0
0
0
0
0
0
0
0
0
0
0
0
0
0
0
0
0
0
0
0
0
0
0
0
0
0
0
0
0
0
0
0
0
0
0
0
0
0
0
0
0
0
0
0
0
0
0
0
0
0
0
0
0
0
0
 
*********************************************** Results ***************************************
 
TotalArea 0.00037048011283
AreaFirstQuad 2.70475501235129E-04
AreaSecondQuad 1.00004611594871E-04
AreaThirdQuad 0
AreaFourthQuad 0
Coercivity 0
PositiveCoercivity 0
NegativeCoercivity 0
Retentivity 1.16256893971162E-05
PositiveRetentivity 1.88517973766996E-04
NegativeRetentivity 1.65266594972764E-04
Magnetization 0.000211669
PositiveMagnetization 0.000211669
NegativeMagnetization 0.000157502
Flatness -15.2156382583005
Squareness 5.49239113763291E-02
SStar 0
SFD1 0
SFD2 0
Slope 0
Intercept 0
SlopeAtHc -1.38195777351248E-07
dH1 0
dH2 257.347965
InitialSlope -8.59351591058911E-08
FieldAtHalfMs 0
FieldAtMs 133.338
MomentMean 1.84780195804196E-04
MomentRMS 2.36838316487646E-05
SFD3 0
dH3 0
UserField1 0
UserField2 0
CenterField 0
ExchangeField 0
ExchangeMoment 0
ExRegionOneIntercept 0
ExRegionOneSlope 0
ExRegionTwoIntercept 0
ExRegionTwoSlope 0
NegativeIntercept 0
NegativeSlope 0
AutoCenterOffset 0
PinningField 0
PinningMoment 0
PinRegionOneIntercept 0
PinRegionOneSlope 0
PinRegionTwoIntercept 0
PinRegionTwoSlope 0
PositiveIntercept 0
PositiveSlope 0
TotalOffset 0
BHMax 0
BCoercivity 0
BRetentivity 0
BNegativeCoercivity 0
BPositiveCoercivity 0
BNegativeRetentivity 0
BPositiveRetentivity 0
MomentYMean -1.22196048951049E-04
MomentYRMS 1.99265883078283E-06
YOffCorrection 0
Mrt 0
Ms1 0
Ms2 0
Ms3 0
Hc2 0
Hex2 0
HsatValue 0
HsatIntercept 0
HsatSlope 0
CenterH 0
Span .000054167
SpanAsPercentOfRange -4.16669230769231
RMSAsPercentOfRange -1.82183320375112
SpanAsPercentOfMean 29.3142886683585
RMSAsPercentOfMean 12.8172997899956
