Version 1.25
******************************************** Units *******************************************
System CGS
TemperatureUnit K
MomentUnit emu
AppliedFieldUnit G
 
******************************************** Setup ********************************************
 
Experiment Hysteresis
Minor False
Acquisition PointByPoint
EditedPoint No
MaxField 500
FieldIncrement 16.6666666666667
Points 121
MinField 0
RampRate 500
AverageTime 3
TimeInterval 0
TimeConstant 0.3
TimeConstantIndex 1
Sensitivity -0.0013
SensitivityIndex 5
SensitivityY -4
SensitivityIndexY 0
SaturationField 8000
ExperimentTime 363
Use735Domains False
AutoRangeEnabled False
NumberOfVertices 3
VertexPts
0
60
120
VertexField
500
-500
500
StartAngle 0
EndAngle 0
AngleIncrement 0
StartTemp 0
FinishTemp 0
TempIncrement 0
TempPoints 0
LengthofSetPointsArray 121
SetPointArray
500
483.333333333333
466.666666666667
450
433.333333333333
416.666666666667
400
383.333333333333
366.666666666667
350
333.333333333333
316.666666666666
300
283.333333333333
266.666666666666
250
233.333333333333
216.666666666666
200
183.333333333333
166.666666666666
150
133.333333333333
116.666666666666
99.9999999999998
83.3333333333331
66.6666666666665
49.9999999999998
33.3333333333331
16.6666666666664
-2.20268248085631E-13
-16.6666666666669
-33.3333333333336
-50.0000000000002
-66.6666666666669
-83.3333333333336
-100
-116.666666666667
-133.333333333334
-150
-166.666666666667
-183.333333333334
-200
-216.666666666667
-233.333333333334
-250
-266.666666666667
-283.333333333334
-300
-316.666666666667
-333.333333333334
-350
-366.666666666667
-383.333333333334
-400
-416.666666666667
-433.333333333334
-450
-466.666666666667
-483.333333333334
-500
-483.333333333333
-466.666666666667
-450
-433.333333333333
-416.666666666667
-400
-383.333333333333
-366.666666666667
-350
-333.333333333333
-316.666666666666
-300
-283.333333333333
-266.666666666666
-250
-233.333333333333
-216.666666666666
-200
-183.333333333333
-166.666666666666
-150
-133.333333333333
-116.666666666666
-99.9999999999998
-83.3333333333331
-66.6666666666665
-49.9999999999998
-33.3333333333331
-16.6666666666664
2.20268248085631E-13
16.6666666666669
33.3333333333336
50.0000000000002
66.6666666666669
83.3333333333336
100
116.666666666667
133.333333333334
150
166.666666666667
183.333333333334
200
216.666666666667
233.333333333334
250
266.666666666667
283.333333333334
300
316.666666666667
333.333333333334
350
366.666666666667
383.333333333334
400
416.666666666667
433.333333333334
450
466.666666666667
483.333333333334
500
FieldDomainFile c:\Ideasvsm\Default UserID\Experiments\Jason_500G\fdomain.ini
TempDomainFile c:\Ideasvsm\Default UserID\Experiments\Jason_500G\tdomain.ini
NumSelectedResults 0
ResultsSelected 
UserName1 
UserValue1 
UserName2 
UserValue2 
LinearBackgroundCorrection Off
MaxLinearFieldCorrection 
MinLinearFieldCorrection 
AutoLinearCorrection Off
FitOneRegion Off
BackgroundMode Off
BackgroundFilename 
AutoCenter Off
OffsetCorrection 
SmoothDeriv Off
DerivOrder 0
DerivPoints 0
MinExFieldOne 
MaxExFieldOne 
MinExFieldTwo 
MaxExFieldTwo 
MinPinFieldOne 
MaxPinFieldOne 
MinPinFieldTwo 
MaxPinFieldTwo 
HCenterStart 
Mass 
Volume 
Density 
MolarWeight 
NumberOfMoles 
Demagnetization 
SampleArea 
Thickness 
MomentScaling 0
XAxis 0
YAxis 0
SimpleSpinValve False
HsatMax 0
HsatMin 0
FieldAutoRange False
 
*************************************************** Experiment Data ********************************************
 
DataPoints 121
MomentX Data
0.000205927
0.000203439
0.000204574
0.000205154
0.000205814
0.000206398
0.000207225
0.000207477
0.000208018
0.00020652
0.000207367
0.000207926
0.00020997
0.000210095
0.000208665
0.000209454
0.000210354
0.000209519
0.000209954
0.000209608
0.000211677
0.00020968
0.000211014
0.000210524
0.000212964
0.000210258
0.000210056
0.000209752
0.000208943
0.000207128
0.000199278
0.000160928
0.000161454
0.000159716
0.000158384
0.000159147
0.00015858
0.000159778
0.00015931
0.000159091
0.000157897
0.000158983
0.000159355
0.000159614
0.000159852
0.000159215
0.000160953
0.000161306
0.000160174
0.000160916
0.000162567
0.000162333
0.000162672
0.000163131
0.000162651
0.000161587
0.000164399
0.00016382
0.000163325
0.00016541
0.000166322
0.000165296
0.00016571
0.000167616
0.000164975
0.000162332
0.000163967
0.000161779
0.000162457
0.00016421
0.000161581
0.000161344
0.000162879
0.000160002
0.000160868
0.00015997
0.000159971
0.000160086
0.000160001
0.000159056
0.000159504
0.000160491
0.000157704
0.000158476
0.000158028
0.000158605
0.000158333
0.000159155
0.000158733
0.000161027
0.000165836
0.000206671
0.000209715
0.000209728
0.000208989
0.000210461
0.000211383
0.000211035
0.000211817
0.000210768
0.000211044
0.000210095
0.000208938
0.0002094
0.000209027
0.000210929
0.000210846
0.000209456
0.000207676
0.000210458
0.000208667
0.000208349
0.000205673
0.000205494
0.000207278
0.000205359
0.000206181
0.00020538
0.000205281
0.000204918
0.000204307
MomentY Data
-0.000122722
-0.000121276
-0.000123008
-0.000121673
-0.000124995
-0.000122722
-0.000122658
-0.000123549
-0.000124756
-0.000122722
-0.000122801
-0.000122801
-0.000123326
-0.000123167
-0.000123024
-0.000121864
-0.000124184
-0.000121085
-0.000123564
-0.000122833
-0.000123692
-0.000123024
-0.000123294
-0.000122595
-0.000122293
-0.000123374
-0.000125106
-0.000123803
-0.000122817
-0.000123437
-0.000121228
-0.000124168
-0.000121101
-0.000122261
-0.000120195
-0.000122484
-0.000120783
-0.000123437
-0.000122229
-0.000122372
-0.000123088
-0.000123103
-0.000121784
-0.000124852
-0.000122881
-0.000121705
-0.00012366
-0.000123692
-0.000123024
-0.000123707
-0.000122881
-0.000122817
-0.000124566
-0.000125249
-0.000121482
-0.000123723
-0.000123088
-0.000123119
-0.000124852
-0.000123803
-0.000123803
-0.000125535
-0.00012366
-0.000125186
-0.000122881
-0.000123262
-0.000122182
-0.000120974
-0.000125265
-0.000125408
-0.000123882
-0.000125488
-0.000123628
-0.000124073
-0.000124184
-0.000123421
-0.000122627
-0.000121657
-0.000121705
-0.000121578
-0.000121593
-0.000123374
-0.000123072
-0.000122372
-0.000122404
-0.000123437
-0.000121546
-0.000122865
-0.000123262
-0.000120974
-0.000122166
-0.000120004
-0.000119464
-0.000123278
-0.000122182
-0.000122833
-0.000122611
-0.000123962
-0.000122929
-0.000123183
-0.000123882
-0.000125472
-0.000124979
-0.000124073
-0.000124534
-0.000123898
-0.000124009
-0.000124534
-0.000123866
-0.000124598
-0.000124804
-0.000124041
-0.000124582
-0.000125376
-0.000125821
-0.000125615
-0.000125106
-0.000126282
-0.000124979
-0.000123072
-0.000123962
Field Data
500.007
483.323
466.665
449.994
433.326
416.658
399.984
383.337
366.667
350.011
333.331
316.68
300.012
283.337
266.675
249.993
233.87
216.666
199.997
183.313
166.66
149.985
133.324
116.662
99.9889
83.3097
66.6522
49.9941
33.3141
16.6705
0.00291587
-16.6787
-33.3503
-50.0102
-66.6709
-83.3369
-100.002
-116.673
-133.331
-150
-166.672
-183.335
-200.014
-216.675
-233.341
-250.013
-266.655
-283.343
-300.014
-316.675
-333.333
-350.01
-366.679
-383.33
-400.006
-416.673
-433.346
-449.996
-466.67
-483.336
-500.004
-483.339
-466.672
-450.012
-433.339
-416.677
-400.007
-383.337
-366.669
-349.996
-333.342
-316.673
-300.012
-283.328
-266.673
-250.013
-233.333
-216.677
-200.01
-183.338
-166.669
-150.006
-133.34
-116.673
-99.9991
-83.3349
-66.6757
-50.0065
-33.3373
-16.6726
-0.000812804
16.664
33.3356
49.9884
66.6729
83.337
100.003
116.661
133.329
150
166.666
183.323
199.996
216.668
233.331
250.007
266.671
283.333
299.999
316.665
333.322
350.002
366.665
383.329
399.992
416.661
433.324
449.996
466.657
483.34
500.005
Time Data
0
10.405
20.795
31.215
41.621
52.026
62.384
73.819
84.24
94.645
105.02
115.44
125.83
136.251
146.656
157.093
167.451
177.872
188.277
198.683
209.072
219.462
229.898
240.35
250.771
261.161
271.566
281.987
292.377
302.751
313.172
323.593
333.967
344.372
354.777
365.182
375.556
385.946
396.351
406.772
417.178
427.583
437.988
448.393
458.814
469.204
479.594
489.952
500.388
510.778
521.168
531.557
541.978
552.352
562.773
573.179
583.568
593.973
604.379
614.8
625.174
635.579
645.969
656.374
666.795
677.169
687.574
697.995
708.4
718.805
729.211
739.616
750.037
760.442
770.832
781.237
791.627
802.032
812.453
822.874
833.279
843.7
854.074
864.464
874.9
885.321
895.711
906.116
916.49
926.895
937.332
947.721
958.127
968.532
978.953
989.389
999.779
1010.2
1020.62
1031.04
1041.46
1051.85
1062.26
1072.65
1083.04
1093.43
1103.82
1114.22
1124.64
1135.06
1145.5
1155.89
1166.33
1176.68
1187.12
1197.53
1207.93
1218.34
1228.74
1239.15
1249.55
Temperature Data
0
0
0
0
0
0
0
0
0
0
0
0
0
0
0
0
0
0
0
0
0
0
0
0
0
0
0
0
0
0
0
0
0
0
0
0
0
0
0
0
0
0
0
0
0
0
0
0
0
0
0
0
0
0
0
0
0
0
0
0
0
0
0
0
0
0
0
0
0
0
0
0
0
0
0
0
0
0
0
0
0
0
0
0
0
0
0
0
0
0
0
0
0
0
0
0
0
0
0
0
0
0
0
0
0
0
0
0
0
0
0
0
0
0
0
0
0
0
0
0
0
Angle Data
0
0
0
0
0
0
0
0
0
0
0
0
0
0
0
0
0
0
0
0
0
0
0
0
0
0
0
0
0
0
0
0
0
0
0
0
0
0
0
0
0
0
0
0
0
0
0
0
0
0
0
0
0
0
0
0
0
0
0
0
0
0
0
0
0
0
0
0
0
0
0
0
0
0
0
0
0
0
0
0
0
0
0
0
0
0
0
0
0
0
0
0
0
0
0
0
0
0
0
0
0
0
0
0
0
0
0
0
0
0
0
0
0
0
0
0
0
0
0
0
0
Bx Data
0
0
0
0
0
0
0
0
0
0
0
0
0
0
0
0
0
0
0
0
0
0
0
0
0
0
0
0
0
0
0
0
0
0
0
0
0
0
0
0
0
0
0
0
0
0
0
0
0
0
0
0
0
0
0
0
0
0
0
0
0
0
0
0
0
0
0
0
0
0
0
0
0
0
0
0
0
0
0
0
0
0
0
0
0
0
0
0
0
0
0
0
0
0
0
0
0
0
0
0
0
0
0
0
0
0
0
0
0
0
0
0
0
0
0
0
0
0
0
0
0
Hint Data
0
0
0
0
0
0
0
0
0
0
0
0
0
0
0
0
0
0
0
0
0
0
0
0
0
0
0
0
0
0
0
0
0
0
0
0
0
0
0
0
0
0
0
0
0
0
0
0
0
0
0
0
0
0
0
0
0
0
0
0
0
0
0
0
0
0
0
0
0
0
0
0
0
0
0
0
0
0
0
0
0
0
0
0
0
0
0
0
0
0
0
0
0
0
0
0
0
0
0
0
0
0
0
0
0
0
0
0
0
0
0
0
0
0
0
0
0
0
0
0
0
Torque Data
-0.061361859054
-0.058615480148
-0.05740352832
-0.054752119962
-0.05416358337
-0.051133103076
-0.049061237472
-0.047360903013
-0.045743908252
-0.042954049942
-0.040933380131
-0.03888862068
-0.036999279912
-0.034897768279
-0.0328074252
-0.030465146952
-0.02904291208
-0.02623500261
-0.024712429308
-0.022516885729
-0.02061450872
-0.01845175464
-0.016438049256
-0.01430217789
-0.0122279425477
-0.0102782509278
-0.0083385901332
-0.0061894195623
-0.0040915378197
-0.0020577565085
-3.5348508836E-07
0.0020709608216
0.0040387546803
0.0061142970622
0.0080135088255
0.0102074368596
0.012078541566
0.014401765101
0.016296914799
0.0183558
0.020515323136
0.022569088505
0.024358504976
0.0270523071
0.028673175421
0.030427832165
0.0329745573
0.035047262356
0.036908922336
0.039174914225
0.040960292373
0.04298717817
0.045675736314
0.04801169917
0.048593528892
0.051552033579
0.053339692448
0.055403057524
0.05826468284
0.059838446808
0.061901995212
0.060675961365
0.05770865952
0.056335202232
0.053249129659
0.051360440374
0.048873655274
0.046373810238
0.045930792285
0.043892298368
0.041295073644
0.039738661424
0.037089883536
0.035153354944
0.033116519832
0.030856854473
0.028612925791
0.026360273789
0.02434221705
0.022289867364
0.020265783717
0.018506840244
0.01641042048
0.014277508356
0.0122402898364
0.0102866100513
0.0081041646322
0.0061440486225
0.0041092222726
0.0020169511124
9.9297013464E-08
-0.001999746656
-0.0039824041184
-0.0061624699752
-0.0081462282678
-0.010236533721
-0.012261467833
-0.014461530882
-0.016390000641
-0.01847745
-0.020646917412
-0.023001903456
-0.024995300084
-0.026882648764
-0.029057642754
-0.030975367286
-0.033069604039
-0.035284591822
-0.037159676134
-0.03945582567
-0.041599918888
-0.043414598082
-0.04567985903
-0.048060256704
-0.050327393432
-0.052338871515
-0.054211432344
-0.056826394872
-0.058322325203
-0.05948562048
-0.06198161981
dMdH Data
1.49124910093503E-07
-6.81354304238211E-08
-3.47909543518684E-08
-3.95968322534187E-08
-3.50371970242384E-08
-4.95981768022076E-08
-1.5137862677959E-08
-3.24535092981408E-08
8.99375600384252E-08
-5.0779376498801E-08
-3.35715572638275E-08
-1.22630189584834E-07
-7.49625187406233E-09
8.58240307286036E-08
-4.72964872317473E-08
-5.58208770080007E-08
4.85352243664265E-08
-2.60963465114879E-08
2.0738432030688E-08
-1.2424187834024E-07
1.1976011994003E-07
-8.00672228557708E-08
2.94082343056066E-08
-1.46343511404598E-07
1.62237997026236E-07
1.21266696683181E-08
1.82493801814126E-08
4.85011990407673E-08
1.09050926482252E-07
4.70974073913374E-07
2.29893796253684E-06
-3.15506610043436E-08
1.04322354876081E-07
7.99486216065347E-08
-4.57818312732513E-08
3.40231981806296E-08
-7.18613160578248E-08
2.80946091967821E-08
1.31381606575067E-08
7.16170825335902E-08
-6.51743383544377E-08
-2.23034954133942E-08
-1.55452853970357E-08
-1.42805712228477E-08
3.82077735124744E-08
-1.04434563153467E-07
-2.11529242569511E-08
6.79023453901995E-08
-4.45351419482624E-08
-9.91115379997599E-08
1.40313005936319E-08
-2.03371527986081E-08
-2.75659119572408E-08
2.87838810266248E-08
6.38387232255355E-08
-1.68655910753913E-07
3.47747747747754E-08
2.96869377473903E-08
-1.25105004200168E-07
-5.47156227501796E-08
-6.15661566156615E-08
2.48395032099366E-08
1.1440576230492E-07
-1.58399808072931E-07
-1.58624414836155E-07
9.80803839232149E-08
-1.3125374925015E-07
4.06767458603309E-08
1.05140046782223E-07
-1.57859973579921E-07
-1.42180094786725E-08
9.21313246503806E-08
-1.7244066171182E-07
5.19963974782349E-08
-5.39015606242491E-08
5.99520383686235E-11
6.90441882805126E-09
-5.09989800204057E-09
-5.66818618042226E-08
2.68762373267747E-08
5.92330312668776E-08
-1.67226689067563E-07
4.63190736185284E-08
-2.68683391408133E-08
3.4625124518429E-08
-1.63273146369574E-08
4.93125044993153E-08
-2.5316151944903E-08
1.37656243436725E-07
2.88451378575285E-07
2.45037255925242E-06
1.82585954557451E-07
7.80649500385218E-10
-4.42926069106061E-08
8.83336033749198E-08
5.53222128885149E-08
-2.08908632488897E-08
4.69162467002644E-08
-6.2923639853637E-08
1.6560662426496E-08
-5.69730443657325E-08
-6.93936304204388E-08
2.77111324376189E-08
-2.23849246834298E-08
1.14056128568002E-07
-4.98079692750875E-09
-8.34233585403902E-08
-1.06804272170887E-07
1.66926677067083E-07
-1.07522362970524E-07
-1.90647482014384E-08
-1.60595330972815E-07
-1.0741718674988E-08
1.07063553981876E-07
-1.15123882656428E-07
4.93308527876124E-08
-4.80446257197703E-08
-5.94202028689675E-09
-2.17586764970327E-08
-3.66636663666365E-08
-3.66636663666365E-08
dMdT Data
0
0
0
0
0
0
0
0
0
0
0
0
0
0
0
0
0
0
0
0
0
0
0
0
0
0
0
0
0
0
0
0
0
0
0
0
0
0
0
0
0
0
0
0
0
0
0
0
0
0
0
0
0
0
0
0
0
0
0
0
0
0
0
0
0
0
0
0
0
0
0
0
0
0
0
0
0
0
0
0
0
0
0
0
0
0
0
0
0
0
0
0
0
0
0
0
0
0
0
0
0
0
0
0
0
0
0
0
0
0
0
0
0
0
0
0
0
0
0
0
0
 
*********************************************** Results ***************************************
 
TotalArea -2.40548680976969E-04
AreaFirstQuad -7.28967651576217E-05
AreaSecondQuad -1.67651915819347E-04
AreaThirdQuad 0
AreaFourthQuad 0
Coercivity 0
PositiveCoercivity 0
NegativeCoercivity 0
Retentivity 1.67166524615728E-05
PositiveRetentivity 1.99271296595763E-04
NegativeRetentivity 1.65837991672618E-04
Magnetization 0.000212964
PositiveMagnetization 0.000212964
NegativeMagnetization 0.000157704
Flatness -10.9205263765479
Squareness 7.84952032342216E-02
SStar 0
SFD1 0
SFD2 0
Slope 0
Intercept 0
SlopeAtHc -3.66636663666365E-08
dH1 0
dH2 275.01035
InitialSlope 1.49124910093503E-07
FieldAtHalfMs 0
FieldAtMs 99.9889
MomentMean 1.84982785123967E-04
MomentRMS 2.37979166014614E-05
SFD3 0
dH3 0
UserField1 0
UserField2 0
CenterField 0
ExchangeField 0
ExchangeMoment 0
ExRegionOneIntercept 0
ExRegionOneSlope 0
ExRegionTwoIntercept 0
ExRegionTwoSlope 0
NegativeIntercept 0
NegativeSlope 0
AutoCenterOffset 0
PinningField 0
PinningMoment 0
PinRegionOneIntercept 0
PinRegionOneSlope 0
PinRegionTwoIntercept 0
PinRegionTwoSlope 0
PositiveIntercept 0
PositiveSlope 0
TotalOffset 0
BHMax 0
BCoercivity 0
BRetentivity 0
BNegativeCoercivity 0
BPositiveCoercivity 0
BNegativeRetentivity 0
BPositiveRetentivity 0
MomentYMean -1.2326358677686E-04
MomentYRMS 1.3209905353523E-06
YOffCorrection 0
Mrt 0
Ms1 0
Ms2 0
Ms3 0
Hc2 0
Hex2 0
HsatValue 0
HsatIntercept 0
HsatSlope 0
CenterH 0
Span .00005526
SpanAsPercentOfRange -4.25076923076923
RMSAsPercentOfRange -1.83060896934318
SpanAsPercentOfMean 29.8730500586675
RMSAsPercentOfMean 12.864935829306
