Version 1.25
******************************************** Units *******************************************
System CGS
TemperatureUnit K
MomentUnit emu
AppliedFieldUnit G
 
******************************************** Setup ********************************************
 
Experiment Hysteresis
Minor False
Acquisition PointByPoint
EditedPoint No
MaxField 500
FieldIncrement 16.6666666666667
Points 121
MinField 0
RampRate 500
AverageTime 3
TimeInterval 0
TimeConstant 0.3
TimeConstantIndex 1
Sensitivity -0.0013
SensitivityIndex 5
SensitivityY -4
SensitivityIndexY 0
SaturationField 8000
ExperimentTime 363
Use735Domains False
AutoRangeEnabled False
NumberOfVertices 3
VertexPts
0
60
120
VertexField
500
-500
500
StartAngle 0
EndAngle 0
AngleIncrement 0
StartTemp 0
FinishTemp 0
TempIncrement 0
TempPoints 0
LengthofSetPointsArray 121
SetPointArray
500
483.333333333333
466.666666666667
450
433.333333333333
416.666666666667
400
383.333333333333
366.666666666667
350
333.333333333333
316.666666666666
300
283.333333333333
266.666666666666
250
233.333333333333
216.666666666666
200
183.333333333333
166.666666666666
150
133.333333333333
116.666666666666
99.9999999999998
83.3333333333331
66.6666666666665
49.9999999999998
33.3333333333331
16.6666666666664
-2.20268248085631E-13
-16.6666666666669
-33.3333333333336
-50.0000000000002
-66.6666666666669
-83.3333333333336
-100
-116.666666666667
-133.333333333334
-150
-166.666666666667
-183.333333333334
-200
-216.666666666667
-233.333333333334
-250
-266.666666666667
-283.333333333334
-300
-316.666666666667
-333.333333333334
-350
-366.666666666667
-383.333333333334
-400
-416.666666666667
-433.333333333334
-450
-466.666666666667
-483.333333333334
-500
-483.333333333333
-466.666666666667
-450
-433.333333333333
-416.666666666667
-400
-383.333333333333
-366.666666666667
-350
-333.333333333333
-316.666666666666
-300
-283.333333333333
-266.666666666666
-250
-233.333333333333
-216.666666666666
-200
-183.333333333333
-166.666666666666
-150
-133.333333333333
-116.666666666666
-99.9999999999998
-83.3333333333331
-66.6666666666665
-49.9999999999998
-33.3333333333331
-16.6666666666664
2.20268248085631E-13
16.6666666666669
33.3333333333336
50.0000000000002
66.6666666666669
83.3333333333336
100
116.666666666667
133.333333333334
150
166.666666666667
183.333333333334
200
216.666666666667
233.333333333334
250
266.666666666667
283.333333333334
300
316.666666666667
333.333333333334
350
366.666666666667
383.333333333334
400
416.666666666667
433.333333333334
450
466.666666666667
483.333333333334
500
FieldDomainFile c:\Ideasvsm\Default UserID\Experiments\Jason_500G\fdomain.ini
TempDomainFile c:\Ideasvsm\Default UserID\Experiments\Jason_500G\tdomain.ini
NumSelectedResults 0
ResultsSelected 
UserName1 
UserValue1 
UserName2 
UserValue2 
LinearBackgroundCorrection Off
MaxLinearFieldCorrection 
MinLinearFieldCorrection 
AutoLinearCorrection Off
FitOneRegion Off
BackgroundMode Off
BackgroundFilename 
AutoCenter Off
OffsetCorrection 
SmoothDeriv Off
DerivOrder 0
DerivPoints 0
MinExFieldOne 
MaxExFieldOne 
MinExFieldTwo 
MaxExFieldTwo 
MinPinFieldOne 
MaxPinFieldOne 
MinPinFieldTwo 
MaxPinFieldTwo 
HCenterStart 
Mass 
Volume 
Density 
MolarWeight 
NumberOfMoles 
Demagnetization 
SampleArea 
Thickness 
MomentScaling 0
XAxis 0
YAxis 0
SimpleSpinValve False
HsatMax 0
HsatMin 0
FieldAutoRange False
 
*************************************************** Experiment Data ********************************************
 
DataPoints 121
MomentX Data
0.000210829
0.000211205
0.000210395
0.000211673
0.000210141
0.000213903
0.000213544
0.000211696
0.000212688
0.000213936
0.000211975
0.00021342
0.000214021
0.000214486
0.000214665
0.00021309
0.00021516
0.000215005
0.000214439
0.000213426
0.000216618
0.000215144
0.000215915
0.000215369
0.000214995
0.000213024
0.000214566
0.000212853
0.000212075
0.000212326
0.000201805
0.000165435
0.000163417
0.000162741
0.000162607
0.000162459
0.000161921
0.000162496
0.000163094
0.000161534
0.00016091
0.000160732
0.000162581
0.000161462
0.000162295
0.000162528
0.000163852
0.000162537
0.000164316
0.000163241
0.000163074
0.000164292
0.000165039
0.00016394
0.000166215
0.000164768
0.000166249
0.000165073
0.000166471
0.000166244
0.000167648
0.000165944
0.000166956
0.000167014
0.000166118
0.000165197
0.000164463
0.000166014
0.000164141
0.000164297
0.000162335
0.00016228
0.000162755
0.000162441
0.000162011
0.000162907
0.000161194
0.000160804
0.000160762
0.000162071
0.000159463
0.000158678
0.000160959
0.000160904
0.000160135
0.000159798
0.000161404
0.000159879
0.000160379
0.000162482
0.000165582
0.000207925
0.000208896
0.000210447
0.000211978
0.000210964
0.000212408
0.000210631
0.000212536
0.000211115
0.000211411
0.000209764
0.000211763
0.000210745
0.000211012
0.00021039
0.000209708
0.000209642
0.000208032
0.000208355
0.000208436
0.00020648
0.000207277
0.000206904
0.000206768
0.000205653
0.000205524
0.000206146
0.00020554
0.00020412
0.00020388
MomentY Data
-0.000122801
-0.000121848
-0.000124359
-0.00012126
-0.000123247
-0.000122515
-0.000123692
-0.000124518
-0.000123215
-0.000123755
-0.000124407
-0.000121927
-0.000121816
-0.00012091
-0.000120735
-0.000124025
-0.000121546
-0.000121117
-0.000121657
-0.000120242
-0.000121244
-0.000122722
-0.000122356
-0.000120163
-0.000120799
-0.000120227
-0.000123405
-0.000123199
-0.000122468
-0.000123135
-0.000121466
-0.000122992
-0.00012126
-0.000119766
-0.00012215
-0.000121562
-0.000123803
-0.000123914
-0.000124995
-0.000123882
-0.000122674
-0.000122976
-0.000124391
-0.00012215
-0.000121435
-0.000121148
-0.000123231
-0.000122499
-0.000122929
-0.000121482
-0.000122738
-0.000122706
-0.000122595
-0.000122976
-0.000121721
-0.000121895
-0.000123119
-0.000121466
-0.00012296
-0.000122754
-0.000122086
-0.000122849
-0.000122166
-0.000124454
-0.000123628
-0.000120719
-0.000122372
-0.000122468
-0.000122261
-0.000124327
-0.000124153
-0.000124264
-0.000124788
-0.000123183
-0.000125837
-0.000124868
-0.000122404
-0.000122929
-0.000123898
-0.000122897
-0.000123183
-0.000122515
-0.000123978
-0.000124089
-0.000123946
-0.000123199
-0.000125869
-0.000123851
-0.000122468
-0.000123024
-0.000121164
-0.000121514
-0.000121466
-0.000122706
-0.000122325
-0.000121514
-0.000121816
-0.000122913
-0.000122293
-0.000122595
-0.000122643
-0.000120846
-0.000121609
-0.000122229
-0.000121975
-0.000122849
-0.000123072
-0.000124788
-0.000124296
-0.000122849
-0.000121673
-0.000123453
-0.000124327
-0.000124216
-0.000122786
-0.000122579
-0.000122166
-0.000121975
-0.000123199
-0.000122992
-0.000123056
Field Data
500.001
483.335
466.654
449.992
433.327
416.657
399.995
383.329
366.67
350.004
333.329
316.661
299.998
283.336
266.655
249.994
233.323
216.661
199.998
183.333
166.663
149.99
133.338
116.666
99.9922
83.3075
66.6647
50.012
33.336
16.6636
-0.00656984
-16.6699
-33.3406
-49.995
-66.6734
-83.3347
-99.9974
-116.667
-133.327
-149.994
-166.676
-183.335
-199.999
-216.659
-233.342
-249.995
-266.669
-283.34
-300.017
-316.674
-333.339
-350.007
-366.678
-383.344
-400.011
-416.67
-433.334
-450.001
-466.668
-483.331
-500.004
-483.321
-466.674
-449.996
-433.336
-416.667
-400.004
-383.35
-366.675
-350.006
-333.338
-316.666
-300.008
-283.347
-266.666
-250.001
-233.33
-216.668
-199.998
-183.333
-166.662
-150.01
-133.33
-116.664
-99.9887
-83.3382
-66.6714
-50.0135
-33.3263
-16.6734
0.0064239
16.6712
33.3343
50.0017
66.6676
83.3355
100.014
116.648
133.324
149.982
166.661
183.334
199.994
216.661
233.327
249.998
266.668
283.334
299.991
316.647
333.332
349.999
366.669
383.343
400.002
416.664
433.332
449.995
466.66
483.333
500
Time Data
0
10.405
20.811
31.231
41.621
52.026
62.447
72.821
83.273
93.663
104.068
114.474
124.879
135.269
145.658
156.063
166.469
176.843
187.232
197.638
208.043
218.433
228.822
239.228
249.664
260.069
270.49
280.864
291.285
301.69
312.096
322.485
332.875
343.311
353.686
364.075
374.465
384.87
395.307
405.712
416.133
426.569
436.99
447.395
458.783
469.189
479.578
489.999
500.42
510.825
521.262
531.667
542.072
552.478
562.883
573.304
583.725
594.146
604.535
614.972
625.361
635.767
646.187
656.593
667.029
677.403
687.777
698.167
708.541
718.946
729.367
739.788
750.209
760.645
771.066
781.472
792.938
803.343
813.733
824.153
834.559
844.964
855.338
865.743
876.164
886.554
896.975
907.38
917.801
928.222
938.643
949.048
959.453
969.874
981.309
991.714
1002.13
1012.54
1022.93
1033.35
1043.79
1054.19
1064.61
1075.03
1085.41
1095.83
1106.23
1116.64
1127.03
1137.43
1147.85
1158.26
1168.68
1179.1
1189.49
1199.91
1210.33
1220.75
1231.13
1241.52
1251.91
Temperature Data
0
0
0
0
0
0
0
0
0
0
0
0
0
0
0
0
0
0
0
0
0
0
0
0
0
0
0
0
0
0
0
0
0
0
0
0
0
0
0
0
0
0
0
0
0
0
0
0
0
0
0
0
0
0
0
0
0
0
0
0
0
0
0
0
0
0
0
0
0
0
0
0
0
0
0
0
0
0
0
0
0
0
0
0
0
0
0
0
0
0
0
0
0
0
0
0
0
0
0
0
0
0
0
0
0
0
0
0
0
0
0
0
0
0
0
0
0
0
0
0
0
Angle Data
0
0
0
0
0
0
0
0
0
0
0
0
0
0
0
0
0
0
0
0
0
0
0
0
0
0
0
0
0
0
0
0
0
0
0
0
0
0
0
0
0
0
0
0
0
0
0
0
0
0
0
0
0
0
0
0
0
0
0
0
0
0
0
0
0
0
0
0
0
0
0
0
0
0
0
0
0
0
0
0
0
0
0
0
0
0
0
0
0
0
0
0
0
0
0
0
0
0
0
0
0
0
0
0
0
0
0
0
0
0
0
0
0
0
0
0
0
0
0
0
0
Bx Data
0
0
0
0
0
0
0
0
0
0
0
0
0
0
0
0
0
0
0
0
0
0
0
0
0
0
0
0
0
0
0
0
0
0
0
0
0
0
0
0
0
0
0
0
0
0
0
0
0
0
0
0
0
0
0
0
0
0
0
0
0
0
0
0
0
0
0
0
0
0
0
0
0
0
0
0
0
0
0
0
0
0
0
0
0
0
0
0
0
0
0
0
0
0
0
0
0
0
0
0
0
0
0
0
0
0
0
0
0
0
0
0
0
0
0
0
0
0
0
0
0
Hint Data
0
0
0
0
0
0
0
0
0
0
0
0
0
0
0
0
0
0
0
0
0
0
0
0
0
0
0
0
0
0
0
0
0
0
0
0
0
0
0
0
0
0
0
0
0
0
0
0
0
0
0
0
0
0
0
0
0
0
0
0
0
0
0
0
0
0
0
0
0
0
0
0
0
0
0
0
0
0
0
0
0
0
0
0
0
0
0
0
0
0
0
0
0
0
0
0
0
0
0
0
0
0
0
0
0
0
0
0
0
0
0
0
0
0
0
0
0
0
0
0
0
Torque Data
-0.061400622801
-0.05889340308
-0.058032624786
-0.05456602992
-0.053406252769
-0.051046732355
-0.04947618154
-0.047731360422
-0.04517924405
-0.04331474502
-0.041468460903
-0.038609525747
-0.036544556368
-0.03425815576
-0.032194591425
-0.03100550585
-0.028359477358
-0.026241330337
-0.024331156686
-0.022044326586
-0.020206888772
-0.01840707278
-0.016314704328
-0.014018936558
-0.0120789577678
-0.0100158108025
-0.0082267573035
-0.006161428388
-0.004082593248
-0.002051872386
7.9801218544E-07
0.0020502643408
0.004042881156
0.00598770117
0.00814415581
0.0101303328014
0.0123799781122
0.014456674638
0.016665208365
0.018581556708
0.020446811624
0.02254580496
0.024878075609
0.02646489685
0.02833588577
0.03028639426
0.032861887539
0.03470886666
0.036880789793
0.038470190868
0.040913362182
0.042947958942
0.04495288941
0.047142111744
0.048689738931
0.05078998965
0.053351648746
0.054659821466
0.05738149728
0.059330813574
0.061043488344
0.059375501529
0.057011695884
0.056003802184
0.053572463008
0.050299623573
0.048949289488
0.0469481078
0.044830052175
0.043515195962
0.041384912714
0.039350183824
0.037437398304
0.034903533501
0.033556449442
0.031217124868
0.02856052532
0.026634780572
0.024779352204
0.022531075701
0.020529925146
0.01837847515
0.01652998674
0.014476719096
0.0123931994102
0.0102671829018
0.0083918624466
0.0061942219885
0.0040814053084
0.0020512283616
-7.783454196E-07
-0.0020257841968
-0.0040489840838
-0.0061355086002
-0.00815511417
-0.010126429947
-0.012183305424
-0.014337555624
-0.016304591932
-0.01838704329
-0.020439805023
-0.022155180564
-0.024321070346
-0.026482257369
-0.028460060825
-0.030712004302
-0.032819364096
-0.035356683192
-0.037287681336
-0.038899767303
-0.040557504436
-0.043208426547
-0.045586856763
-0.047617334088
-0.049114645572
-0.051074256456
-0.052938437112
-0.054888140125
-0.05749204534
-0.059446092336
-0.061528
dMdH Data
-2.25609024360981E-08
4.85582399136751E-08
-7.67014764133965E-08
9.19291929192917E-08
-2.25674865026993E-07
2.15460328892083E-08
1.10884435377416E-07
-5.95473918002285E-08
-7.48829953198127E-08
1.176011994003E-07
-8.66930645548362E-08
-3.60679349456882E-08
-2.79078141879729E-08
-1.07307715364786E-08
9.45321409279155E-08
-1.24167716393737E-07
9.30260472932427E-09
3.39674728440253E-08
6.07860786078599E-08
-1.91481703659267E-07
8.84064055658837E-08
-4.63007446552964E-08
3.27495201535511E-08
2.24303997888908E-08
1.18132180980179E-07
-9.2652678635806E-08
1.02866201877173E-07
4.66538738306547E-08
-1.50548211415286E-08
6.31127343091306E-07
2.18263694296267E-06
1.21050705729212E-07
4.05898741473736E-08
8.03434382194909E-09
8.88286028101044E-09
3.22876844689028E-08
-3.4493929068484E-08
-3.58943577430962E-08
9.35981280374396E-08
3.74055868600879E-08
1.06849150609287E-08
-1.10957753240519E-07
6.71668667466987E-08
-4.9931067553797E-08
-1.3991473007867E-08
-7.94050617728202E-08
7.88794913322535E-08
-1.06673862205432E-07
6.45374317103912E-08
1.002100210021E-08
-7.30741540676738E-08
-4.48083498290444E-08
6.59426377055073E-08
-1.36497270054598E-07
8.68599555795659E-08
-8.8874219875179E-08
7.05585888282221E-08
-8.38783224335513E-08
1.36229970593545E-08
-8.42080009596363E-08
-1.02139902895163E-07
6.07917342464104E-08
3.47763520805802E-09
-5.37815126050413E-08
-5.52522646829443E-08
-4.40496909320058E-08
9.31307793923382E-08
-1.12323838080959E-07
9.35868978342968E-09
-1.17710583153348E-07
-3.29894433781181E-09
2.85148277104093E-08
-1.88464077786438E-08
-2.57778310652852E-08
5.37653765376546E-08
-1.02753284146122E-07
-2.34065538350747E-08
-2.51949610077886E-09
7.85478547854776E-08
-1.56439325775298E-07
-4.71414845063656E-08
1.36750599520384E-07
-3.30013200528013E-09
-4.61161118540591E-08
-2.02396324434698E-08
9.63592291261669E-08
-9.15481543291769E-08
2.99630854786894E-08
1.26284310840755E-07
1.85853281100887E-07
2.54086822084576E-06
5.82724703086461E-08
9.30559055401562E-08
9.18642257543853E-08
-6.08354981731352E-08
8.65785292442363E-08
-1.06829385595768E-07
1.14236027824419E-07
-8.53043582662993E-08
1.77468673181845E-08
-9.87824626641872E-08
1.1998799519808E-07
-6.10787784244321E-08
1.60206408256332E-08
-3.73102993221768E-08
-4.09118176364729E-08
-3.96015840633518E-09
-9.66560605150993E-08
1.9392411143131E-08
4.85465987413853E-09
-1.17357652846943E-07
4.78104379124176E-08
-2.23701571308618E-08
-8.16375532745063E-09
-6.69187372464286E-08
-7.73938084953193E-09
3.73282122066843E-08
-3.63636363636364E-08
-8.51676362982065E-08
-1.4399712005759E-08
-1.4399712005759E-08
dMdT Data
0
0
0
0
0
0
0
0
0
0
0
0
0
0
0
0
0
0
0
0
0
0
0
0
0
0
0
0
0
0
0
0
0
0
0
0
0
0
0
0
0
0
0
0
0
0
0
0
0
0
0
0
0
0
0
0
0
0
0
0
0
0
0
0
0
0
0
0
0
0
0
0
0
0
0
0
0
0
0
0
0
0
0
0
0
0
0
0
0
0
0
0
0
0
0
0
0
0
0
0
0
0
0
0
0
0
0
0
0
0
0
0
0
0
0
0
0
0
0
0
0
 
*********************************************** Results ***************************************
 
TotalArea 3.42421759093925E-03
AreaFirstQuad 2.63403940498638E-03
AreaSecondQuad 7.90178185952865E-04
AreaThirdQuad 0
AreaFourthQuad 0
Coercivity 0
PositiveCoercivity 0
NegativeCoercivity 0
Retentivity 1.81141701542781E-05
PositiveRetentivity 2.01809146405664E-04
NegativeRetentivity 1.65580806097108E-04
Magnetization 0.000216618
PositiveMagnetization 0.000216618
NegativeMagnetization 0.000158678
Flatness -10.1409545503249
Squareness 8.36226451831246E-02
SStar 0
SFD1 0
SFD2 0
Slope 0
Intercept 0
SlopeAtHc -1.4399712005759E-08
dH1 0
dH2 275.0052
InitialSlope -2.25609024360981E-08
FieldAtHalfMs 0
FieldAtMs 166.663
MomentMean 1.87251033057851E-04
MomentRMS 2.41725862386623E-05
SFD3 0
dH3 0
UserField1 0
UserField2 0
CenterField 0
ExchangeField 0
ExchangeMoment 0
ExRegionOneIntercept 0
ExRegionOneSlope 0
ExRegionTwoIntercept 0
ExRegionTwoSlope 0
NegativeIntercept 0
NegativeSlope 0
AutoCenterOffset 0
PinningField 0
PinningMoment 0
PinRegionOneIntercept 0
PinRegionOneSlope 0
PinRegionTwoIntercept 0
PinRegionTwoSlope 0
PositiveIntercept 0
PositiveSlope 0
TotalOffset 0
BHMax 0
BCoercivity 0
BRetentivity 0
BNegativeCoercivity 0
BPositiveCoercivity 0
BNegativeRetentivity 0
BPositiveRetentivity 0
MomentYMean -1.22706628099174E-04
MomentYRMS 1.20077645804865E-06
YOffCorrection 0
Mrt 0
Ms1 0
Ms2 0
Ms3 0
Hc2 0
Hex2 0
HsatValue 0
HsatIntercept 0
HsatSlope 0
CenterH 0
Span .00005794
SpanAsPercentOfRange -4.45692307692308
RMSAsPercentOfRange -1.85942971066633
SpanAsPercentOfMean 30.9424194108982
RMSAsPercentOfMean 12.9091871184466
