Version 1.25
******************************************** Units *******************************************
System CGS
TemperatureUnit K
MomentUnit emu
AppliedFieldUnit G
 
******************************************** Setup ********************************************
 
Experiment Hysteresis
Minor False
Acquisition PointByPoint
EditedPoint No
MaxField 500
FieldIncrement 16.6666666666667
Points 121
MinField 0
RampRate 500
AverageTime 3
TimeInterval 0
TimeConstant 0.3
TimeConstantIndex 1
Sensitivity -0.0013
SensitivityIndex 5
SensitivityY -4
SensitivityIndexY 0
SaturationField 8000
ExperimentTime 363
Use735Domains False
AutoRangeEnabled False
NumberOfVertices 3
VertexPts
0
60
120
VertexField
500
-500
500
StartAngle 0
EndAngle 0
AngleIncrement 0
StartTemp 0
FinishTemp 0
TempIncrement 0
TempPoints 0
LengthofSetPointsArray 121
SetPointArray
500
483.333333333333
466.666666666667
450
433.333333333333
416.666666666667
400
383.333333333333
366.666666666667
350
333.333333333333
316.666666666666
300
283.333333333333
266.666666666666
250
233.333333333333
216.666666666666
200
183.333333333333
166.666666666666
150
133.333333333333
116.666666666666
99.9999999999998
83.3333333333331
66.6666666666665
49.9999999999998
33.3333333333331
16.6666666666664
-2.20268248085631E-13
-16.6666666666669
-33.3333333333336
-50.0000000000002
-66.6666666666669
-83.3333333333336
-100
-116.666666666667
-133.333333333334
-150
-166.666666666667
-183.333333333334
-200
-216.666666666667
-233.333333333334
-250
-266.666666666667
-283.333333333334
-300
-316.666666666667
-333.333333333334
-350
-366.666666666667
-383.333333333334
-400
-416.666666666667
-433.333333333334
-450
-466.666666666667
-483.333333333334
-500
-483.333333333333
-466.666666666667
-450
-433.333333333333
-416.666666666667
-400
-383.333333333333
-366.666666666667
-350
-333.333333333333
-316.666666666666
-300
-283.333333333333
-266.666666666666
-250
-233.333333333333
-216.666666666666
-200
-183.333333333333
-166.666666666666
-150
-133.333333333333
-116.666666666666
-99.9999999999998
-83.3333333333331
-66.6666666666665
-49.9999999999998
-33.3333333333331
-16.6666666666664
2.20268248085631E-13
16.6666666666669
33.3333333333336
50.0000000000002
66.6666666666669
83.3333333333336
100
116.666666666667
133.333333333334
150
166.666666666667
183.333333333334
200
216.666666666667
233.333333333334
250
266.666666666667
283.333333333334
300
316.666666666667
333.333333333334
350
366.666666666667
383.333333333334
400
416.666666666667
433.333333333334
450
466.666666666667
483.333333333334
500
FieldDomainFile c:\Ideasvsm\Default UserID\Experiments\Jason_500G\fdomain.ini
TempDomainFile c:\Ideasvsm\Default UserID\Experiments\Jason_500G\tdomain.ini
NumSelectedResults 0
ResultsSelected 
UserName1 
UserValue1 
UserName2 
UserValue2 
LinearBackgroundCorrection Off
MaxLinearFieldCorrection 
MinLinearFieldCorrection 
AutoLinearCorrection Off
FitOneRegion Off
BackgroundMode Off
BackgroundFilename 
AutoCenter Off
OffsetCorrection 
SmoothDeriv Off
DerivOrder 0
DerivPoints 0
MinExFieldOne 
MaxExFieldOne 
MinExFieldTwo 
MaxExFieldTwo 
MinPinFieldOne 
MaxPinFieldOne 
MinPinFieldTwo 
MaxPinFieldTwo 
HCenterStart 
Mass 
Volume 
Density 
MolarWeight 
NumberOfMoles 
Demagnetization 
SampleArea 
Thickness 
MomentScaling 0
XAxis 0
YAxis 0
SimpleSpinValve False
HsatMax 0
HsatMin 0
FieldAutoRange False
 
*************************************************** Experiment Data ********************************************
 
DataPoints 121
MomentX Data
0.000186923
0.000187277
0.000187554
0.000187918
0.000188961
0.00019083
0.000188495
0.000190015
0.000190654
0.00019049
0.00019078
0.000191563
0.00019077
0.000191317
0.000193613
0.000193163
0.00019436
0.000193577
0.000196295
0.000194609
0.000196664
0.000195906
0.000196747
0.000198155
0.000199149
0.000196625
0.000199608
0.000197887
0.000198872
0.000196865
0.000175306
0.000171011
0.00017042
0.000171022
0.00017169
0.000170252
0.000172682
0.000173357
0.000172491
0.000174116
0.000173298
0.000173751
0.000173782
0.000173798
0.000174616
0.00017576
0.000175341
0.00017785
0.000176532
0.00017683
0.00017834
0.000178366
0.000179287
0.000178159
0.000180455
0.000181377
0.000180194
0.000181547
0.000181606
0.00018218
0.000183686
0.000182323
0.000182382
0.000181896
0.000180901
0.000182121
0.000180437
0.000179352
0.000180155
0.00017795
0.000178094
0.000177577
0.000177331
0.000176919
0.000175659
0.000175596
0.000176186
0.00017366
0.000173009
0.000174721
0.000173417
0.000173244
0.000172977
0.000172862
0.000172109
0.000171924
0.000170493
0.000169693
0.000170758
0.000169899
0.000173156
0.00019857
0.000198769
0.000200144
0.000197831
0.00019664
0.000197268
0.000197545
0.000196256
0.000197183
0.000195477
0.000196408
0.000195508
0.000193566
0.000194032
0.000195001
0.000192315
0.000192453
0.000192805
0.000191217
0.000191494
0.000191125
0.000190404
0.000188954
0.000190078
0.000187971
0.000189808
0.000188017
0.000187112
0.000186895
0.000185622
MomentY Data
-0.000124868
-0.000125249
-0.000124025
-0.000125058
-0.000125567
-0.000124788
-0.000125154
-0.000124375
-0.000123803
-0.000125742
-0.000124502
-0.000125567
-0.000126584
-0.000125996
-0.000124741
-0.000124359
-0.000124677
-0.000124534
-0.000125504
-0.000124534
-0.000124311
-0.000126743
-0.000125043
-0.000123533
-0.000123707
-0.000124677
-0.000122976
-0.00012428
-0.000125583
-0.000124359
-0.000122213
-0.000123405
-0.000124296
-0.000124963
-0.000125106
-0.000125535
-0.000126044
-0.000124486
-0.00012668
-0.000124868
-0.000124931
-0.000126028
-0.000124661
-0.000125329
-0.000124454
-0.000124947
-0.0001249
-0.000124836
-0.000126235
-0.000126457
-0.000126235
-0.00012509
-0.000125329
-0.000125122
-0.000124359
-0.000125424
-0.000124248
-0.000124184
-0.000125456
-0.0001249
-0.000124502
-0.000122611
-0.000124693
-0.000125138
-0.000125376
-0.000124296
-0.000125281
-0.000124741
-0.000124296
-0.00012579
-0.000123787
-0.000126155
-0.000123676
-0.000126187
-0.000125917
-0.000126457
-0.000125186
-0.000125774
-0.000126044
-0.000125456
-0.000126632
-0.000126298
-0.000123596
-0.000124486
-0.000124693
-0.000126123
-0.000126823
-0.000125138
-0.00012296
-0.000123739
-0.000125186
-0.000125662
-0.000126378
-0.000123453
-0.000124788
-0.000124168
-0.000122738
-0.000123898
-0.000123215
-0.000125297
-0.000126139
-0.000122849
-0.000125869
-0.000124248
-0.00012544
-0.000124184
-0.000123453
-0.000123978
-0.000125217
-0.000123072
-0.000125837
-0.000125726
-0.000125313
-0.000122277
-0.000124025
-0.000123119
-0.00012598
-0.000123151
-0.000126171
-0.000124566
-0.000125504
Field Data
499.993
483.325
466.678
449.991
433.33
416.676
399.984
383.323
366.669
349.992
333.325
316.664
299.997
283.334
266.659
249.989
233.329
216.651
199.986
183.335
166.651
150.001
133.324
116.672
99.9958
83.3297
66.6615
49.9974
33.3425
16.6573
-0.00206362
-16.6629
-33.3381
-50.0117
-66.666
-83.3354
-100.003
-116.667
-133.345
-150.006
-166.679
-183.334
-200.013
-216.678
-233.333
-250.005
-266.67
-282.786
-299.997
-316.666
-333.342
-350.017
-366.68
-383.331
-400.014
-416.667
-433.331
-450.004
-466.676
-483.33
-500.005
-483.34
-466.676
-449.997
-433.332
-416.673
-399.992
-383.33
-366.684
-350.001
-333.348
-316.666
-300.011
-283.337
-266.676
-250.004
-233.347
-216.671
-200.007
-183.337
-166.681
-149.997
-133.34
-116.669
-100.005
-83.3332
-66.6717
-50.0047
-33.3351
-16.6686
0.00317014
16.6639
33.3422
50.0008
66.6636
83.3333
100.009
116.671
133.328
149.989
166.661
183.324
200.006
216.662
233.325
250.002
266.658
283.335
299.995
316.663
333.326
350.007
366.659
383.333
399.993
416.673
433.33
450.004
466.667
483.331
499.998
Time Data
0
10.374
20.733
31.122
41.481
51.902
62.338
72.743
83.149
93.57
103.944
114.365
124.754
135.144
145.534
155.923
166.328
176.718
187.092
197.513
207.981
218.37
228.776
239.212
249.602
259.991
270.366
280.755
291.176
301.566
312.002
322.392
332.797
343.202
353.592
363.966
374.371
384.777
395.198
405.618
417.053
427.49
437.879
448.3
458.69
469.111
479.485
489.89
500.295
510.701
521.09
531.496
542.946
553.336
563.71
574.115
584.552
594.988
605.378
615.752
626.173
636.547
646.968
657.373
667.778
678.168
688.573
698.994
709.399
719.773
730.163
740.568
750.942
761.332
771.722
782.111
792.516
802.937
813.296
823.732
834.138
844.527
854.964
865.369
875.743
886.164
896.585
907.006
917.395
927.769
938.175
948.595
959.016
969.406
979.811
990.263
1000.7
1011.11
1021.5
1031.92
1042.32
1052.71
1063.12
1073.52
1083.93
1094.38
1104.78
1115.17
1125.56
1136
1146.39
1156.79
1167.22
1177.59
1188.01
1198.4
1208.79
1219.18
1229.57
1239.97
1250.38
Temperature Data
0
0
0
0
0
0
0
0
0
0
0
0
0
0
0
0
0
0
0
0
0
0
0
0
0
0
0
0
0
0
0
0
0
0
0
0
0
0
0
0
0
0
0
0
0
0
0
0
0
0
0
0
0
0
0
0
0
0
0
0
0
0
0
0
0
0
0
0
0
0
0
0
0
0
0
0
0
0
0
0
0
0
0
0
0
0
0
0
0
0
0
0
0
0
0
0
0
0
0
0
0
0
0
0
0
0
0
0
0
0
0
0
0
0
0
0
0
0
0
0
0
Angle Data
0
0
0
0
0
0
0
0
0
0
0
0
0
0
0
0
0
0
0
0
0
0
0
0
0
0
0
0
0
0
0
0
0
0
0
0
0
0
0
0
0
0
0
0
0
0
0
0
0
0
0
0
0
0
0
0
0
0
0
0
0
0
0
0
0
0
0
0
0
0
0
0
0
0
0
0
0
0
0
0
0
0
0
0
0
0
0
0
0
0
0
0
0
0
0
0
0
0
0
0
0
0
0
0
0
0
0
0
0
0
0
0
0
0
0
0
0
0
0
0
0
Bx Data
0
0
0
0
0
0
0
0
0
0
0
0
0
0
0
0
0
0
0
0
0
0
0
0
0
0
0
0
0
0
0
0
0
0
0
0
0
0
0
0
0
0
0
0
0
0
0
0
0
0
0
0
0
0
0
0
0
0
0
0
0
0
0
0
0
0
0
0
0
0
0
0
0
0
0
0
0
0
0
0
0
0
0
0
0
0
0
0
0
0
0
0
0
0
0
0
0
0
0
0
0
0
0
0
0
0
0
0
0
0
0
0
0
0
0
0
0
0
0
0
0
Hint Data
0
0
0
0
0
0
0
0
0
0
0
0
0
0
0
0
0
0
0
0
0
0
0
0
0
0
0
0
0
0
0
0
0
0
0
0
0
0
0
0
0
0
0
0
0
0
0
0
0
0
0
0
0
0
0
0
0
0
0
0
0
0
0
0
0
0
0
0
0
0
0
0
0
0
0
0
0
0
0
0
0
0
0
0
0
0
0
0
0
0
0
0
0
0
0
0
0
0
0
0
0
0
0
0
0
0
0
0
0
0
0
0
0
0
0
0
0
0
0
0
0
Torque Data
-0.062433125924
-0.060535972925
-0.05787973895
-0.056274974478
-0.05441194811
-0.051996164688
-0.050059597536
-0.047675798125
-0.045394722207
-0.044008694064
-0.04149962915
-0.039762548488
-0.037974820248
-0.035698950664
-0.033263310319
-0.031088382051
-0.029090759733
-0.026980415634
-0.025099042944
-0.02283144089
-0.020716552461
-0.019011576743
-0.016671232932
-0.014412842176
-0.0123701804306
-0.0103892970069
-0.008197764624
-0.006213676872
-0.0041872511775
-0.0020714851707
2.5220119106E-07
0.0020562851745
0.0041437924776
0.0062496120671
0.008340316596
0.010461509439
0.012604778132
0.014523408162
0.0168921446
0.018730949208
0.020823374149
0.023105217352
0.024933820593
0.027156037062
0.029039225182
0.031237374735
0.033307083
0.035301873096
0.037870121295
0.040044632362
0.04207942737
0.04378362653
0.04595563772
0.047963141382
0.049745341026
0.052260041808
0.053840510088
0.055883296736
0.058547304256
0.060367917
0.06225162251
0.05926280074
0.058191230468
0.056311724586
0.054329432832
0.051790787208
0.050111397752
0.04781696753
0.045577354464
0.04402662579
0.041264148876
0.03994899923
0.037104160436
0.035753446019
0.033579041892
0.031614755828
0.029211777542
0.027251578354
0.025209682308
0.023000726672
0.021107148392
0.018944321106
0.01648029064
0.014523657134
0.012469923465
0.0105102331836
0.0084555050091
0.0062574881486
0.004098883896
0.0020625558954
-3.9685714604E-07
-0.0020940190018
-0.0042137205516
-0.0061727487624
-0.0083188173168
-0.0103473291944
-0.012274904642
-0.014455303558
-0.01642800952
-0.018793171733
-0.021022451879
-0.022521170076
-0.025174555214
-0.026919820176
-0.029268288
-0.031046248368
-0.032919730074
-0.03512730663
-0.037564473915
-0.038972348736
-0.041944743862
-0.044004980082
-0.045947139267
-0.046872809241
-0.049609131825
-0.051300363087
-0.0545909134
-0.055418442604
-0.058879842057
-0.060206609346
-0.062751748992
dMdH Data
-2.12383009359245E-08
-1.66396347690273E-08
-2.18133876670469E-08
-6.26012844367083E-08
-1.12225291221328E-07
1.39887371195781E-07
-9.12310185463057E-08
-3.83691605620275E-08
9.83390298015276E-09
-1.73996520069606E-08
-4.69959786327349E-08
4.75790484190328E-08
-3.28272219888387E-08
-1.37691154422788E-07
2.69946010797847E-08
-7.18487394957989E-08
4.69480753087898E-08
-1.63096309630963E-07
1.01255179869078E-07
-1.2317190122273E-07
4.5525525525526E-08
-5.04287341848047E-08
-8.45544078789332E-08
-5.96059054220993E-08
1.51445149135071E-07
-1.78963535354747E-07
1.03275904489291E-07
-5.91417540783796E-08
1.2028624169923E-07
1.29410705545306E-06
2.57790179438759E-07
3.54418537708682E-08
-3.6104980328183E-08
-4.01097614429908E-08
8.62658524002068E-08
-1.45791835657204E-07
-4.05064810369645E-08
5.19246912099757E-08
-9.75331612748334E-08
4.90613566844602E-08
-2.71990393275295E-08
-1.85862461778285E-09
-9.60096009599813E-10
-4.91143800660465E-08
-6.86180422264884E-08
2.51425142514258E-08
-1.55683792504344E-07
7.65789320783229E-08
-1.78774971503991E-08
-9.05492923962584E-08
-1.55922038980526E-09
-5.52721598751725E-08
6.77436790583152E-08
-1.37625127375172E-07
-5.53653996276958E-08
7.09913586173789E-08
-8.11491633179391E-08
-3.53886756238049E-09
-3.44661943076729E-08
-9.03148425787103E-08
-8.17881788178813E-08
3.54056649063895E-09
-2.9138437556209E-08
-5.97059705970596E-08
7.32336874962478E-08
-1.00953180264971E-07
-6.51182331052698E-08
4.82398173735441E-08
-1.32170472936523E-07
8.64709061430481E-09
-3.09914878311958E-08
-1.47703392374661E-08
-2.47091279836877E-08
-7.56257127423323E-08
-3.77879078694752E-09
3.54205439154706E-08
-1.51475173902615E-07
-3.90662506000947E-08
1.02699460107977E-07
-7.82901056676266E-08
-1.03692160153448E-08
-1.60292969922557E-08
-6.89820646631843E-09
-4.51872299567938E-08
-1.10965822526653E-08
-8.58866248537051E-08
-4.79990400191992E-08
6.38887555790175E-08
-5.1540515405154E-08
1.95360179072143E-07
1.52538335436404E-06
1.19316716931592E-08
8.25399493354779E-08
-1.38812204431427E-07
-7.14469966466117E-08
3.76595885030326E-08
1.66246549033728E-08
-7.73848832322744E-08
5.5638917231858E-08
-1.02327255278311E-07
5.58722919042186E-08
-5.39503656635892E-08
-1.16594620557157E-07
2.79661525535613E-08
5.81039755351696E-08
-1.61263208453411E-07
8.27486958086015E-09
2.11284513805513E-08
-9.52723782097423E-08
1.66236572045848E-08
-2.21209759606744E-08
-4.32981023300502E-08
-8.69617368357926E-08
6.74669867947179E-08
-1.26318944844125E-07
1.10283964699526E-07
-1.07412738395105E-07
-5.43119486286996E-08
-1.30220835333654E-08
-7.63784724305507E-08
-7.63784724305507E-08
dMdT Data
0
0
0
0
0
0
0
0
0
0
0
0
0
0
0
0
0
0
0
0
0
0
0
0
0
0
0
0
0
0
0
0
0
0
0
0
0
0
0
0
0
0
0
0
0
0
0
0
0
0
0
0
0
0
0
0
0
0
0
0
0
0
0
0
0
0
0
0
0
0
0
0
0
0
0
0
0
0
0
0
0
0
0
0
0
0
0
0
0
0
0
0
0
0
0
0
0
0
0
0
0
0
0
0
0
0
0
0
0
0
0
0
0
0
0
0
0
0
0
0
0
 
*********************************************** Results ***************************************
 
TotalArea 1.59385206242932E-04
AreaFirstQuad 1.7291386032401E-04
AreaSecondQuad -1.35286540810782E-05
AreaThirdQuad 0
AreaFourthQuad 0
Coercivity 0
PositiveCoercivity 0
NegativeCoercivity 0
Retentivity 1.07664493215992E-06
PositiveRetentivity 1.75308670545202E-04
NegativeRetentivity 1.73155380680882E-04
Magnetization 0.000200144
PositiveMagnetization 0.000200144
NegativeMagnetization 0.000169693
Flatness -161.828677597083
Squareness 5.37935152769968E-03
SStar 0
SFD1 0
SFD2 0
Slope 0
Intercept 0
SlopeAtHc -7.63784724305507E-08
dH1 0
dH2 283.33885
InitialSlope -2.12383009359245E-08
FieldAtHalfMs 0
FieldAtMs 50.0008
MomentMean 1.84529033057851E-04
MomentRMS 9.48036683971484E-06
SFD3 0
dH3 0
UserField1 0
UserField2 0
CenterField 0
ExchangeField 0
ExchangeMoment 0
ExRegionOneIntercept 0
ExRegionOneSlope 0
ExRegionTwoIntercept 0
ExRegionTwoSlope 0
NegativeIntercept 0
NegativeSlope 0
AutoCenterOffset 0
PinningField 0
PinningMoment 0
PinRegionOneIntercept 0
PinRegionOneSlope 0
PinRegionTwoIntercept 0
PinRegionTwoSlope 0
PositiveIntercept 0
PositiveSlope 0
TotalOffset 0
BHMax 0
BCoercivity 0
BRetentivity 0
BNegativeCoercivity 0
BPositiveCoercivity 0
BNegativeRetentivity 0
BPositiveRetentivity 0
MomentYMean -1.24862082644628E-04
MomentYRMS 1.03929242425457E-06
YOffCorrection 0
Mrt 0
Ms1 0
Ms2 0
Ms3 0
Hc2 0
Hex2 0
HsatValue 0
HsatIntercept 0
HsatSlope 0
CenterH 0
Span .000030451
SpanAsPercentOfRange -2.34238461538462
RMSAsPercentOfRange -.729258987670372
SpanAsPercentOfMean 16.5020102774035
RMSAsPercentOfMean 5.13760175437687
