Version 1.25
******************************************** Units *******************************************
System CGS
TemperatureUnit K
MomentUnit emu
AppliedFieldUnit G
 
******************************************** Setup ********************************************
 
Experiment CustomField
Minor False
Acquisition PointByPoint
EditedPoint No
MaxField 500
FieldIncrement 16.6666666666667
Points 143
MinField 0
RampRate 500
AverageTime 3
TimeInterval 0
TimeConstant 0.3
TimeConstantIndex 1
Sensitivity -0.0013
SensitivityIndex 5
SensitivityY -4
SensitivityIndexY 0
SaturationField 8000
ExperimentTime 429
Use735Domains False
AutoRangeEnabled False
NumberOfVertices 7
VertexPts
0
27
44
71
98
115
142
VertexField
500
50
-50
-500
-50
50
500
StartAngle 0
EndAngle 0
AngleIncrement 0
StartTemp 0
FinishTemp 0
TempIncrement 0
TempPoints 0
LengthofSetPointsArray 143
SetPointArray
500
483.333333333333
466.666666666667
450
433.333333333333
416.666666666667
400
383.333333333333
366.666666666667
350
333.333333333333
316.666666666666
300
283.333333333333
266.666666666666
250
233.333333333333
216.666666666666
200
183.333333333333
166.666666666666
150
133.333333333333
116.666666666666
99.9999999999998
83.3333333333331
66.6666666666665
50
44.1176470588235
38.2352941176471
32.3529411764706
26.4705882352941
20.5882352941176
14.7058823529412
8.8235294117647
2.94117647058823
-2.94117647058824
-8.82352941176471
-14.7058823529412
-20.5882352941177
-26.4705882352941
-32.3529411764706
-38.2352941176471
-44.1176470588235
-50
-66.6666666666667
-83.3333333333333
-100
-116.666666666667
-133.333333333333
-150
-166.666666666667
-183.333333333333
-200
-216.666666666667
-233.333333333333
-250
-266.666666666667
-283.333333333333
-300
-316.666666666667
-333.333333333333
-350
-366.666666666667
-383.333333333333
-400
-416.666666666667
-433.333333333333
-450
-466.666666666667
-483.333333333334
-500
-483.333333333333
-466.666666666667
-450
-433.333333333333
-416.666666666667
-400
-383.333333333333
-366.666666666667
-350
-333.333333333333
-316.666666666666
-300
-283.333333333333
-266.666666666666
-250
-233.333333333333
-216.666666666666
-200
-183.333333333333
-166.666666666666
-150
-133.333333333333
-116.666666666666
-99.9999999999998
-83.3333333333331
-66.6666666666665
-50
-44.1176470588235
-38.2352941176471
-32.3529411764706
-26.4705882352941
-20.5882352941176
-14.7058823529412
-8.8235294117647
-2.94117647058823
2.94117647058824
8.82352941176471
14.7058823529412
20.5882352941177
26.4705882352941
32.3529411764706
38.2352941176471
44.1176470588235
50
66.6666666666667
83.3333333333333
100
116.666666666667
133.333333333333
150
166.666666666667
183.333333333333
200
216.666666666667
233.333333333333
250
266.666666666667
283.333333333333
300
316.666666666667
333.333333333333
350
366.666666666667
383.333333333333
400
416.666666666667
433.333333333333
450
466.666666666667
483.333333333334
500
FieldDomainFile c:\Ideasvsm\Default UserID\Experiments\Jason_500G\fdomain.ini
TempDomainFile c:\Ideasvsm\Default UserID\Experiments\Jason_500G\tdomain.ini
NumSelectedResults 0
ResultsSelected 
UserName1 
UserValue1 
UserName2 
UserValue2 
LinearBackgroundCorrection Off
MaxLinearFieldCorrection 
MinLinearFieldCorrection 
AutoLinearCorrection Off
FitOneRegion Off
BackgroundMode Off
BackgroundFilename 
AutoCenter Off
OffsetCorrection 
SmoothDeriv Off
DerivOrder 0
DerivPoints 0
MinExFieldOne 
MaxExFieldOne 
MinExFieldTwo 
MaxExFieldTwo 
MinPinFieldOne 
MaxPinFieldOne 
MinPinFieldTwo 
MaxPinFieldTwo 
HCenterStart 
Mass 
Volume 
Density 
MolarWeight 
NumberOfMoles 
Demagnetization 
SampleArea 
Thickness 
MomentScaling 0
XAxis 0
YAxis 0
SimpleSpinValve False
HsatMax 0
HsatMin 0
FieldAutoRange False
 
*************************************************** Experiment Data ********************************************
 
DataPoints 143
MomentX Data
0.000191206
0.00019164
0.000191904
0.000191402
0.000191526
0.000193258
0.000193718
0.000193305
0.000195421
0.000193989
0.00019611
0.000196499
0.000195742
0.000197164
0.000195089
0.000199045
0.000198148
0.000199394
0.000199568
0.000199569
0.000199043
0.000199089
0.000199563
0.000200424
0.000201288
0.000200936
0.000201403
0.000201693
0.000201547
0.00020146
0.000202434
0.000201771
0.000201017
0.00020135
0.000200215
0.000195217
0.000171438
0.000171023
0.000171415
0.000169976
0.000170609
0.000170202
0.000169935
0.000169919
0.000167832
0.000170389
0.000169427
0.000169392
0.000168688
0.000170839
0.000171994
0.000171793
0.000171535
0.000171178
0.000171858
0.000172359
0.000172197
0.000173711
0.000173737
0.000175348
0.000173992
0.000174773
0.000175924
0.000176774
0.000175382
0.00017895
0.000178828
0.000178244
0.000178672
0.000179387
0.00018096
0.000179339
0.000179446
0.000178617
0.000179116
0.00017774
0.000176103
0.000177345
0.000177606
0.000176979
0.000175836
0.000175038
0.000174866
0.000175295
0.00017305
0.000174262
0.000173322
0.000173131
0.000171345
0.000171356
0.000170649
0.000172297
0.000170549
0.000169986
0.000170406
0.000168557
0.000168791
0.000168451
0.000169087
0.000169957
0.000169032
0.000168547
0.000168469
0.000168784
0.000169799
0.000170245
0.00017118
0.000175204
0.000197535
0.000200736
0.000200419
0.000199205
0.00019967
0.000201085
0.000201526
0.000199897
0.000200824
0.000201163
0.000200389
0.00020062
0.000199745
0.000199741
0.000200653
0.000198646
0.000199283
0.000199029
0.000198536
0.000197563
0.000196529
0.00019621
0.000197086
0.000195884
0.000195496
0.000194058
0.000194704
0.000193226
0.000191676
0.000192389
0.000193005
0.000192347
0.000191821
0.000190745
0.000190804
MomentY Data
-0.000122309
-0.000121371
-0.000122197
-0.000121037
-0.000122261
-0.000123008
-0.000121546
-0.000121768
-0.000123056
-0.000120719
-0.000122404
-0.000122341
-0.000124073
-0.000123882
-0.000120433
-0.000123103
-0.000124963
-0.000123167
-0.000124598
-0.000121339
-0.000121244
-0.000121466
-0.00012145
-0.000121514
-0.000121403
-0.00012339
-0.000120703
-0.000122611
-0.000123151
-0.000122499
-0.000123247
-0.000123771
-0.000122595
-0.000121339
-0.000121419
-0.000121276
-0.000119178
-0.000121085
-0.000121498
-0.000122341
-0.000125345
-0.000124709
-0.000125408
-0.000126362
-0.000124804
-0.000124327
-0.000123882
-0.00012339
-0.00012242
-0.000123723
-0.000123723
-0.000122722
-0.000122436
-0.000122118
-0.000123914
-0.000121069
-0.000121482
-0.000122404
-0.000121864
-0.00012598
-0.000121625
-0.000121737
-0.000122722
-0.000124804
-0.000122706
-0.000122738
-0.000120497
-0.000120068
-0.000121784
-0.000123564
-0.000121037
-0.000121244
-0.000122325
-0.000120942
-0.000119877
-0.000120115
-0.000122579
-0.000122023
-0.000123358
-0.00012188
-0.000121752
-0.000121784
-0.00012029
-0.000122611
-0.000122833
-0.000124168
-0.000123405
-0.000124073
-0.000122356
-0.000121291
-0.000123421
-0.000123723
-0.000124025
-0.000124582
-0.000122499
-0.000121482
-0.00012188
-0.000123803
-0.000121021
-0.000122611
-0.000121593
-0.000122007
-0.00012331
-0.000121005
-0.000123088
-0.000122261
-0.000120846
-0.000121244
-0.000121673
-0.000120894
-0.000121546
-0.000122356
-0.000123072
-0.000121514
-0.000123119
-0.000123103
-0.000122817
-0.000123247
-0.000125122
-0.000123342
-0.00012037
-0.000122801
-0.000122627
-0.000121816
-0.00012207
-0.000122213
-0.000122929
-0.000120926
-0.000121419
-0.000120687
-0.00012029
-0.000119845
-0.000121005
-0.000121419
-0.000119479
-0.00012037
-0.000119797
-0.000121148
-0.000122865
-0.000121323
-0.000121752
-0.000123024
-0.00012215
Field Data
499.989
483.33
466.66
449.993
433.33
416.651
399.984
383.328
366.666
350.002
333.329
316.661
299.994
283.323
266.66
249.992
233.327
216.671
199.987
183.334
166.664
149.992
133.328
116.666
99.9948
83.3334
66.6567
49.9781
44.0964
38.238
32.3535
26.4671
20.5889
14.6986
8.80582
2.94275
-2.93817
-8.82752
-14.7179
-20.5807
-26.4736
-32.3509
-38.2478
-44.1229
-49.9953
-66.6747
-83.3394
-100.012
-116.67
-133.338
-150.013
-166.669
-183.335
-200.01
-216.669
-233.337
-250.007
-266.671
-283.336
-300.004
-316.662
-333.346
-350.009
-366.666
-383.345
-400.004
-416.672
-433.34
-450.013
-466.685
-483.333
-500.013
-483.335
-466.673
-450.001
-433.331
-416.671
-400
-383.33
-366.672
-350.002
-333.333
-316.666
-300.014
-283.322
-266.664
-250.005
-233.341
-216.668
-199.993
-183.338
-166.668
-149.992
-133.334
-116.68
-100.001
-83.3299
-66.6749
-50.0157
-44.1163
-38.2435
-32.3479
-26.4728
-20.5907
-14.7006
-8.82202
-2.94443
2.9455
8.81953
14.7065
20.573
26.4807
32.3551
38.2346
44.1152
49.9882
66.6523
83.3339
100.011
116.661
133.327
150.003
166.667
183.333
199.993
216.668
233.329
249.987
266.668
283.335
299.993
316.659
333.337
349.996
366.669
383.334
400.001
416.672
433.329
450.013
466.665
483.331
500.009
Time Data
0
10.374
20.748
31.138
41.528
51.933
62.307
72.712
83.118
93.538
103.928
114.318
124.692
135.097
145.502
155.923
166.313
176.749
187.155
197.56
207.95
218.37
228.76
239.212
249.602
260.038
270.428
280.818
291.192
301.597
312.002
322.407
332.813
343.202
353.592
364.044
374.481
384.87
395.26
405.681
416.102
426.507
436.912
447.333
457.738
468.144
478.564
488.939
499.328
509.765
520.186
530.575
540.98
551.386
561.76
572.181
582.586
593.022
603.396
614.847
625.268
635.689
646.11
656.499
666.889
677.31
687.715
698.105
708.526
718.946
729.352
739.726
750.131
760.567
770.957
781.362
791.752
802.157
812.531
822.968
833.358
843.778
854.215
864.605
875.01
885.415
895.836
906.241
916.646
927.036
937.41
947.815
958.205
968.626
979.078
989.515
999.92
1011.32
1021.7
1032.13
1042.54
1052.94
1063.35
1073.74
1084.13
1094.58
1105.02
1115.41
1125.81
1136.23
1146.65
1157.07
1167.5
1177.9
1188.31
1198.71
1209.1
1219.51
1229.88
1240.3
1250.72
1261.13
1271.52
1281.89
1292.28
1302.67
1313.06
1323.45
1333.84
1344.2
1354.62
1365.01
1375.41
1385.82
1396.22
1406.63
1417.07
1427.46
1437.88
1448.3
1458.72
1469.17
1479.58
Temperature Data
0
0
0
0
0
0
0
0
0
0
0
0
0
0
0
0
0
0
0
0
0
0
0
0
0
0
0
0
0
0
0
0
0
0
0
0
0
0
0
0
0
0
0
0
0
0
0
0
0
0
0
0
0
0
0
0
0
0
0
0
0
0
0
0
0
0
0
0
0
0
0
0
0
0
0
0
0
0
0
0
0
0
0
0
0
0
0
0
0
0
0
0
0
0
0
0
0
0
0
0
0
0
0
0
0
0
0
0
0
0
0
0
0
0
0
0
0
0
0
0
0
0
0
0
0
0
0
0
0
0
0
0
0
0
0
0
0
0
0
0
0
0
0
Angle Data
0
0
0
0
0
0
0
0
0
0
0
0
0
0
0
0
0
0
0
0
0
0
0
0
0
0
0
0
0
0
0
0
0
0
0
0
0
0
0
0
0
0
0
0
0
0
0
0
0
0
0
0
0
0
0
0
0
0
0
0
0
0
0
0
0
0
0
0
0
0
0
0
0
0
0
0
0
0
0
0
0
0
0
0
0
0
0
0
0
0
0
0
0
0
0
0
0
0
0
0
0
0
0
0
0
0
0
0
0
0
0
0
0
0
0
0
0
0
0
0
0
0
0
0
0
0
0
0
0
0
0
0
0
0
0
0
0
0
0
0
0
0
0
Bx Data
0
0
0
0
0
0
0
0
0
0
0
0
0
0
0
0
0
0
0
0
0
0
0
0
0
0
0
0
0
0
0
0
0
0
0
0
0
0
0
0
0
0
0
0
0
0
0
0
0
0
0
0
0
0
0
0
0
0
0
0
0
0
0
0
0
0
0
0
0
0
0
0
0
0
0
0
0
0
0
0
0
0
0
0
0
0
0
0
0
0
0
0
0
0
0
0
0
0
0
0
0
0
0
0
0
0
0
0
0
0
0
0
0
0
0
0
0
0
0
0
0
0
0
0
0
0
0
0
0
0
0
0
0
0
0
0
0
0
0
0
0
0
0
Hint Data
0
0
0
0
0
0
0
0
0
0
0
0
0
0
0
0
0
0
0
0
0
0
0
0
0
0
0
0
0
0
0
0
0
0
0
0
0
0
0
0
0
0
0
0
0
0
0
0
0
0
0
0
0
0
0
0
0
0
0
0
0
0
0
0
0
0
0
0
0
0
0
0
0
0
0
0
0
0
0
0
0
0
0
0
0
0
0
0
0
0
0
0
0
0
0
0
0
0
0
0
0
0
0
0
0
0
0
0
0
0
0
0
0
0
0
0
0
0
0
0
0
0
0
0
0
0
0
0
0
0
0
0
0
0
0
0
0
0
0
0
0
0
0
Torque Data
-0.061153154601
-0.05866224543
-0.05702445202
-0.054465802741
-0.05297935913
-0.051251406208
-0.048616455264
-0.046677083904
-0.045120451296
-0.042251891438
-0.040800802916
-0.038740623401
-0.037221155562
-0.035098619886
-0.03211466378
-0.030774765176
-0.029157241901
-0.026686717057
-0.024917980226
-0.022245564226
-0.020207010016
-0.018218928272
-0.0161926856
-0.014176552324
-0.0121396687044
-0.010282508226
-0.0080456636601
-0.0061278648191
-0.0054305157564
-0.004684116762
-0.0039874718145
-0.0032758594341
-0.0025240961955
-0.0017835134254
-0.00106919385858
-0.000356884949
0.00035016522426
0.0010688802592
0.0017881954142
0.0025178634187
0.003318333392
0.0040344483881
0.0047965801024
0.0055754578898
0.0062396134212
0.0082894654269
0.0103242515508
0.01234048068
0.0142827414
0.016496977374
0.018560058399
0.020453953018
0.02244680406
0.02442482118
0.026848322466
0.028249877253
0.030371350374
0.032641597084
0.034528458304
0.03779450392
0.03851401575
0.040580542002
0.042953804498
0.045761383464
0.04703873157
0.049095690952
0.050207725984
0.05203026712
0.054804383192
0.05766546534
0.058501176321
0.060623576172
0.059123953875
0.056440365966
0.053944769877
0.052049553065
0.051075114509
0.0488092
0.04728682214
0.04468998336
0.042613443504
0.040594626072
0.03809175314
0.036785016554
0.034801291226
0.033111135552
0.030851867025
0.028951317893
0.026510629808
0.024257350963
0.022627759298
0.020620664964
0.0186027578
0.016611016388
0.01429318332
0.012148321482
0.010156248212
0.0082545526447
0.0060529500297
0.0054091436593
0.0046501418955
0.0039466702353
0.003264360968
0.0024915776535
0.0018094674528
0.00107858898722
0.00035582258778
-0.000357124202
-0.00107309867369
-0.001777927611
-0.002500565858
-0.0032400725292
-0.0039820068672
-0.0046460391844
-0.0054314193088
-0.0061536973846
-0.0081860355291
-0.0102706531733
-0.012513576342
-0.014389201062
-0.01604857099
-0.018420518403
-0.020437874209
-0.022332892728
-0.02441314551
-0.026479646284
-0.028682900641
-0.030229927962
-0.032378561892
-0.034194851145
-0.03608615797
-0.037949997855
-0.040335443685
-0.042496164324
-0.043809245451
-0.04614191358
-0.047918919797
-0.050478979456
-0.053240967585
-0.054596927199
-0.05681739708
-0.059461312944
-0.06107609935
dMdH Data
-2.60519839126E-08
-1.58368326334739E-08
3.01193976120487E-08
-7.44163716017528E-09
-1.03843156064513E-07
-2.75994480110401E-08
2.47958693563879E-08
-1.26995558756452E-07
8.59337493999054E-08
-1.27211659569364E-07
-2.3338132949364E-08
4.54190916181673E-08
-8.52978225661326E-08
1.24527396027127E-07
-2.37341012718982E-07
5.3825382538254E-08
-7.48078770413077E-08
-1.04291536801727E-08
-6.00492403764271E-11
3.15536892621468E-08
-2.75911708253314E-09
-2.84445511281795E-08
-5.16744688512786E-08
-5.18259033542875E-08
2.11266760296245E-08
-2.80031421084512E-08
-1.73875505138312E-08
2.48227553258403E-08
1.4850471118392E-08
-1.65519585351346E-07
1.12632508833923E-07
1.28270559014664E-07
-5.65336230752228E-08
1.92608582027495E-07
8.52454430869836E-07
4.04341497588813E-06
7.04661804783214E-08
-6.65491869794511E-08
2.45445862045443E-07
-1.07417400600726E-07
6.92494853078814E-08
4.5278027438146E-08
2.7233579002878E-09
3.55391322117024E-07
-1.53302876602276E-07
5.77268117637895E-08
2.0992526660498E-09
4.22619762276383E-08
-1.29049676025917E-07
-6.92653673163417E-08
1.20677233429391E-08
1.54806192247688E-08
2.14092953523245E-08
-4.08187766372531E-08
-3.00575953923687E-08
9.71805638872242E-09
-9.0854536725877E-08
-1.56015601560173E-09
-9.66522678185742E-08
8.14023292111895E-08
-4.6811316231119E-08
-6.90751965432388E-08
-5.10295971663578E-08
8.34582409017336E-08
-2.14178522120176E-07
7.31941444684566E-09
3.50371970242369E-08
-2.56702453067828E-08
-4.28862763915552E-08
-9.44858241230172E-08
9.71822541966424E-08
6.41563736658935E-09
-4.97539311007076E-08
2.9930422264875E-08
-8.25434913017404E-08
-9.82593037214883E-08
7.45006298362434E-08
1.56568686262741E-08
-3.76395725777409E-08
-6.85662867426513E-08
-4.7873297738316E-08
-1.03197936041278E-08
2.57626711506129E-08
-1.34495566738558E-07
7.27578340737183E-08
-5.64259559397324E-08
-1.14618338934229E-08
-1.07119294668027E-07
6.59670164918175E-10
-4.24497148003598E-08
9.88602279544081E-08
-1.04821300071959E-07
-3.37975747388643E-08
2.52191665665906E-08
-1.10857965105822E-07
1.40362663531499E-08
-2.04142900030029E-08
3.81771033422981E-08
1.4747262433468E-07
-1.5750578940199E-07
-8.22647398059558E-08
-1.32763697639203E-08
5.35523027490181E-08
1.72323050542434E-07
7.58686621599097E-08
1.59078806109307E-07
6.83199970118493E-07
3.80164895310375E-06
5.43743215949799E-07
-5.40356260121033E-08
-2.05494524095673E-07
7.91570202914345E-08
2.4066672336083E-07
7.49923477196212E-08
-2.77371019921677E-07
5.56285667992879E-08
2.03217916746594E-08
-4.64109467473356E-08
1.38738738738725E-08
-5.25021000840022E-08
-2.39865675222402E-10
5.47287566010558E-08
-1.2042481699268E-07
3.82352941176471E-08
-1.52323838080952E-08
-2.95900606206116E-08
-5.84103733941654E-08
-6.19866914453564E-08
-1.91396172076564E-08
5.25873454196179E-08
-7.21228849153954E-08
-2.32641803573576E-08
-8.63197070652506E-08
3.87452767948184E-08
-8.86888688868879E-08
-9.29981400372E-08
4.27688800911765E-08
3.69814492405593E-08
-3.9438983457205E-08
-3.15877972615894E-08
-6.45625825033002E-08
3.53759443578411E-09
3.53759443578411E-09
dMdT Data
0
0
0
0
0
0
0
0
0
0
0
0
0
0
0
0
0
0
0
0
0
0
0
0
0
0
0
0
0
0
0
0
0
0
0
0
0
0
0
0
0
0
0
0
0
0
0
0
0
0
0
0
0
0
0
0
0
0
0
0
0
0
0
0
0
0
0
0
0
0
0
0
0
0
0
0
0
0
0
0
0
0
0
0
0
0
0
0
0
0
0
0
0
0
0
0
0
0
0
0
0
0
0
0
0
0
0
0
0
0
0
0
0
0
0
0
0
0
0
0
0
0
0
0
0
0
0
0
0
0
0
0
0
0
0
0
0
0
0
0
0
0
0
 
*********************************************** Results ***************************************
 
TotalArea 3.84748241219999E-04
AreaFirstQuad 2.31220270159261E-04
AreaSecondQuad 1.53527971060738E-04
AreaThirdQuad 0
AreaFourthQuad 0
Coercivity 0
PositiveCoercivity 0
NegativeCoercivity 0
Retentivity 5.06330304584461E-06
PositiveRetentivity 1.83318240579705E-04
NegativeRetentivity 1.73191634488016E-04
Magnetization 0.000202434
PositiveMagnetization 0.000202434
NegativeMagnetization 0.000167832
Flatness -35.2052673758392
Squareness 2.50121177561309E-02
SStar 0
SFD1 0
SFD2 0
Slope 0
Intercept 0
SlopeAtHc 3.53759443578411E-09
dH1 0
dH2 257.35184
InitialSlope -2.60519839126E-08
FieldAtHalfMs 0
FieldAtMs 32.3535
MomentMean 1.85124853146853E-04
MomentRMS 1.27163183395228E-05
SFD3 0
dH3 0
UserField1 0
UserField2 0
CenterField 0
ExchangeField 0
ExchangeMoment 0
ExRegionOneIntercept 0
ExRegionOneSlope 0
ExRegionTwoIntercept 0
ExRegionTwoSlope 0
NegativeIntercept 0
NegativeSlope 0
AutoCenterOffset 0
PinningField 0
PinningMoment 0
PinRegionOneIntercept 0
PinRegionOneSlope 0
PinRegionTwoIntercept 0
PinRegionTwoSlope 0
PositiveIntercept 0
PositiveSlope 0
TotalOffset 0
BHMax 0
BCoercivity 0
BRetentivity 0
BNegativeCoercivity 0
BPositiveCoercivity 0
BNegativeRetentivity 0
BPositiveRetentivity 0
MomentYMean -1.22304587412587E-04
MomentYRMS 1.36989927834063E-06
YOffCorrection 0
Mrt 0
Ms1 0
Ms2 0
Ms3 0
Hc2 0
Hex2 0
HsatValue 0
HsatIntercept 0
HsatSlope 0
CenterH 0
Span .000034602
SpanAsPercentOfRange -2.66169230769231
RMSAsPercentOfRange -.97817833380945
SpanAsPercentOfMean 18.6911694523001
RMSAsPercentOfMean 6.86904979172917
