Version 1.25
******************************************** Units *******************************************
System CGS
TemperatureUnit K
MomentUnit emu
AppliedFieldUnit G
 
******************************************** Setup ********************************************
 
Experiment Hysteresis
Minor False
Acquisition PointByPoint
EditedPoint No
MaxField 500
FieldIncrement 16.6666666666667
Points 121
MinField 0
RampRate 500
AverageTime 3
TimeInterval 0
TimeConstant 0.3
TimeConstantIndex 1
Sensitivity -0.0013
SensitivityIndex 5
SensitivityY -4
SensitivityIndexY 0
SaturationField 8000
ExperimentTime 363
Use735Domains False
AutoRangeEnabled False
NumberOfVertices 3
VertexPts
0
60
120
VertexField
500
-500
500
StartAngle 0
EndAngle 0
AngleIncrement 0
StartTemp 0
FinishTemp 0
TempIncrement 0
TempPoints 0
LengthofSetPointsArray 121
SetPointArray
500
483.333333333333
466.666666666667
450
433.333333333333
416.666666666667
400
383.333333333333
366.666666666667
350
333.333333333333
316.666666666666
300
283.333333333333
266.666666666666
250
233.333333333333
216.666666666666
200
183.333333333333
166.666666666666
150
133.333333333333
116.666666666666
99.9999999999998
83.3333333333331
66.6666666666665
49.9999999999998
33.3333333333331
16.6666666666664
-2.20268248085631E-13
-16.6666666666669
-33.3333333333336
-50.0000000000002
-66.6666666666669
-83.3333333333336
-100
-116.666666666667
-133.333333333334
-150
-166.666666666667
-183.333333333334
-200
-216.666666666667
-233.333333333334
-250
-266.666666666667
-283.333333333334
-300
-316.666666666667
-333.333333333334
-350
-366.666666666667
-383.333333333334
-400
-416.666666666667
-433.333333333334
-450
-466.666666666667
-483.333333333334
-500
-483.333333333333
-466.666666666667
-450
-433.333333333333
-416.666666666667
-400
-383.333333333333
-366.666666666667
-350
-333.333333333333
-316.666666666666
-300
-283.333333333333
-266.666666666666
-250
-233.333333333333
-216.666666666666
-200
-183.333333333333
-166.666666666666
-150
-133.333333333333
-116.666666666666
-99.9999999999998
-83.3333333333331
-66.6666666666665
-49.9999999999998
-33.3333333333331
-16.6666666666664
2.20268248085631E-13
16.6666666666669
33.3333333333336
50.0000000000002
66.6666666666669
83.3333333333336
100
116.666666666667
133.333333333334
150
166.666666666667
183.333333333334
200
216.666666666667
233.333333333334
250
266.666666666667
283.333333333334
300
316.666666666667
333.333333333334
350
366.666666666667
383.333333333334
400
416.666666666667
433.333333333334
450
466.666666666667
483.333333333334
500
FieldDomainFile c:\Ideasvsm\Default UserID\Experiments\Jason_500G\fdomain.ini
TempDomainFile c:\Ideasvsm\Default UserID\Experiments\Jason_500G\tdomain.ini
NumSelectedResults 0
ResultsSelected 
UserName1 
UserValue1 
UserName2 
UserValue2 
LinearBackgroundCorrection Off
MaxLinearFieldCorrection 
MinLinearFieldCorrection 
AutoLinearCorrection Off
FitOneRegion Off
BackgroundMode Off
BackgroundFilename 
AutoCenter Off
OffsetCorrection 
SmoothDeriv Off
DerivOrder 0
DerivPoints 0
MinExFieldOne 
MaxExFieldOne 
MinExFieldTwo 
MaxExFieldTwo 
MinPinFieldOne 
MaxPinFieldOne 
MinPinFieldTwo 
MaxPinFieldTwo 
HCenterStart 
Mass 
Volume 
Density 
MolarWeight 
NumberOfMoles 
Demagnetization 
SampleArea 
Thickness 
MomentScaling 0
XAxis 0
YAxis 0
SimpleSpinValve False
HsatMax 0
HsatMin 0
FieldAutoRange False
 
*************************************************** Experiment Data ********************************************
 
DataPoints 121
MomentX Data
-0.0000818514
-0.0000814538
-0.0000801818
-0.0000798797
-0.0000810112
-0.0000795281
-0.0000773907
-0.0000771289
-0.0000774098
-0.0000776288
-0.0000789454
-0.0000758779
-0.0000775658
-0.0000766529
-0.0000751918
-0.0000753042
-0.0000750206
-0.0000757545
-0.0000759777
-0.0000767393
-0.000075731
-0.0000761705
-0.0000770902
-0.0000776941
-0.0000774129
-0.0000758846
-0.0000788729
-0.0000782219
-0.0000787346
-0.0000764326
-0.0000801262
-0.00008131
-0.0000829783
-0.0000827771
-0.0000853166
-0.000089198
-0.0000914032
-0.000103835
-0.000135784
-0.000182087
-0.000201181
-0.000209992
-0.000217133
-0.000218608
-0.000221579
-0.000222109
-0.000223188
-0.000224605
-0.000223455
-0.000226194
-0.000225658
-0.000222347
-0.000224225
-0.00022636
-0.000225791
-0.000222877
-0.000223848
-0.000222057
-0.000224083
-0.000221937
-0.00022089
-0.000222904
-0.000220361
-0.000222523
-0.000221945
-0.000222175
-0.000222137
-0.000221513
-0.000221691
-0.000225787
-0.000224274
-0.000223713
-0.000222174
-0.000223707
-0.000224054
-0.000224532
-0.000223341
-0.000223918
-0.000223355
-0.00022322
-0.000223285
-0.000223472
-0.00022073
-0.000223262
-0.000222481
-0.000220603
-0.000218766
-0.00021845
-0.000218647
-0.000219246
-0.000214861
-0.000216287
-0.000213942
-0.000213474
-0.000210614
-0.000210453
-0.000207953
-0.000197255
-0.000172616
-0.000127104
-0.0000973903
-0.0000866587
-0.0000797149
-0.0000764633
-0.0000736818
-0.0000699289
-0.0000710859
-0.0000698823
-0.0000693562
-0.0000687169
-0.0000682206
-0.0000695449
-0.0000693594
-0.0000687395
-0.0000685442
-0.0000678285
-0.0000719869
-0.0000687875
-0.0000685707
-0.0000674978
-0.0000681199
MomentY Data
-0.000118526
-0.000119209
-0.000118796
-0.000119162
-0.000119114
-0.000120449
-0.000119209
-0.000119575
-0.000120481
-0.000121276
-0.000121403
-0.000118987
-0.000117858
-0.000117715
-0.000118033
-0.000116444
-0.000117254
-0.000115792
-0.000116396
-0.000116603
-0.000116348
-0.000116952
-0.000115188
-0.000116698
-0.000117938
-0.000117826
-0.000117636
-0.000117302
-0.000117922
-0.000116714
-0.00011584
-0.000118478
-0.00011913
-0.000120258
-0.000117636
-0.000117175
-0.000117111
-0.000115935
-0.000115522
-0.000116571
-0.000114028
-0.000115426
-0.000114775
-0.000114838
-0.000116205
-0.000114568
-0.000116046
-0.00011824
-0.000118748
-0.00011824
-0.000118955
-0.000117556
-0.000118971
-0.000118653
-0.000119416
-0.000118303
-0.000118224
-0.000118669
-0.000119654
-0.000121848
-0.000118319
-0.000119845
-0.000117493
-0.000115967
-0.000117064
-0.000118542
-0.000118812
-0.00011994
-0.000118256
-0.000117731
-0.00011584
-0.000116301
-0.000117
-0.000115903
-0.000117318
-0.000118653
-0.000116905
-0.000117874
-0.000116762
-0.000116062
-0.00011487
-0.000114679
-0.0001146
-0.000115363
-0.000115442
-0.000116301
-0.000114965
-0.000119623
-0.00011549
-0.000117954
-0.000116221
-0.000119257
-0.00011522
-0.000114918
-0.000116714
-0.000117922
-0.0001194
-0.000117985
-0.000114059
-0.00011576
-0.000117763
-0.00011913
-0.000117334
-0.000118796
-0.000118383
-0.000115871
-0.00011905
-0.000120783
-0.000119718
-0.000118526
-0.000118335
-0.000120544
-0.000121562
-0.000121737
-0.000119559
-0.000121689
-0.000121196
-0.000120147
-0.000120036
-0.000122436
-0.000120831
Field Data
500.007
483.34
466.659
449.998
433.328
416.65
399.99
383.33
366.661
350.001
333.317
316.661
300.002
283.326
266.642
249.99
233.33
216.659
200
183.335
166.655
149.991
133.326
116.652
99.9895
83.3137
66.6774
49.9983
33.3304
16.652
-0.0110564
-16.6649
-33.3363
-50.0062
-66.6709
-83.3297
-100.002
-116.678
-133.336
-150.001
-166.679
-183.328
-200.009
-216.676
-233.34
-250.002
-266.669
-283.337
-300
-316.676
-333.341
-350.001
-366.666
-383.335
-400.003
-416.674
-433.336
-450.011
-466.681
-483.333
-500.015
-483.342
-466.669
-449.999
-433.345
-416.671
-400.014
-383.907
-366.67
-350.013
-333.337
-316.677
-300.002
-283.342
-266.671
-250.006
-233.328
-216.674
-200.007
-183.334
-166.672
-150.008
-133.336
-116.667
-99.9892
-83.3374
-66.6764
-50.0042
-33.3328
-16.6762
0.00618112
16.672
33.3259
49.9928
66.6614
83.3422
99.9958
116.664
133.326
149.998
166.675
183.33
199.988
216.659
233.338
249.994
266.651
283.331
299.997
316.669
333.337
349.997
366.644
383.33
399.993
416.668
433.336
450
466.667
483.333
499.991
Time Data
0
10.39
20.748
31.169
41.527
51.901
62.291
72.665
83.008
93.366
103.756
114.13
124.504
134.863
145.252
155.626
166.001
176.359
186.717
197.092
207.466
217.855
228.229
238.619
248.993
259.383
269.757
280.131
290.521
300.879
311.269
321.627
332.001
342.375
352.718
363.077
373.497
383.856
394.246
404.635
415.009
425.399
435.757
446.116
456.474
466.817
477.223
487.581
497.986
508.407
518.766
529.155
539.529
549.872
560.277
570.636
580.994
591.4
601.758
612.179
622.537
632.896
643.301
653.691
664.049
674.455
684.813
695.172
705.514
715.904
726.294
736.683
747.073
757.51
767.868
778.258
788.647
799.053
809.442
819.816
830.222
840.627
851.001
861.391
871.796
882.217
892.591
902.98
913.386
923.76
934.118
944.508
954.898
965.272
975.63
986.035
996.472
1006.83
1017.22
1027.59
1037.97
1048.36
1058.75
1069.11
1079.51
1089.88
1100.27
1110.66
1121.04
1131.43
1141.82
1152.22
1162.61
1172.96
1183.34
1193.73
1204.11
1214.5
1224.86
1235.23
1245.6
Temperature Data
0
0
0
0
0
0
0
0
0
0
0
0
0
0
0
0
0
0
0
0
0
0
0
0
0
0
0
0
0
0
0
0
0
0
0
0
0
0
0
0
0
0
0
0
0
0
0
0
0
0
0
0
0
0
0
0
0
0
0
0
0
0
0
0
0
0
0
0
0
0
0
0
0
0
0
0
0
0
0
0
0
0
0
0
0
0
0
0
0
0
0
0
0
0
0
0
0
0
0
0
0
0
0
0
0
0
0
0
0
0
0
0
0
0
0
0
0
0
0
0
0
Angle Data
0
0
0
0
0
0
0
0
0
0
0
0
0
0
0
0
0
0
0
0
0
0
0
0
0
0
0
0
0
0
0
0
0
0
0
0
0
0
0
0
0
0
0
0
0
0
0
0
0
0
0
0
0
0
0
0
0
0
0
0
0
0
0
0
0
0
0
0
0
0
0
0
0
0
0
0
0
0
0
0
0
0
0
0
0
0
0
0
0
0
0
0
0
0
0
0
0
0
0
0
0
0
0
0
0
0
0
0
0
0
0
0
0
0
0
0
0
0
0
0
0
Bx Data
0
0
0
0
0
0
0
0
0
0
0
0
0
0
0
0
0
0
0
0
0
0
0
0
0
0
0
0
0
0
0
0
0
0
0
0
0
0
0
0
0
0
0
0
0
0
0
0
0
0
0
0
0
0
0
0
0
0
0
0
0
0
0
0
0
0
0
0
0
0
0
0
0
0
0
0
0
0
0
0
0
0
0
0
0
0
0
0
0
0
0
0
0
0
0
0
0
0
0
0
0
0
0
0
0
0
0
0
0
0
0
0
0
0
0
0
0
0
0
0
0
Hint Data
0
0
0
0
0
0
0
0
0
0
0
0
0
0
0
0
0
0
0
0
0
0
0
0
0
0
0
0
0
0
0
0
0
0
0
0
0
0
0
0
0
0
0
0
0
0
0
0
0
0
0
0
0
0
0
0
0
0
0
0
0
0
0
0
0
0
0
0
0
0
0
0
0
0
0
0
0
0
0
0
0
0
0
0
0
0
0
0
0
0
0
0
0
0
0
0
0
0
0
0
0
0
0
0
0
0
0
0
0
0
0
0
0
0
0
0
0
0
0
0
0
Torque Data
-0.059263829682
-0.05761847806
-0.055437222564
-0.053622661676
-0.051615431392
-0.05018507585
-0.04768240791
-0.04583668475
-0.044175683941
-0.042446721276
-0.040465683751
-0.037678542407
-0.035357635716
-0.03335172009
-0.031472555186
-0.02910983556
-0.02735887582
-0.025087378928
-0.0232792
-0.021377411005
-0.01938997594
-0.017541747432
-0.015357555288
-0.013613055096
-0.011792561651
-0.0098165200162
-0.0078436626264
-0.0058649005866
-0.0039303874288
-0.001943521528
0.000001280773376
0.0019744240222
0.003971353419
0.0060136455996
0.0078428979924
0.0097641575975
0.011711334222
0.01352706393
0.015403241392
0.017485766571
0.019006073012
0.021160817728
0.022956032975
0.024882638488
0.0271152747
0.028642229136
0.030945870774
0.03350176688
0.0356244
0.03744377024
0.039652578655
0.041144717556
0.043622620686
0.045483847755
0.047766758248
0.049293784222
0.051230715264
0.053402355359
0.055840248374
0.058893159384
0.059161274785
0.05792612199
0.054830340817
0.052185034033
0.05072909908
0.049393013682
0.047526463368
0.04604580558
0.04336092752
0.041207380503
0.03861375808
0.036829851777
0.035100234
0.032840187826
0.031285308378
0.029663961918
0.02727720984
0.025540231076
0.023353217334
0.021278110708
0.01914561264
0.017202767432
0.0152803056
0.013459055121
0.0115429532264
0.0096922229574
0.007665452326
0.0059816524166
0.003849605072
0.0019670244948
-7.1837594752E-07
-0.001988252704
-0.003839810198
-0.0057450725904
-0.0077803186396
-0.0098278789084
-0.01193949852
-0.01376460204
-0.015207030234
-0.01736376848
-0.019628148025
-0.0218401029
-0.023465391992
-0.025738222564
-0.027623252454
-0.028967054774
-0.03174480155
-0.034221568173
-0.035915040846
-0.037533509894
-0.039445433895
-0.042190038368
-0.044569977928
-0.04666544421
-0.047822763087
-0.050703912252
-0.052518589856
-0.05406615
-0.056016840012
-0.059177359188
-0.060414412521
dMdH Data
-2.38555228895424E-08
-7.62544211977698E-08
-1.81321649360786E-08
6.78764247150574E-08
-8.89255306391658E-08
-1.28295318127251E-07
-1.57142857142852E-08
1.68516407702921E-08
1.31452581032408E-08
7.89139295133063E-08
-1.84167867435158E-07
1.0132060747944E-07
-5.4743343727512E-08
-8.75749220810363E-08
6.74993994715365E-09
-1.70228091236494E-08
4.40225541359248E-08
1.33981631550514E-08
4.57005700570059E-08
-6.04496402877703E-08
2.63742198751805E-08
5.51875187518745E-08
3.62180640518174E-08
-1.68762190547633E-08
-9.16477770181946E-08
1.79625277255159E-07
-3.90308829613103E-08
3.07597237804398E-08
-1.38022831926323E-07
2.21664015972484E-07
7.10826898842744E-08
1.00069580239212E-07
-1.20696584862533E-08
1.5238798178185E-07
2.32993973155329E-07
1.32267293654745E-07
7.45490525305828E-07
1.91793732741025E-06
2.77845784578458E-06
1.14486149418396E-06
5.29220974232685E-07
4.28091841016726E-07
8.8498230035399E-08
1.78288526164186E-07
3.18089064938197E-08
6.47387052258952E-08
8.50131989440847E-08
-6.90151833403349E-08
1.6424802110818E-07
-3.21632163216327E-08
-1.9873949579832E-07
1.12691269126912E-07
1.28082068510409E-07
-3.41372690184777E-08
-1.74794553416113E-07
5.82763173688632E-08
-1.07406296851573E-07
1.21535692861428E-07
-1.28873408599567E-07
-6.27622587219763E-08
-1.20794098242668E-07
1.52522041624183E-07
-1.29694061187763E-07
3.47063768464029E-08
-1.37939306705043E-08
2.28132316743724E-09
3.87409200968514E-08
-1.03266229622315E-08
-2.45902623521643E-07
9.07291916526744E-08
3.3673469387755E-08
9.22938530734632E-08
-9.20168067226881E-08
-2.08145882070671E-08
-2.86828682868282E-08
7.14114402206497E-08
-3.46463312117212E-08
3.37793244135118E-08
8.09692316919639E-09
-3.90109230584524E-09
-1.1221795487279E-08
1.64467370441458E-07
-1.51898734177215E-07
4.68287184160975E-08
1.12780600295465E-07
1.10257487545764E-07
1.89537073691544E-08
-1.1816644073084E-08
-3.59617208794111E-08
2.62852165314876E-07
-8.55643524190279E-08
1.40807858819856E-07
2.80796068855034E-08
1.71580096708782E-07
9.65181526065819E-09
1.50117692270741E-07
6.41820952472373E-07
1.47875405113432E-06
2.72984644913628E-06
1.78171733525214E-06
6.4434704293005E-07
4.16844759274824E-07
1.95045288225062E-07
1.66766592721386E-07
2.25318203650337E-07
-6.94602869664406E-08
7.21582733812947E-08
3.15672626905073E-08
3.83457293666027E-08
2.97756179505646E-08
-7.94897959183678E-08
1.1143148915721E-08
3.71509049502576E-08
1.17205785272761E-08
4.29205397301351E-08
-2.49484041276698E-07
1.91994719155065E-07
1.30077398452032E-08
6.43765750630024E-08
-3.73454196182017E-08
-3.73454196182017E-08
dMdT Data
0
0
0
0
0
0
0
0
0
0
0
0
0
0
0
0
0
0
0
0
0
0
0
0
0
0
0
0
0
0
0
0
0
0
0
0
0
0
0
0
0
0
0
0
0
0
0
0
0
0
0
0
0
0
0
0
0
0
0
0
0
0
0
0
0
0
0
0
0
0
0
0
0
0
0
0
0
0
0
0
0
0
0
0
0
0
0
0
0
0
0
0
0
0
0
0
0
0
0
0
0
0
0
0
0
0
0
0
0
0
0
0
0
0
0
0
0
0
0
0
0
 
*********************************************** Results ***************************************
 
TotalArea 3.65171347598696E-02
AreaFirstQuad 0
AreaSecondQuad 0
AreaThirdQuad 1.92323173913648E-02
AreaFourthQuad 1.72848173685048E-02
Coercivity 0
PositiveCoercivity 0
NegativeCoercivity 0
Retentivity 6.73694377634011E-05
PositiveRetentivity -8.01237491939738E-05
NegativeRetentivity -2.14862624720776E-04
Magnetization 0.00022636
PositiveMagnetization -0.0000674978
NegativeMagnetization -0.00022636
Flatness 2.18931895313369
Squareness 0.297620771176008
SStar 0
SFD1 0
SFD2 0
Slope 0
Intercept 0
SlopeAtHc -3.73454196182017E-08
dH1 0
dH2 41.6681
InitialSlope -2.38555228895424E-08
FieldAtHalfMs 0
FieldAtMs 483.333
MomentMean -1.48285752892562E-04
MomentRMS 7.11599480508969E-05
SFD3 0
dH3 0
UserField1 0
UserField2 0
CenterField 0
ExchangeField 0
ExchangeMoment 0
ExRegionOneIntercept 0
ExRegionOneSlope 0
ExRegionTwoIntercept 0
ExRegionTwoSlope 0
NegativeIntercept 0
NegativeSlope 0
AutoCenterOffset 0
PinningField 0
PinningMoment 0
PinRegionOneIntercept 0
PinRegionOneSlope 0
PinRegionTwoIntercept 0
PinRegionTwoSlope 0
PositiveIntercept 0
PositiveSlope 0
TotalOffset 0
BHMax 0
BCoercivity 0
BRetentivity 0
BNegativeCoercivity 0
BPositiveCoercivity 0
BNegativeRetentivity 0
BPositiveRetentivity 0
MomentYMean -1.17839512396694E-04
MomentYRMS 1.91880103239715E-06
YOffCorrection 0
Mrt 0
Ms1 0
Ms2 0
Ms3 0
Hc2 0
Hex2 0
HsatValue 0
HsatIntercept 0
HsatSlope 0
CenterH 0
Span .0001588622
SpanAsPercentOfRange -12.2201692307692
RMSAsPercentOfRange -5.4738421577613
SpanAsPercentOfMean -107.132476924537
RMSAsPercentOfMean -47.9883917792525
