Version 1.25
******************************************** Units *******************************************
System CGS
TemperatureUnit K
MomentUnit emu
AppliedFieldUnit G
 
******************************************** Setup ********************************************
 
Experiment Hysteresis
Minor False
Acquisition PointByPoint
EditedPoint No
MaxField 500
FieldIncrement 16.6666666666667
Points 121
MinField 0
RampRate 500
AverageTime 3
TimeInterval 0
TimeConstant 0.3
TimeConstantIndex 1
Sensitivity -0.0013
SensitivityIndex 5
SensitivityY -4
SensitivityIndexY 0
SaturationField 8000
ExperimentTime 363
Use735Domains False
AutoRangeEnabled False
NumberOfVertices 3
VertexPts
0
60
120
VertexField
500
-500
500
StartAngle 0
EndAngle 0
AngleIncrement 0
StartTemp 0
FinishTemp 0
TempIncrement 0
TempPoints 0
LengthofSetPointsArray 121
SetPointArray
500
483.333333333333
466.666666666667
450
433.333333333333
416.666666666667
400
383.333333333333
366.666666666667
350
333.333333333333
316.666666666666
300
283.333333333333
266.666666666666
250
233.333333333333
216.666666666666
200
183.333333333333
166.666666666666
150
133.333333333333
116.666666666666
99.9999999999998
83.3333333333331
66.6666666666665
49.9999999999998
33.3333333333331
16.6666666666664
-2.20268248085631E-13
-16.6666666666669
-33.3333333333336
-50.0000000000002
-66.6666666666669
-83.3333333333336
-100
-116.666666666667
-133.333333333334
-150
-166.666666666667
-183.333333333334
-200
-216.666666666667
-233.333333333334
-250
-266.666666666667
-283.333333333334
-300
-316.666666666667
-333.333333333334
-350
-366.666666666667
-383.333333333334
-400
-416.666666666667
-433.333333333334
-450
-466.666666666667
-483.333333333334
-500
-483.333333333333
-466.666666666667
-450
-433.333333333333
-416.666666666667
-400
-383.333333333333
-366.666666666667
-350
-333.333333333333
-316.666666666666
-300
-283.333333333333
-266.666666666666
-250
-233.333333333333
-216.666666666666
-200
-183.333333333333
-166.666666666666
-150
-133.333333333333
-116.666666666666
-99.9999999999998
-83.3333333333331
-66.6666666666665
-49.9999999999998
-33.3333333333331
-16.6666666666664
2.20268248085631E-13
16.6666666666669
33.3333333333336
50.0000000000002
66.6666666666669
83.3333333333336
100
116.666666666667
133.333333333334
150
166.666666666667
183.333333333334
200
216.666666666667
233.333333333334
250
266.666666666667
283.333333333334
300
316.666666666667
333.333333333334
350
366.666666666667
383.333333333334
400
416.666666666667
433.333333333334
450
466.666666666667
483.333333333334
500
FieldDomainFile c:\Ideasvsm\Default UserID\Experiments\Jason_500G\fdomain.ini
TempDomainFile c:\Ideasvsm\Default UserID\Experiments\Jason_500G\tdomain.ini
NumSelectedResults 0
ResultsSelected 
UserName1 
UserValue1 
UserName2 
UserValue2 
LinearBackgroundCorrection Off
MaxLinearFieldCorrection 
MinLinearFieldCorrection 
AutoLinearCorrection Off
FitOneRegion Off
BackgroundMode Off
BackgroundFilename 
AutoCenter Off
OffsetCorrection 
SmoothDeriv Off
DerivOrder 0
DerivPoints 0
MinExFieldOne 
MaxExFieldOne 
MinExFieldTwo 
MaxExFieldTwo 
MinPinFieldOne 
MaxPinFieldOne 
MinPinFieldTwo 
MaxPinFieldTwo 
HCenterStart 
Mass 
Volume 
Density 
MolarWeight 
NumberOfMoles 
Demagnetization 
SampleArea 
Thickness 
MomentScaling 0
XAxis 0
YAxis 0
SimpleSpinValve False
HsatMax 0
HsatMin 0
FieldAutoRange False
 
*************************************************** Experiment Data ********************************************
 
DataPoints 121
MomentX Data
-0.0000704417
-0.0000698645
-0.0000703043
-0.0000704964
-0.0000699969
-0.0000690733
-0.0000681416
-0.0000685152
-0.0000684512
-0.0000680064
-0.0000695152
-0.00006895
-0.0000687417
-0.0000671311
-0.0000676699
-0.0000684948
-0.0000695517
-0.0000655149
-0.0000684396
-0.0000682689
-0.0000689928
-0.000068366
-0.0000695044
-0.0000712449
-0.0000701456
-0.0000719769
-0.0000766125
-0.0000743898
-0.000077723
-0.0000836747
-0.0000875416
-0.0000983239
-0.000110809
-0.00012454
-0.000139758
-0.000155323
-0.000184294
-0.000214775
-0.000233169
-0.000245064
-0.000251069
-0.000254511
-0.000258161
-0.00026004
-0.000260917
-0.000263383
-0.000265517
-0.00026384
-0.000265785
-0.000265309
-0.000269151
-0.000266404
-0.000267778
-0.000269752
-0.000268392
-0.000267404
-0.000269129
-0.000270134
-0.000267665
-0.000267777
-0.000268496
-0.000268052
-0.000267725
-0.000268208
-0.000268464
-0.000268394
-0.00026802
-0.000267724
-0.000268789
-0.000268259
-0.000267348
-0.000266832
-0.000269156
-0.00026703
-0.000268951
-0.000267553
-0.000268182
-0.00026807
-0.000268294
-0.000266913
-0.000265177
-0.000266625
-0.000265354
-0.000266787
-0.000263996
-0.000263336
-0.000261494
-0.000260188
-0.000257845
-0.000254721
-0.000249971
-0.000240257
-0.000227505
-0.000213422
-0.000199671
-0.000183714
-0.000158
-0.000126762
-0.000104303
-0.0000908878
-0.0000847596
-0.0000786754
-0.0000770082
-0.0000730097
-0.0000724706
-0.0000702707
-0.0000687389
-0.0000664097
-0.0000670276
-0.0000650994
-0.0000637987
-0.0000638013
-0.0000650655
-0.0000645798
-0.0000633539
-0.0000646251
-0.0000635307
-0.0000632248
-0.0000633624
-0.0000655174
-0.0000640813
MomentY Data
-0.000123707
-0.000124168
-0.00012331
-0.000124121
-0.000123946
-0.000123564
-0.000122786
-0.000123707
-0.000124089
-0.000123723
-0.000123151
-0.000122547
-0.000123199
-0.00012358
-0.000121593
-0.000122404
-0.000121609
-0.000125694
-0.000122547
-0.000123215
-0.000123294
-0.000122023
-0.000123374
-0.000122261
-0.000122627
-0.00012056
-0.000124661
-0.000122833
-0.00012296
-0.000123167
-0.000122627
-0.000121991
-0.000123644
-0.000122023
-0.000122674
-0.000123723
-0.00012215
-0.000121593
-0.000120544
-0.000121403
-0.000122341
-0.000120815
-0.000121975
-0.000119686
-0.000122182
-0.000120926
-0.000122356
-0.00012269
-0.00012269
-0.000122277
-0.000121609
-0.00012029
-0.000119956
-0.000121848
-0.000121053
-0.000120846
-0.000119877
-0.000119146
-0.000121117
-0.000122436
-0.000118828
-0.000119368
-0.000121339
-0.000118876
-0.000120497
-0.000120878
-0.000120767
-0.000120274
-0.000119607
-0.000120083
-0.000120513
-0.000120576
-0.000118049
-0.000120099
-0.000119241
-0.000118876
-0.000119702
-0.000121721
-0.000120433
-0.000121244
-0.000118812
-0.000119321
-0.000117048
-0.000118144
-0.000117524
-0.000118685
-0.000119019
-0.000118669
-0.0001194
-0.000119623
-0.000120608
-0.000120481
-0.000123294
-0.00012331
-0.000122674
-0.000122245
-0.000122547
-0.000122754
-0.000124343
-0.000121419
-0.00012304
-0.00012153
-0.000122436
-0.000122865
-0.000121689
-0.000123151
-0.000121784
-0.000121371
-0.000122007
-0.000121514
-0.000121975
-0.000122039
-0.000121991
-0.000120385
-0.000124311
-0.0001242
-0.000123103
-0.000122404
-0.000122277
-0.000122579
-0.000121752
Field Data
500.015
483.332
466.671
449.998
433.325
416.664
400.007
383.328
366.658
349.989
333.332
316.661
299.998
283.332
267.225
249.99
233.345
216.658
199.997
183.33
166.676
149.994
133.334
116.66
99.9961
83.2833
66.6777
50.0002
33.329
16.6692
-0.00207674
-16.6694
-33.3491
-49.9948
-66.6802
-83.3466
-100.008
-116.67
-133.346
-150.007
-166.681
-183.329
-199.994
-216.683
-233.342
-250.015
-266.677
-283.339
-300.004
-316.663
-333.336
-350.003
-366.671
-383.335
-400.011
-416.669
-433.339
-450.007
-466.673
-483.342
-499.995
-483.334
-466.669
-450.005
-433.327
-416.658
-400.013
-383.344
-366.67
-350.005
-333.346
-316.664
-300.003
-283.34
-266.672
-250.009
-233.355
-216.669
-200.006
-183.34
-166.681
-150.002
-133.329
-116.677
-100.003
-83.3417
-66.6709
-50.0037
-33.3313
-16.6689
-0.00705295
16.6746
33.3248
49.9904
66.6834
83.3306
99.9967
116.667
133.328
149.986
166.677
183.321
199.998
216.653
233.336
249.438
266.665
283.336
300.002
316.663
333.332
350.004
366.671
383.325
400.012
416.671
433.324
449.993
466.669
483.333
500.001
Time Data
0
10.374
20.795
31.154
41.528
51.949
62.354
72.759
83.133
93.492
103.85
114.24
124.645
135.003
145.378
155.783
166.141
176.531
186.921
197.295
207.7
218.09
228.448
238.822
249.196
259.57
269.944
280.303
290.692
301.082
311.456
321.861
332.236
342.61
353.015
363.373
373.763
384.106
394.48
404.854
415.212
425.618
435.961
446.335
456.74
467.098
477.472
487.893
498.267
508.657
519.047
529.421
539.81
550.185
560.574
570.964
581.338
591.712
602.07
612.445
622.85
633.208
643.614
653.988
664.377
674.783
685.188
695.609
705.983
716.357
726.778
737.136
747.495
757.884
768.29
778.664
789.038
799.396
809.801
820.16
830.518
840.939
851.36
861.734
872.093
882.451
892.825
903.215
913.62
923.979
934.321
944.727
955.116
965.49
975.896
986.27
996.675
1007.1
1017.47
1027.88
1038.23
1048.64
1059.01
1069.42
1079.82
1090.2
1100.57
1110.96
1121.34
1131.74
1142.12
1152.49
1162.86
1173.22
1183.6
1194.02
1204.38
1214.8
1225.2
1235.59
1245.97
Temperature Data
0
0
0
0
0
0
0
0
0
0
0
0
0
0
0
0
0
0
0
0
0
0
0
0
0
0
0
0
0
0
0
0
0
0
0
0
0
0
0
0
0
0
0
0
0
0
0
0
0
0
0
0
0
0
0
0
0
0
0
0
0
0
0
0
0
0
0
0
0
0
0
0
0
0
0
0
0
0
0
0
0
0
0
0
0
0
0
0
0
0
0
0
0
0
0
0
0
0
0
0
0
0
0
0
0
0
0
0
0
0
0
0
0
0
0
0
0
0
0
0
0
Angle Data
0
0
0
0
0
0
0
0
0
0
0
0
0
0
0
0
0
0
0
0
0
0
0
0
0
0
0
0
0
0
0
0
0
0
0
0
0
0
0
0
0
0
0
0
0
0
0
0
0
0
0
0
0
0
0
0
0
0
0
0
0
0
0
0
0
0
0
0
0
0
0
0
0
0
0
0
0
0
0
0
0
0
0
0
0
0
0
0
0
0
0
0
0
0
0
0
0
0
0
0
0
0
0
0
0
0
0
0
0
0
0
0
0
0
0
0
0
0
0
0
0
Bx Data
0
0
0
0
0
0
0
0
0
0
0
0
0
0
0
0
0
0
0
0
0
0
0
0
0
0
0
0
0
0
0
0
0
0
0
0
0
0
0
0
0
0
0
0
0
0
0
0
0
0
0
0
0
0
0
0
0
0
0
0
0
0
0
0
0
0
0
0
0
0
0
0
0
0
0
0
0
0
0
0
0
0
0
0
0
0
0
0
0
0
0
0
0
0
0
0
0
0
0
0
0
0
0
0
0
0
0
0
0
0
0
0
0
0
0
0
0
0
0
0
0
Hint Data
0
0
0
0
0
0
0
0
0
0
0
0
0
0
0
0
0
0
0
0
0
0
0
0
0
0
0
0
0
0
0
0
0
0
0
0
0
0
0
0
0
0
0
0
0
0
0
0
0
0
0
0
0
0
0
0
0
0
0
0
0
0
0
0
0
0
0
0
0
0
0
0
0
0
0
0
0
0
0
0
0
0
0
0
0
0
0
0
0
0
0
0
0
0
0
0
0
0
0
0
0
0
0
0
0
0
0
0
0
0
0
0
0
0
0
0
0
0
0
0
0
Torque Data
-0.061855355605
-0.060014367776
-0.05754520101
-0.055854201758
-0.05370890045
-0.051484670496
-0.049115259502
-0.047420356896
-0.045498224562
-0.043301689047
-0.041050169132
-0.038805855567
-0.036959453602
-0.03501416856
-0.032492689425
-0.03059977596
-0.028376852105
-0.027232610652
-0.024509032359
-0.02258900595
-0.020550150744
-0.018302717862
-0.016449948916
-0.01426296826
-0.0122622217547
-0.010040634648
-0.0083121087597
-0.0061416745666
-0.00409813384
-0.0020530953564
2.5466439598E-07
0.0020335167754
0.0041234161204
0.0061005154804
0.0081799268548
0.0103118913918
0.0122159772
0.01418625531
0.016074060224
0.018211299821
0.020391920221
0.022148893135
0.02439426815
0.025933921538
0.028510192244
0.03023331389
0.032629531012
0.03476286191
0.03680749076
0.038720601651
0.040536657624
0.04210186087
0.043984386476
0.04670860308
0.048422531583
0.050352781974
0.051947379303
0.053616534022
0.056522033741
0.059178461112
0.05941340586
0.057694612912
0.056625149791
0.05349479438
0.052214603519
0.050364785724
0.048308369971
0.046106316256
0.04385629869
0.042029650415
0.040172526498
0.038182078464
0.035415054147
0.03402885066
0.031798235952
0.029720069884
0.02793306021
0.026373167349
0.024087322598
0.02222887496
0.019803702972
0.017898388642
0.015605892792
0.013784687488
0.011752752572
0.0098914096645
0.0079351038471
0.0059338890753
0.00397975722
0.0019939838247
8.506421936E-07
-0.0020089724826
-0.0041087478912
-0.006164316224
-0.0081803194116
-0.010186749197
-0.0122542955949
-0.014321340918
-0.016578403504
-0.018211150134
-0.02050793808
-0.02227900113
-0.024486955128
-0.026619070845
-0.028394424504
-0.030718539138
-0.03247553036
-0.034388773656
-0.036602344014
-0.038478987782
-0.0406581707
-0.042714138156
-0.044730561961
-0.046146580125
-0.049725891732
-0.0517505382
-0.053343484372
-0.055080943172
-0.057062885313
-0.059246475807
-0.060876121752
dMdH Data
-3.45980938680089E-08
2.63969749714904E-08
1.15216217837218E-08
-2.99586157260244E-08
-5.54348478482679E-08
-5.59344419763465E-08
2.23994244259251E-08
-3.83923215356958E-09
-2.66842642030115E-08
9.05805367112927E-08
-3.39031851718557E-08
-1.25007501650356E-08
-9.66398655946243E-08
3.34512944682438E-08
4.78619089062953E-08
6.34965455091615E-08
-2.41912866303109E-07
1.75541684172619E-07
-1.02417951640968E-08
4.3467034946559E-08
-3.75734324421528E-08
6.83313325330134E-08
1.04384071008756E-07
-6.59689508458407E-08
1.09574697238045E-07
2.79158837982367E-07
-1.33275371008844E-07
1.99937616968185E-07
3.57249186664905E-07
2.3194984165322E-07
6.46912514493344E-07
7.48520656846347E-07
8.24897721333437E-07
9.12054850348209E-07
9.33914942639082E-07
1.73880946379056E-06
1.82937222422278E-06
1.1030223075078E-06
7.13942740531782E-07
3.60141537723399E-07
2.06751561749161E-07
2.1902190219022E-07
1.12589130565042E-07
5.26442163395152E-08
1.47903796557309E-07
1.28075861241147E-07
-1.00648181490818E-07
1.16711671167116E-07
-2.8573143646078E-08
2.30432435674447E-07
-1.6481670366593E-07
8.2433405327574E-08
1.1845895343255E-07
-8.15543295754376E-08
-5.93108416376516E-08
1.03479304139172E-07
6.02951763858888E-08
-1.48145925837034E-07
6.71905933169529E-09
4.31754038311409E-08
2.66490606806313E-08
1.96219621962195E-08
-2.89846375420044E-08
-1.53495622976388E-08
4.19941208230956E-09
2.24692099729636E-08
1.77575139480472E-08
-6.38718963656003E-08
3.18031803180316E-08
5.46851551713808E-08
3.09315429804575E-08
-1.39487425724746E-07
1.27588069375261E-07
-1.15250779937605E-07
8.38984576606853E-08
-3.77687042152026E-08
6.71221383195342E-09
-1.34429574506361E-08
8.28633145325784E-08
1.042079356504E-07
-8.68157563403068E-08
7.62310322077616E-08
-8.60557290415573E-08
1.67386350005996E-07
3.96127553072112E-08
1.10492597835737E-07
7.83574925602359E-08
1.40531657109956E-07
1.87487996927211E-07
2.85082439284547E-07
5.8231639449135E-07
7.65876686165931E-07
8.45034082181259E-07
8.23758461630623E-07
9.58539574222693E-07
1.54289245834358E-06
1.87387149601387E-06
1.34799831942861E-06
8.05330772001441E-07
3.67155952309628E-07
3.65549146839701E-07
9.9970018588475E-08
2.40078054638247E-07
3.23143319546841E-08
1.3662277977891E-07
8.89185580774363E-08
1.39715673924779E-07
-3.70754830193204E-08
1.15731348658544E-07
7.80310756494091E-08
-1.55950095969632E-10
-7.58504829903399E-08
2.91641647652216E-08
7.34643734643733E-08
-7.63071012665832E-08
6.57178886687083E-08
1.83514307996881E-08
-8.25137922763193E-09
-1.2932069131061E-07
8.61591072714184E-08
8.61591072714184E-08
dMdT Data
0
0
0
0
0
0
0
0
0
0
0
0
0
0
0
0
0
0
0
0
0
0
0
0
0
0
0
0
0
0
0
0
0
0
0
0
0
0
0
0
0
0
0
0
0
0
0
0
0
0
0
0
0
0
0
0
0
0
0
0
0
0
0
0
0
0
0
0
0
0
0
0
0
0
0
0
0
0
0
0
0
0
0
0
0
0
0
0
0
0
0
0
0
0
0
0
0
0
0
0
0
0
0
0
0
0
0
0
0
0
0
0
0
0
0
0
0
0
0
0
0
 
*********************************************** Results ***************************************
 
TotalArea 3.24451405973756E-02
AreaFirstQuad 0
AreaSecondQuad 0
AreaThirdQuad 1.66767050917736E-02
AreaFourthQuad 0.015768435505602
Coercivity 0
PositiveCoercivity 0
NegativeCoercivity 0
Retentivity 8.12128873255498E-05
PositiveRetentivity -8.75411183004858E-05
NegativeRetentivity -2.49966892951585E-04
Magnetization 0.000270134
PositiveMagnetization -0.0000632248
NegativeMagnetization -0.000270134
Flatness 2.07792151200792
Squareness 0.30063926542216
SStar 0
SFD1 0
SFD2 0
Slope 0
Intercept 0
SlopeAtHc 8.61591072714184E-08
dH1 0
dH2 66.6759
InitialSlope -3.45980938680089E-08
FieldAtHalfMs 0
FieldAtMs 449.993
MomentMean -1.66965304958678E-04
MomentRMS 9.28660184766212E-05
SFD3 0
dH3 0
UserField1 0
UserField2 0
CenterField 0
ExchangeField 0
ExchangeMoment 0
ExRegionOneIntercept 0
ExRegionOneSlope 0
ExRegionTwoIntercept 0
ExRegionTwoSlope 0
NegativeIntercept 0
NegativeSlope 0
AutoCenterOffset 0
PinningField 0
PinningMoment 0
PinRegionOneIntercept 0
PinRegionOneSlope 0
PinRegionTwoIntercept 0
PinRegionTwoSlope 0
PositiveIntercept 0
PositiveSlope 0
TotalOffset 0
BHMax 0
BCoercivity 0
BRetentivity 0
BNegativeCoercivity 0
BPositiveCoercivity 0
BNegativeRetentivity 0
BPositiveRetentivity 0
MomentYMean -1.21671090909091E-04
MomentYRMS 1.69505496961013E-06
YOffCorrection 0
Mrt 0
Ms1 0
Ms2 0
Ms3 0
Hc2 0
Hex2 0
HsatValue 0
HsatIntercept 0
HsatSlope 0
CenterH 0
Span .0002069092
SpanAsPercentOfRange -15.9160923076923
RMSAsPercentOfRange -7.14353988281701
SpanAsPercentOfMean -123.923470239046
RMSAsPercentOfMean -55.6199496054612
