Version 1.25
******************************************** Units *******************************************
System CGS
TemperatureUnit K
MomentUnit emu
AppliedFieldUnit G
 
******************************************** Setup ********************************************
 
Experiment Hysteresis
Minor False
Acquisition PointByPoint
EditedPoint No
MaxField 500
FieldIncrement 16.6666666666667
Points 121
MinField 0
RampRate 500
AverageTime 3
TimeInterval 0
TimeConstant 0.3
TimeConstantIndex 1
Sensitivity -0.0013
SensitivityIndex 5
SensitivityY -4
SensitivityIndexY 0
SaturationField 8000
ExperimentTime 363
Use735Domains False
AutoRangeEnabled False
NumberOfVertices 3
VertexPts
0
60
120
VertexField
500
-500
500
StartAngle 0
EndAngle 0
AngleIncrement 0
StartTemp 0
FinishTemp 0
TempIncrement 0
TempPoints 0
LengthofSetPointsArray 121
SetPointArray
500
483.333333333333
466.666666666667
450
433.333333333333
416.666666666667
400
383.333333333333
366.666666666667
350
333.333333333333
316.666666666666
300
283.333333333333
266.666666666666
250
233.333333333333
216.666666666666
200
183.333333333333
166.666666666666
150
133.333333333333
116.666666666666
99.9999999999998
83.3333333333331
66.6666666666665
49.9999999999998
33.3333333333331
16.6666666666664
-2.20268248085631E-13
-16.6666666666669
-33.3333333333336
-50.0000000000002
-66.6666666666669
-83.3333333333336
-100
-116.666666666667
-133.333333333334
-150
-166.666666666667
-183.333333333334
-200
-216.666666666667
-233.333333333334
-250
-266.666666666667
-283.333333333334
-300
-316.666666666667
-333.333333333334
-350
-366.666666666667
-383.333333333334
-400
-416.666666666667
-433.333333333334
-450
-466.666666666667
-483.333333333334
-500
-483.333333333333
-466.666666666667
-450
-433.333333333333
-416.666666666667
-400
-383.333333333333
-366.666666666667
-350
-333.333333333333
-316.666666666666
-300
-283.333333333333
-266.666666666666
-250
-233.333333333333
-216.666666666666
-200
-183.333333333333
-166.666666666666
-150
-133.333333333333
-116.666666666666
-99.9999999999998
-83.3333333333331
-66.6666666666665
-49.9999999999998
-33.3333333333331
-16.6666666666664
2.20268248085631E-13
16.6666666666669
33.3333333333336
50.0000000000002
66.6666666666669
83.3333333333336
100
116.666666666667
133.333333333334
150
166.666666666667
183.333333333334
200
216.666666666667
233.333333333334
250
266.666666666667
283.333333333334
300
316.666666666667
333.333333333334
350
366.666666666667
383.333333333334
400
416.666666666667
433.333333333334
450
466.666666666667
483.333333333334
500
FieldDomainFile c:\Ideasvsm\Default UserID\Experiments\Jason_500G\fdomain.ini
TempDomainFile c:\Ideasvsm\Default UserID\Experiments\Jason_500G\tdomain.ini
NumSelectedResults 0
ResultsSelected 
UserName1 
UserValue1 
UserName2 
UserValue2 
LinearBackgroundCorrection Off
MaxLinearFieldCorrection 
MinLinearFieldCorrection 
AutoLinearCorrection Off
FitOneRegion Off
BackgroundMode Off
BackgroundFilename 
AutoCenter Off
OffsetCorrection 
SmoothDeriv Off
DerivOrder 0
DerivPoints 0
MinExFieldOne 
MaxExFieldOne 
MinExFieldTwo 
MaxExFieldTwo 
MinPinFieldOne 
MaxPinFieldOne 
MinPinFieldTwo 
MaxPinFieldTwo 
HCenterStart 
Mass 
Volume 
Density 
MolarWeight 
NumberOfMoles 
Demagnetization 
SampleArea 
Thickness 
MomentScaling 0
XAxis 0
YAxis 0
SimpleSpinValve False
HsatMax 0
HsatMin 0
FieldAutoRange False
 
*************************************************** Experiment Data ********************************************
 
DataPoints 121
MomentX Data
-0.000108978
-0.000109211
-0.000107863
-0.000106395
-0.000104237
-0.000104358
-0.000103528
-0.000102695
-0.000101211
-0.000101943
-0.000102011
-0.0000990552
-0.0000999172
-0.0000981516
-0.0000971831
-0.0000959334
-0.0000967032
-0.0000965856
-0.0000953748
-0.0000950552
-0.0000948784
-0.0000940371
-0.0000940456
-0.0000926101
-0.0000927229
-0.0000954207
-0.0000944774
-0.0000945597
-0.0000964308
-0.00009737
-0.000101753
-0.000107403
-0.000121183
-0.000135011
-0.000148651
-0.000164056
-0.000191989
-0.000229312
-0.000251391
-0.00026137
-0.000263147
-0.000266978
-0.000267269
-0.000266754
-0.000268852
-0.000267064
-0.000267814
-0.000266825
-0.000268236
-0.00026954
-0.000267027
-0.000267594
-0.000266925
-0.000265202
-0.000263304
-0.000264537
-0.00026204
-0.000261771
-0.000259741
-0.000261153
-0.000259144
-0.000259836
-0.000259878
-0.000258345
-0.000261568
-0.000261638
-0.000260496
-0.000260171
-0.000260321
-0.000261768
-0.000262325
-0.000261307
-0.000260058
-0.000261615
-0.000260113
-0.000262377
-0.00026159
-0.000262062
-0.000260799
-0.000260927
-0.00026052
-0.000259893
-0.000260719
-0.000258262
-0.000259003
-0.000258059
-0.000254534
-0.000254336
-0.000251865
-0.000250418
-0.000248227
-0.000242032
-0.000231687
-0.000214758
-0.000199173
-0.00018704
-0.000164072
-0.000126356
-0.0000966556
-0.0000840203
-0.0000787922
-0.0000740795
-0.000072423
-0.000070546
-0.0000704678
-0.0000718599
-0.0000700706
-0.0000688234
-0.0000691599
-0.0000686468
-0.0000668479
-0.0000670065
-0.0000683826
-0.00006978
-0.0000676625
-0.0000652025
-0.0000679626
-0.000066883
-0.0000667127
-0.0000669389
-0.0000687216
MomentY Data
-0.000118605
-0.000116475
-0.000118113
-0.000118987
-0.000121895
-0.000118399
-0.0001194
-0.000120465
-0.00011975
-0.000120449
-0.000117731
-0.000118446
-0.000119082
-0.000120083
-0.000119813
-0.000118637
-0.000118621
-0.000120862
-0.000121403
-0.000119511
-0.000120322
-0.000119034
-0.000120083
-0.000121101
-0.000119241
-0.000118923
-0.000118876
-0.000120211
-0.00011727
-0.000116809
-0.000119479
-0.00011762
-0.000118764
-0.000120958
-0.00011994
-0.000120544
-0.000120719
-0.000118732
-0.000122738
-0.000119734
-0.000122547
-0.000123342
-0.000120942
-0.000119098
-0.000119591
-0.000121991
-0.000120719
-0.000119956
-0.000120385
-0.000119527
-0.000119019
-0.000121927
-0.000122197
-0.000122881
-0.000120783
-0.000120989
-0.000121323
-0.000121768
-0.000122325
-0.00012339
-0.000120417
-0.000120258
-0.000120942
-0.00012002
-0.000118621
-0.00011789
-0.000120687
-0.000122754
-0.000122436
-0.000124963
-0.000122579
-0.000120465
-0.000120513
-0.00012118
-0.000122897
-0.000122007
-0.00012296
-0.000121546
-0.000123278
-0.000122404
-0.000121419
-0.000122388
-0.00012145
-0.000119845
-0.00012242
-0.000121323
-0.000122166
-0.000122293
-0.000123358
-0.000122468
-0.000121228
-0.000123405
-0.000121117
-0.00012188
-0.000120815
-0.000123135
-0.000120831
-0.000125011
-0.000124454
-0.000122722
-0.000124343
-0.000124137
-0.00012517
-0.000123596
-0.000124884
-0.00012393
-0.00012579
-0.000123564
-0.000124661
-0.000124931
-0.000123374
-0.000124296
-0.000120179
-0.000122245
-0.000121276
-0.000122404
-0.000123231
-0.000122341
-0.000123851
-0.000123437
-0.000122738
Field Data
499.999
483.33
466.672
450.001
433.325
416.66
400.003
383.329
366.665
349.99
333.319
316.667
299.988
283.329
266.652
249.99
233.331
216.661
199.997
183.327
167.225
149.988
133.315
116.645
99.989
83.3073
66.6531
50.0073
33.3156
16.6658
-0.00880328
-16.6721
-33.3416
-50.005
-66.6792
-83.3426
-99.9974
-116.667
-133.334
-150.004
-166.678
-183.33
-200.018
-216.671
-233.345
-249.998
-266.681
-283.328
-299.989
-316.671
-333.334
-350.015
-366.671
-383.341
-399.999
-416.679
-433.336
-450.014
-466.678
-483.333
-500.011
-483.34
-466.669
-449.999
-433.329
-416.676
-400.009
-383.355
-366.67
-350.003
-333.332
-316.673
-299.997
-283.327
-266.664
-249.993
-233.334
-216.667
-199.992
-183.331
-166.68
-150.004
-133.346
-116.673
-100.005
-83.3367
-66.6817
-50.0192
-33.332
-16.6802
0.000419156
16.6638
33.3258
49.9889
66.6716
83.34
99.9948
116.663
133.348
149.998
166.656
183.333
200.003
216.666
233.335
250.002
266.665
283.327
300.003
316.656
333.322
349.997
366.667
383.316
399.992
416.666
433.329
449.986
466.654
483.33
499.999
Time Data
0
10.343
20.733
31.076
41.465
51.824
62.214
72.588
82.977
93.367
103.757
114.131
124.505
134.894
145.268
155.643
166.017
176.359
186.749
197.108
207.482
217.871
228.23
238.619
249.009
259.352
269.726
280.116
290.49
300.864
311.222
321.596
332.017
342.36
352.719
363.093
373.467
383.856
394.23
404.605
415.01
425.399
435.774
446.148
456.506
466.88
477.223
487.581
497.956
508.33
518.719
529.093
539.467
549.841
560.2
570.558
580.964
591.338
601.696
612.086
622.46
632.834
643.208
653.551
663.987
674.33
684.751
695.094
705.468
715.873
726.263
736.621
746.98
757.354
767.744
778.102
788.461
798.881
809.256
819.598
829.988
840.347
850.721
861.095
871.469
881.858
892.248
902.607
912.965
923.355
933.713
944.087
954.477
964.867
975.256
985.599
996.036
1006.41
1016.8
1027.19
1037.56
1047.92
1058.31
1068.69
1079.08
1089.43
1099.82
1110.21
1120.62
1131.02
1141.4
1151.8
1162.19
1172.57
1182.96
1193.36
1203.72
1214.11
1224.48
1234.9
1245.28
Temperature Data
0
0
0
0
0
0
0
0
0
0
0
0
0
0
0
0
0
0
0
0
0
0
0
0
0
0
0
0
0
0
0
0
0
0
0
0
0
0
0
0
0
0
0
0
0
0
0
0
0
0
0
0
0
0
0
0
0
0
0
0
0
0
0
0
0
0
0
0
0
0
0
0
0
0
0
0
0
0
0
0
0
0
0
0
0
0
0
0
0
0
0
0
0
0
0
0
0
0
0
0
0
0
0
0
0
0
0
0
0
0
0
0
0
0
0
0
0
0
0
0
0
Angle Data
0
0
0
0
0
0
0
0
0
0
0
0
0
0
0
0
0
0
0
0
0
0
0
0
0
0
0
0
0
0
0
0
0
0
0
0
0
0
0
0
0
0
0
0
0
0
0
0
0
0
0
0
0
0
0
0
0
0
0
0
0
0
0
0
0
0
0
0
0
0
0
0
0
0
0
0
0
0
0
0
0
0
0
0
0
0
0
0
0
0
0
0
0
0
0
0
0
0
0
0
0
0
0
0
0
0
0
0
0
0
0
0
0
0
0
0
0
0
0
0
0
Bx Data
0
0
0
0
0
0
0
0
0
0
0
0
0
0
0
0
0
0
0
0
0
0
0
0
0
0
0
0
0
0
0
0
0
0
0
0
0
0
0
0
0
0
0
0
0
0
0
0
0
0
0
0
0
0
0
0
0
0
0
0
0
0
0
0
0
0
0
0
0
0
0
0
0
0
0
0
0
0
0
0
0
0
0
0
0
0
0
0
0
0
0
0
0
0
0
0
0
0
0
0
0
0
0
0
0
0
0
0
0
0
0
0
0
0
0
0
0
0
0
0
0
Hint Data
0
0
0
0
0
0
0
0
0
0
0
0
0
0
0
0
0
0
0
0
0
0
0
0
0
0
0
0
0
0
0
0
0
0
0
0
0
0
0
0
0
0
0
0
0
0
0
0
0
0
0
0
0
0
0
0
0
0
0
0
0
0
0
0
0
0
0
0
0
0
0
0
0
0
0
0
0
0
0
0
0
0
0
0
0
0
0
0
0
0
0
0
0
0
0
0
0
0
0
0
0
0
0
0
0
0
0
0
0
0
0
0
0
0
0
0
0
0
0
0
0
Torque Data
-0.059302381395
-0.05629586175
-0.055120029936
-0.053544268987
-0.052820150875
-0.04933212734
-0.0477603582
-0.046177727985
-0.04390813375
-0.04215594551
-0.039241979189
-0.037507939482
-0.035723171016
-0.034022996307
-0.031948376076
-0.02965806363
-0.027677956551
-0.026186081782
-0.024280235791
-0.021909593097
-0.02012084645
-0.017853671592
-0.016008865145
-0.014125826145
-0.011922788349
-0.0099071540379
-0.0079234539156
-0.0060114275403
-0.003906920412
-0.0019467154322
1.05180709112E-06
0.001960972402
0.0039597817824
0.00604850479
0.007997503248
0.0100464503744
0.0120715861306
0.013852106244
0.016365148492
0.017960578936
0.020425888866
0.02261228886
0.024190576956
0.025805082758
0.027905961895
0.030497506018
0.032193463639
0.033986893568
0.036114175765
0.037850734617
0.039673079346
0.042676278905
0.044806096187
0.047105325421
0.048313079217
0.050413575531
0.052573623528
0.054797304752
0.05708638635
0.05963845887
0.060209824587
0.05812550172
0.056439882198
0.05400887998
0.051401919309
0.04912193364
0.048275886183
0.04705835967
0.04489360812
0.043737424889
0.040859503228
0.038148012945
0.036153538461
0.03433356586
0.032772205608
0.030500895951
0.02869074864
0.026335007182
0.024654613776
0.022440447724
0.02023811892
0.018358689552
0.0161948717
0.013982675685
0.0122426121
0.0101106584541
0.0081462365622
0.0061169980256
0.004111768856
0.0020427907336
-5.0813443568E-08
-0.002056396239
-0.0040363209186
-0.006092647132
-0.008054929354
-0.0102620709
-0.0120824716788
-0.014584158293
-0.016595691992
-0.018408054556
-0.020722507008
-0.022758408621
-0.02503437551
-0.026779050936
-0.02913980814
-0.03098274786
-0.03354379035
-0.035009017428
-0.037398673983
-0.039560150736
-0.041123268428
-0.043503227112
-0.044065673393
-0.04685846442
-0.048509429792
-0.051001585064
-0.053399565999
-0.055051737226
-0.057795564554
-0.05966080521
-0.061368877262
dMdH Data
1.39780430739694E-08
-8.09220794813306E-08
-8.80571051526597E-08
-1.29407531782202E-07
7.26072607260775E-09
-4.98289007624423E-08
-4.99580184718723E-08
-8.90542486797889E-08
4.38980509745123E-08
4.07893947573631E-09
-1.77504203699254E-07
5.1681755500929E-08
-1.05984752986374E-07
-5.80739941236434E-08
-7.50030008402351E-08
4.62092562578782E-08
-7.05458908218359E-09
-7.26596255400864E-08
-1.91721655668864E-08
-1.0980002484164E-08
-4.88077971804836E-08
5.09806273615924E-10
-8.61127774445109E-08
6.77233429394833E-09
1.61722126641769E-07
-5.6640366994512E-08
4.94419012603765E-09
1.120976293607E-07
5.64090859950269E-08
2.62854829371389E-07
3.39068558577525E-07
8.26659467890458E-07
8.29842649159236E-07
8.18030250326852E-07
9.24481198314869E-07
1.67717414799337E-06
2.23898593847483E-06
1.32471350572989E-06
5.98620275944813E-07
1.06573107832551E-07
2.30062454960367E-07
1.7437679769893E-08
-3.09253587942099E-08
1.25824637159648E-07
-1.07368041794269E-07
4.49559431756873E-08
-5.94101039226296E-08
8.4688794190024E-08
7.81680853614698E-08
-1.50813178899361E-07
3.39907679395742E-08
-4.01657060518742E-08
-1.03359328134371E-07
-1.13939248409174E-07
7.39208633093531E-08
-1.49906946028697E-07
-1.61290322580649E-08
-1.21819491118578E-07
8.47793455418795E-08
-1.20458088499822E-07
-4.15092076060223E-08
-2.51934497030837E-09
9.19616076784654E-08
-1.93341331733653E-07
-4.20344682639872E-09
6.85186296274098E-08
1.95148312717646E-08
-8.99011087803276E-09
-8.68182636347281E-08
-3.34113130586041E-08
6.1108109730475E-08
7.489805708803E-08
-9.34013197360502E-08
9.01398307627653E-08
-1.35804690780396E-07
4.7241731196349E-08
-2.83194336113281E-08
7.57421289355349E-08
-7.68261208811053E-09
2.44429763978147E-08
3.75989445910293E-08
-4.95857846079992E-08
1.47364001679364E-07
-4.44564434845219E-08
5.66344498239178E-08
2.11648153707595E-07
1.18829707426841E-08
1.4807756843569E-07
8.68975125812233E-08
1.31350040397743E-07
3.71773294867149E-07
6.20873844676508E-07
1.01595741488679E-06
9.34201298350987E-07
7.27904297953013E-07
1.37906189206715E-06
2.26275182683193E-06
1.78006592747977E-06
7.58876876876878E-07
3.13849201584824E-07
2.82586796186365E-07
9.93701259748055E-08
1.12644781852007E-07
4.69134321195004E-09
-8.35243295134095E-08
1.07381623957271E-07
7.48529588284719E-08
-2.01786999280403E-08
3.08112652374951E-08
1.07938317532701E-07
-9.51124437781081E-09
-8.25494901019799E-08
-8.3932968947084E-08
1.2697889182058E-07
1.47535084562793E-07
-1.65642441337094E-07
6.48135918832921E-08
1.021718262539E-08
-1.35644039337968E-08
-1.06947027416161E-07
-1.06947027416161E-07
dMdT Data
0
0
0
0
0
0
0
0
0
0
0
0
0
0
0
0
0
0
0
0
0
0
0
0
0
0
0
0
0
0
0
0
0
0
0
0
0
0
0
0
0
0
0
0
0
0
0
0
0
0
0
0
0
0
0
0
0
0
0
0
0
0
0
0
0
0
0
0
0
0
0
0
0
0
0
0
0
0
0
0
0
0
0
0
0
0
0
0
0
0
0
0
0
0
0
0
0
0
0
0
0
0
0
0
0
0
0
0
0
0
0
0
0
0
0
0
0
0
0
0
0
 
*********************************************** Results ***************************************
 
TotalArea 1.33734283943467E-02
AreaFirstQuad 0
AreaSecondQuad 0
AreaThirdQuad 1.12837315079949E-02
AreaFourthQuad 2.08969688635178E-03
Coercivity 0
PositiveCoercivity 0
NegativeCoercivity 0
Retentivity 7.32381845204099E-05
PositiveRetentivity -1.01750686015338E-04
NegativeRetentivity -2.48227055056158E-04
Magnetization 0.00026954
PositiveMagnetization -0.0000652025
NegativeMagnetization -0.00026954
Flatness 2.38931196453923
Squareness 0.271715457892743
SStar 0
SFD1 0
SFD2 0
Slope 0
Intercept 0
SlopeAtHc -1.06947027416161E-07
dH1 0
dH2 49.9896
InitialSlope 1.39780430739694E-08
FieldAtHalfMs 0
FieldAtMs 416.666
MomentMean -1.73816295867769E-04
MomentRMS 8.41847629931791E-05
SFD3 0
dH3 0
UserField1 0
UserField2 0
CenterField 0
ExchangeField 0
ExchangeMoment 0
ExRegionOneIntercept 0
ExRegionOneSlope 0
ExRegionTwoIntercept 0
ExRegionTwoSlope 0
NegativeIntercept 0
NegativeSlope 0
AutoCenterOffset 0
PinningField 0
PinningMoment 0
PinRegionOneIntercept 0
PinRegionOneSlope 0
PinRegionTwoIntercept 0
PinRegionTwoSlope 0
PositiveIntercept 0
PositiveSlope 0
TotalOffset 0
BHMax 0
BCoercivity 0
BRetentivity 0
BNegativeCoercivity 0
BPositiveCoercivity 0
BNegativeRetentivity 0
BPositiveRetentivity 0
MomentYMean -1.21235107438017E-04
MomentYRMS 2.00805785441909E-06
YOffCorrection 0
Mrt 0
Ms1 0
Ms2 0
Ms3 0
Hc2 0
Hex2 0
HsatValue 0
HsatIntercept 0
HsatSlope 0
CenterH 0
Span .0002043375
SpanAsPercentOfRange -15.7182692307692
RMSAsPercentOfRange -6.47575099947531
SpanAsPercentOfMean -117.559460682243
RMSAsPercentOfMean -48.4331820402058
