Version 1.25
******************************************** Units *******************************************
System CGS
TemperatureUnit K
MomentUnit emu
AppliedFieldUnit G
 
******************************************** Setup ********************************************
 
Experiment Hysteresis
Minor False
Acquisition PointByPoint
EditedPoint No
MaxField 500
FieldIncrement 16.6666666666667
Points 121
MinField 0
RampRate 500
AverageTime 3
TimeInterval 0
TimeConstant 0.3
TimeConstantIndex 1
Sensitivity -0.0013
SensitivityIndex 5
SensitivityY -4
SensitivityIndexY 0
SaturationField 8000
ExperimentTime 363
Use735Domains False
AutoRangeEnabled False
NumberOfVertices 3
VertexPts
0
60
120
VertexField
500
-500
500
StartAngle 0
EndAngle 0
AngleIncrement 0
StartTemp 0
FinishTemp 0
TempIncrement 0
TempPoints 0
LengthofSetPointsArray 121
SetPointArray
500
483.333333333333
466.666666666667
450
433.333333333333
416.666666666667
400
383.333333333333
366.666666666667
350
333.333333333333
316.666666666666
300
283.333333333333
266.666666666666
250
233.333333333333
216.666666666666
200
183.333333333333
166.666666666666
150
133.333333333333
116.666666666666
99.9999999999998
83.3333333333331
66.6666666666665
49.9999999999998
33.3333333333331
16.6666666666664
-2.20268248085631E-13
-16.6666666666669
-33.3333333333336
-50.0000000000002
-66.6666666666669
-83.3333333333336
-100
-116.666666666667
-133.333333333334
-150
-166.666666666667
-183.333333333334
-200
-216.666666666667
-233.333333333334
-250
-266.666666666667
-283.333333333334
-300
-316.666666666667
-333.333333333334
-350
-366.666666666667
-383.333333333334
-400
-416.666666666667
-433.333333333334
-450
-466.666666666667
-483.333333333334
-500
-483.333333333333
-466.666666666667
-450
-433.333333333333
-416.666666666667
-400
-383.333333333333
-366.666666666667
-350
-333.333333333333
-316.666666666666
-300
-283.333333333333
-266.666666666666
-250
-233.333333333333
-216.666666666666
-200
-183.333333333333
-166.666666666666
-150
-133.333333333333
-116.666666666666
-99.9999999999998
-83.3333333333331
-66.6666666666665
-49.9999999999998
-33.3333333333331
-16.6666666666664
2.20268248085631E-13
16.6666666666669
33.3333333333336
50.0000000000002
66.6666666666669
83.3333333333336
100
116.666666666667
133.333333333334
150
166.666666666667
183.333333333334
200
216.666666666667
233.333333333334
250
266.666666666667
283.333333333334
300
316.666666666667
333.333333333334
350
366.666666666667
383.333333333334
400
416.666666666667
433.333333333334
450
466.666666666667
483.333333333334
500
FieldDomainFile c:\Ideasvsm\Default UserID\Experiments\Jason_500G\fdomain.ini
TempDomainFile c:\Ideasvsm\Default UserID\Experiments\Jason_500G\tdomain.ini
NumSelectedResults 0
ResultsSelected 
UserName1 
UserValue1 
UserName2 
UserValue2 
LinearBackgroundCorrection Off
MaxLinearFieldCorrection 
MinLinearFieldCorrection 
AutoLinearCorrection Off
FitOneRegion Off
BackgroundMode Off
BackgroundFilename 
AutoCenter Off
OffsetCorrection 
SmoothDeriv Off
DerivOrder 0
DerivPoints 0
MinExFieldOne 
MaxExFieldOne 
MinExFieldTwo 
MaxExFieldTwo 
MinPinFieldOne 
MaxPinFieldOne 
MinPinFieldTwo 
MaxPinFieldTwo 
HCenterStart 
Mass 
Volume 
Density 
MolarWeight 
NumberOfMoles 
Demagnetization 
SampleArea 
Thickness 
MomentScaling 0
XAxis 0
YAxis 0
SimpleSpinValve False
HsatMax 0
HsatMin 0
FieldAutoRange False
 
*************************************************** Experiment Data ********************************************
 
DataPoints 121
MomentX Data
-0.000085708
-0.0000840801
-0.0000840748
-0.0000830699
-0.0000811181
-0.0000822771
-0.0000814778
-0.0000826315
-0.0000804407
-0.0000830396
-0.0000803454
-0.0000798833
-0.0000811345
-0.0000800149
-0.0000802647
-0.0000817026
-0.000081278
-0.0000808325
-0.0000809449
-0.0000821262
-0.0000824784
-0.0000827649
-0.0000823864
-0.000084892
-0.0000843072
-0.0000849344
-0.0000871293
-0.0000868669
-0.0000910748
-0.0000946468
-0.000101767
-0.000108672
-0.000123924
-0.000136544
-0.000153046
-0.000167523
-0.000197504
-0.000227917
-0.000245718
-0.000258005
-0.000262611
-0.000267233
-0.000268753
-0.000274277
-0.000275172
-0.000277482
-0.000277318
-0.00027887
-0.00027883
-0.000278956
-0.000279376
-0.000281949
-0.00027922
-0.00028247
-0.000280553
-0.000280202
-0.000279903
-0.000281593
-0.0002803
-0.000280256
-0.000278474
-0.000281089
-0.000282281
-0.000280716
-0.000280432
-0.000279837
-0.000280504
-0.000281082
-0.000283104
-0.000280241
-0.000278723
-0.000278632
-0.000281016
-0.000282101
-0.000281246
-0.000281164
-0.000281042
-0.00027934
-0.000279599
-0.00027935
-0.000279407
-0.000278646
-0.000277441
-0.000278512
-0.000275954
-0.000274291
-0.000273059
-0.000271124
-0.000268511
-0.000265713
-0.000261103
-0.000251955
-0.000239875
-0.000224171
-0.000211468
-0.000194352
-0.000170823
-0.000138324
-0.000116406
-0.000103174
-0.0000961286
-0.0000917933
-0.0000883449
-0.0000863941
-0.0000823446
-0.0000816673
-0.0000787312
-0.0000780699
-0.0000775924
-0.0000756145
-0.000075524
-0.0000783315
-0.0000753089
-0.0000749591
-0.000076207
-0.0000754193
-0.000074871
-0.0000746701
-0.0000754106
-0.0000746642
-0.0000756675
MomentY Data
-0.000120083
-0.000122261
-0.000123167
-0.000122039
-0.000122356
-0.000121911
-0.000120306
-0.000121085
-0.000121069
-0.000121609
-0.000121657
-0.000120322
-0.000121403
-0.000121705
-0.000121212
-0.00012153
-0.000123151
-0.000120958
-0.000120258
-0.000120529
-0.000121037
-0.000119289
-0.000120306
-0.000121641
-0.000120497
-0.000120989
-0.000119909
-0.000118399
-0.000121339
-0.000119289
-0.000119257
-0.000122293
-0.000121323
-0.000120703
-0.000122372
-0.000121991
-0.000121816
-0.000122245
-0.000122134
-0.000121514
-0.000121848
-0.00012188
-0.000121403
-0.000119178
-0.00011994
-0.000118669
-0.000119178
-0.000120401
-0.000117874
-0.000119034
-0.00011975
-0.000118717
-0.000119988
-0.000119797
-0.000122643
-0.00012091
-0.000119225
-0.000119591
-0.000119813
-0.000120433
-0.000121069
-0.000119384
-0.000119829
-0.000118907
-0.000119925
-0.000119321
-0.000121276
-0.000119702
-0.000120068
-0.000120687
-0.000120862
-0.000119321
-0.000121085
-0.000121578
-0.000121737
-0.000123008
-0.000121721
-0.000120926
-0.00012126
-0.000120147
-0.000119766
-0.00012056
-0.000120068
-0.000120338
-0.000119877
-0.000119003
-0.000120958
-0.000119956
-0.00012126
-0.000121244
-0.000120211
-0.000122277
-0.000120179
-0.000120385
-0.000119289
-0.000120052
-0.000122054
-0.000120878
-0.000121943
-0.000118192
-0.000121705
-0.000120449
-0.000120338
-0.000120767
-0.000120227
-0.000119925
-0.000121212
-0.000121593
-0.000120783
-0.00012126
-0.000121832
-0.00012064
-0.000120115
-0.000120497
-0.000122579
-0.000120274
-0.000121419
-0.000121069
-0.000121895
-0.000123405
-0.000121514
Field Data
499.999
483.33
466.655
449.996
433.346
416.665
400.002
383.336
366.654
349.99
333.327
316.66
300.004
283.327
266.668
249.988
233.317
216.661
199.992
183.333
166.665
150.004
133.333
116.665
100.004
83.3247
66.6496
49.9979
33.3237
16.6609
-0.00109084
-16.6639
-33.3273
-50.0035
-66.6757
-83.3446
-100.008
-116.664
-133.326
-150.005
-166.661
-183.34
-200.018
-216.69
-233.331
-250.004
-266.673
-283.339
-300.006
-316.671
-333.335
-349.999
-366.672
-383.33
-400.018
-416.677
-433.345
-450.01
-466.673
-483.334
-500.01
-483.35
-466.667
-449.995
-433.335
-416.666
-400.002
-383.35
-366.675
-350.011
-333.333
-316.666
-300.001
-283.339
-266.671
-249.99
-233.343
-216.671
-200.002
-183.336
-166.666
-150.007
-133.34
-116.671
-100.002
-83.3459
-66.6617
-49.9958
-33.3265
-16.6767
-0.00432001
16.6696
33.3224
49.9797
66.6632
83.3349
100.002
116.659
133.337
150.004
166.666
183.335
200.006
216.685
233.331
249.998
266.664
283.324
299.991
316.666
333.324
350.006
366.657
383.336
400.001
416.661
433.333
449.986
466.663
483.334
499.996
Time Data
0
10.406
20.795
31.169
41.544
51.918
62.323
72.713
83.102
93.507
103.85
114.256
124.63
135.004
145.393
155.752
166.157
176.516
186.858
197.264
207.653
218.012
228.402
238.76
249.165
259.539
269.929
280.303
290.708
301.098
311.519
321.877
332.283
342.641
353.031
363.42
373.794
384.184
394.574
404.932
415.306
425.696
436.07
446.475
456.834
467.239
477.629
488.003
498.392
508.751
519.141
529.515
539.858
550.263
560.668
571.042
581.447
591.821
602.211
612.57
622.959
633.349
643.739
654.097
664.487
674.83
685.235
695.625
705.967
716.373
726.747
737.152
747.495
757.869
768.243
778.633
789.007
799.396
809.77
820.16
830.519
840.861
851.251
861.625
872.015
882.467
892.872
903.277
913.683
924.057
934.431
944.774
955.179
965.584
975.943
986.332
996.691
1007.08
1017.47
1027.91
1038.33
1048.7
1059.08
1069.43
1079.81
1090.2
1100.59
1110.95
1121.37
1131.74
1142.15
1152.55
1162.93
1173.33
1183.72
1194.08
1204.52
1214.87
1225.28
1235.65
1246.04
Temperature Data
0
0
0
0
0
0
0
0
0
0
0
0
0
0
0
0
0
0
0
0
0
0
0
0
0
0
0
0
0
0
0
0
0
0
0
0
0
0
0
0
0
0
0
0
0
0
0
0
0
0
0
0
0
0
0
0
0
0
0
0
0
0
0
0
0
0
0
0
0
0
0
0
0
0
0
0
0
0
0
0
0
0
0
0
0
0
0
0
0
0
0
0
0
0
0
0
0
0
0
0
0
0
0
0
0
0
0
0
0
0
0
0
0
0
0
0
0
0
0
0
0
Angle Data
0
0
0
0
0
0
0
0
0
0
0
0
0
0
0
0
0
0
0
0
0
0
0
0
0
0
0
0
0
0
0
0
0
0
0
0
0
0
0
0
0
0
0
0
0
0
0
0
0
0
0
0
0
0
0
0
0
0
0
0
0
0
0
0
0
0
0
0
0
0
0
0
0
0
0
0
0
0
0
0
0
0
0
0
0
0
0
0
0
0
0
0
0
0
0
0
0
0
0
0
0
0
0
0
0
0
0
0
0
0
0
0
0
0
0
0
0
0
0
0
0
Bx Data
0
0
0
0
0
0
0
0
0
0
0
0
0
0
0
0
0
0
0
0
0
0
0
0
0
0
0
0
0
0
0
0
0
0
0
0
0
0
0
0
0
0
0
0
0
0
0
0
0
0
0
0
0
0
0
0
0
0
0
0
0
0
0
0
0
0
0
0
0
0
0
0
0
0
0
0
0
0
0
0
0
0
0
0
0
0
0
0
0
0
0
0
0
0
0
0
0
0
0
0
0
0
0
0
0
0
0
0
0
0
0
0
0
0
0
0
0
0
0
0
0
Hint Data
0
0
0
0
0
0
0
0
0
0
0
0
0
0
0
0
0
0
0
0
0
0
0
0
0
0
0
0
0
0
0
0
0
0
0
0
0
0
0
0
0
0
0
0
0
0
0
0
0
0
0
0
0
0
0
0
0
0
0
0
0
0
0
0
0
0
0
0
0
0
0
0
0
0
0
0
0
0
0
0
0
0
0
0
0
0
0
0
0
0
0
0
0
0
0
0
0
0
0
0
0
0
0
0
0
0
0
0
0
0
0
0
0
0
0
0
0
0
0
0
0
Torque Data
-0.060041379917
-0.05909240913
-0.057476496385
-0.054917061844
-0.053022483176
-0.050796046815
-0.048122640612
-0.04641623956
-0.044390433126
-0.04256193391
-0.040551562839
-0.03810116452
-0.036421385612
-0.034482312535
-0.032323361616
-0.03038104164
-0.028733221867
-0.026206881238
-0.024050637936
-0.022096943157
-0.020172631605
-0.017893827156
-0.016040759898
-0.014191247265
-0.012050181988
-0.0100813721283
-0.0079918868864
-0.0059197013621
-0.0040434644343
-0.0019874621001
1.3009030588E-07
0.0020378783227
0.0040433680179
0.0060355724605
0.0081592387604
0.0101672910986
0.012182574528
0.01426159068
0.016283637684
0.01822770757
0.020307309528
0.0223454792
0.024282785254
0.02582468082
0.02798572014
0.029667724676
0.031781554794
0.034114298939
0.035362907244
0.037694615814
0.03991686625
0.041550831283
0.043996239936
0.04592178401
0.049059407574
0.05038041607
0.051665557625
0.05381714591
0.055913492149
0.058209363622
0.06053571069
0.0577042564
0.055920239943
0.053507555465
0.051967699875
0.049717003786
0.048510642552
0.0458877617
0.0440259339
0.042241777557
0.040287293046
0.037784903786
0.036325621085
0.034447788942
0.032463727527
0.03075076992
0.028402743303
0.026201157346
0.02425224252
0.022027270392
0.019960920156
0.01808484392
0.01600986712
0.014039954798
0.011987939754
0.0099184121377
0.0080632659086
0.0059972961848
0.00404117139
0.0020219498148
5.1931272211E-07
-0.0020383086792
-0.0040046527096
-0.0060168061845
-0.0079521864648
-0.0100045214148
-0.012205644108
-0.014101506602
-0.016259513791
-0.017729272768
-0.02028408553
-0.022082517415
-0.024068322028
-0.026168397395
-0.028052686137
-0.02998101015
-0.032322876768
-0.034450215132
-0.036233812953
-0.03839891916
-0.040609529568
-0.04222472384
-0.044041005555
-0.046190837992
-0.049031722579
-0.050113485114
-0.052614859527
-0.054479355034
-0.056883886385
-0.05964583227
-0.060756513944
dMdH Data
-9.76603275541421E-08
-3.1784107946056E-10
-6.0321748004082E-08
-1.17225225225225E-07
6.94802469875912E-08
-4.79685530816786E-08
6.92247689907598E-08
-1.31327178995324E-07
1.55958953432549E-07
-1.61687571265678E-07
-2.77254454910904E-08
7.5120076849183E-08
-6.71343766864536E-08
1.49948976529199E-08
8.62050359712231E-08
-2.54693779617297E-08
-2.67471181556201E-08
6.74305597216404E-09
7.09106188846875E-08
2.1130309575234E-08
1.71958465878397E-08
-2.27040969347976E-08
1.50323974082074E-07
-3.50999339775521E-08
3.7603496549615E-08
1.31627396537353E-07
-1.57581508194362E-08
2.52359933310144E-07
2.14369733778236E-07
4.27331887790187E-07
4.14395912099614E-07
9.15299398682141E-07
7.56767129202096E-07
9.89791389258766E-07
8.68503620514851E-07
1.79921264567855E-06
1.82594860710855E-06
1.06835914055936E-06
7.36674860603153E-07
2.76536983669548E-07
2.7711493494814E-07
9.11380261422216E-08
3.313339731286E-07
5.37828255513489E-08
1.38547352006237E-07
-9.83862259283906E-09
9.31237249490005E-08
-2.39995200096199E-09
7.56075607560949E-09
2.52040326452232E-08
1.54404704752758E-07
-1.63677802435073E-07
1.95101452755433E-07
-1.14872962607861E-07
-2.10696920583466E-08
-1.79385649148063E-08
1.01410141014101E-07
-7.75970713557E-08
-2.64089790528708E-09
-1.06860158311344E-07
-1.56962785114044E-07
-7.14499790205603E-08
9.3869961612286E-08
1.70468187274893E-08
3.56950026996215E-08
-4.00264042246751E-08
-3.47105452798459E-08
-1.21259370314843E-07
1.71807489198274E-07
9.10181076867727E-08
5.4598908021821E-09
-1.43054305430541E-07
-6.511823310527E-08
5.12958963282915E-08
4.91577243570795E-09
7.32864780440735E-09
1.02087332053744E-07
-1.55378247045421E-08
1.4940597623906E-08
-3.41931613677445E-09
4.56810132661025E-08
7.22985540289194E-08
-6.42510048593199E-08
1.53458515807787E-07
9.98433006526138E-08
7.38423178815913E-08
1.16105340845679E-07
1.56755232673237E-07
1.68050066667466E-07
2.76505214178483E-07
5.48641231007081E-07
7.25403535741737E-07
9.42769836648195E-07
7.61410974915336E-07
1.02664995171458E-06
1.41170329571431E-06
1.95107162154049E-06
1.31418635327977E-06
7.93904121917561E-07
4.22842395870844E-07
2.60081588577599E-07
2.06850218943075E-07
1.1696144852809E-07
2.432716568545E-07
4.06371872562549E-08
1.76173046921877E-07
3.96938775510207E-08
2.86494270114596E-08
1.18614692653673E-07
5.43282506903601E-09
-1.68295168445031E-07
1.81526635036935E-07
2.09724803645299E-08
-7.48814881488146E-08
4.72809123649459E-08
3.28874760076777E-08
1.20638923917613E-08
-4.44024704683098E-08
4.47723591866113E-08
-6.0214860160845E-08
-6.0214860160845E-08
dMdT Data
0
0
0
0
0
0
0
0
0
0
0
0
0
0
0
0
0
0
0
0
0
0
0
0
0
0
0
0
0
0
0
0
0
0
0
0
0
0
0
0
0
0
0
0
0
0
0
0
0
0
0
0
0
0
0
0
0
0
0
0
0
0
0
0
0
0
0
0
0
0
0
0
0
0
0
0
0
0
0
0
0
0
0
0
0
0
0
0
0
0
0
0
0
0
0
0
0
0
0
0
0
0
0
0
0
0
0
0
0
0
0
0
0
0
0
0
0
0
0
0
0
 
*********************************************** Results ***************************************
 
TotalArea 3.15611670444771E-02
AreaFirstQuad 0
AreaSecondQuad 0
AreaThirdQuad 1.64946632936911E-02
AreaFourthQuad 0.015066503750786
Coercivity 0
PositiveCoercivity 0
NegativeCoercivity 0
Retentivity 7.96670480075561E-05
PositiveRetentivity -1.01766533849284E-04
NegativeRetentivity -2.61100629864396E-04
Magnetization 0.000283104
PositiveMagnetization -0.0000746642
NegativeMagnetization -0.000283104
Flatness 2.2773980760481
Squareness 0.281405589492046
SStar 0
SFD1 0
SFD2 0
Slope 0
Intercept 0
SlopeAtHc -6.0214860160845E-08
dH1 0
dH2 50.00275458
InitialSlope -9.76603275541421E-08
FieldAtHalfMs 0
FieldAtMs 483.334
MomentMean -1.79304675206612E-04
MomentRMS 9.28904553209777E-05
SFD3 0
dH3 0
UserField1 0
UserField2 0
CenterField 0
ExchangeField 0
ExchangeMoment 0
ExRegionOneIntercept 0
ExRegionOneSlope 0
ExRegionTwoIntercept 0
ExRegionTwoSlope 0
NegativeIntercept 0
NegativeSlope 0
AutoCenterOffset 0
PinningField 0
PinningMoment 0
PinRegionOneIntercept 0
PinRegionOneSlope 0
PinRegionTwoIntercept 0
PinRegionTwoSlope 0
PositiveIntercept 0
PositiveSlope 0
TotalOffset 0
BHMax 0
BCoercivity 0
BRetentivity 0
BNegativeCoercivity 0
BPositiveCoercivity 0
BNegativeRetentivity 0
BPositiveRetentivity 0
MomentYMean -1.20752289256198E-04
MomentYRMS 1.12546264885466E-06
YOffCorrection 0
Mrt 0
Ms1 0
Ms2 0
Ms3 0
Hc2 0
Hex2 0
HsatValue 0
HsatIntercept 0
HsatSlope 0
CenterH 0
Span .0002084398
SpanAsPercentOfRange -16.0338307692308
RMSAsPercentOfRange -7.14541964007521
SpanAsPercentOfMean -116.24894875709
RMSAsPercentOfMean -51.8059304443348
