Version 1.25
******************************************** Units *******************************************
System CGS
TemperatureUnit K
MomentUnit emu
AppliedFieldUnit G
 
******************************************** Setup ********************************************
 
Experiment Hysteresis
Minor False
Acquisition PointByPoint
EditedPoint No
MaxField 500
FieldIncrement 16.6666666666667
Points 121
MinField 0
RampRate 500
AverageTime 3
TimeInterval 0
TimeConstant 0.3
TimeConstantIndex 1
Sensitivity -0.0013
SensitivityIndex 5
SensitivityY -4
SensitivityIndexY 0
SaturationField 8000
ExperimentTime 363
Use735Domains False
AutoRangeEnabled False
NumberOfVertices 3
VertexPts
0
60
120
VertexField
500
-500
500
StartAngle 0
EndAngle 0
AngleIncrement 0
StartTemp 0
FinishTemp 0
TempIncrement 0
TempPoints 0
LengthofSetPointsArray 121
SetPointArray
500
483.333333333333
466.666666666667
450
433.333333333333
416.666666666667
400
383.333333333333
366.666666666667
350
333.333333333333
316.666666666666
300
283.333333333333
266.666666666666
250
233.333333333333
216.666666666666
200
183.333333333333
166.666666666666
150
133.333333333333
116.666666666666
99.9999999999998
83.3333333333331
66.6666666666665
49.9999999999998
33.3333333333331
16.6666666666664
-2.20268248085631E-13
-16.6666666666669
-33.3333333333336
-50.0000000000002
-66.6666666666669
-83.3333333333336
-100
-116.666666666667
-133.333333333334
-150
-166.666666666667
-183.333333333334
-200
-216.666666666667
-233.333333333334
-250
-266.666666666667
-283.333333333334
-300
-316.666666666667
-333.333333333334
-350
-366.666666666667
-383.333333333334
-400
-416.666666666667
-433.333333333334
-450
-466.666666666667
-483.333333333334
-500
-483.333333333333
-466.666666666667
-450
-433.333333333333
-416.666666666667
-400
-383.333333333333
-366.666666666667
-350
-333.333333333333
-316.666666666666
-300
-283.333333333333
-266.666666666666
-250
-233.333333333333
-216.666666666666
-200
-183.333333333333
-166.666666666666
-150
-133.333333333333
-116.666666666666
-99.9999999999998
-83.3333333333331
-66.6666666666665
-49.9999999999998
-33.3333333333331
-16.6666666666664
2.20268248085631E-13
16.6666666666669
33.3333333333336
50.0000000000002
66.6666666666669
83.3333333333336
100
116.666666666667
133.333333333334
150
166.666666666667
183.333333333334
200
216.666666666667
233.333333333334
250
266.666666666667
283.333333333334
300
316.666666666667
333.333333333334
350
366.666666666667
383.333333333334
400
416.666666666667
433.333333333334
450
466.666666666667
483.333333333334
500
FieldDomainFile c:\Ideasvsm\Default UserID\Experiments\Jason_500G\fdomain.ini
TempDomainFile c:\Ideasvsm\Default UserID\Experiments\Jason_500G\tdomain.ini
NumSelectedResults 0
ResultsSelected 
UserName1 
UserValue1 
UserName2 
UserValue2 
LinearBackgroundCorrection Off
MaxLinearFieldCorrection 
MinLinearFieldCorrection 
AutoLinearCorrection Off
FitOneRegion Off
BackgroundMode Off
BackgroundFilename 
AutoCenter Off
OffsetCorrection 
SmoothDeriv Off
DerivOrder 0
DerivPoints 0
MinExFieldOne 
MaxExFieldOne 
MinExFieldTwo 
MaxExFieldTwo 
MinPinFieldOne 
MaxPinFieldOne 
MinPinFieldTwo 
MaxPinFieldTwo 
HCenterStart 
Mass 
Volume 
Density 
MolarWeight 
NumberOfMoles 
Demagnetization 
SampleArea 
Thickness 
MomentScaling 0
XAxis 0
YAxis 0
SimpleSpinValve False
HsatMax 0
HsatMin 0
FieldAutoRange False
 
*************************************************** Experiment Data ********************************************
 
DataPoints 121
MomentX Data
0.0000845211
0.0000848443
0.0000860684
0.0000863249
0.0000870352
0.0000872281
0.0000873721
0.0000872554
0.0000881908
0.000089818
0.0000899743
0.0000901865
0.0000916028
0.0000921539
0.0000930976
0.0000926269
0.0000911475
0.0000935102
0.000092828
0.0000941291
0.00009345
0.000091556
0.0000944475
0.0000928575
0.0000937882
0.0000948796
0.0000930996
0.000093486
0.0000939062
0.0000930269
0.0000898245
0.0000901224
0.0000912703
0.0000893101
0.0000851122
0.0000833295
0.0000715305
0.0000493825
0.0000116426
-0.000016239
-0.0000329797
-0.0000379777
-0.0000426772
-0.000042408
-0.0000443244
-0.0000420107
-0.0000432689
-0.0000446268
-0.0000427384
-0.0000430947
-0.0000410618
-0.0000417156
-0.0000402765
-0.0000386194
-0.0000382257
-0.0000393774
-0.0000391517
-0.0000359793
-0.0000379506
-0.0000361272
-0.0000346963
-0.0000369245
-0.0000374322
-0.0000360503
-0.0000378892
-0.0000384422
-0.0000396828
-0.0000400754
-0.000039581
-0.000041009
-0.000042264
-0.0000404648
-0.0000434611
-0.000042128
-0.0000419662
-0.0000435293
-0.0000451255
-0.0000440868
-0.000045879
-0.0000462264
-0.0000452343
-0.0000457603
-0.0000454194
-0.0000462996
-0.0000453101
-0.0000443865
-0.0000438336
-0.0000435732
-0.0000444582
-0.0000432634
-0.0000419214
-0.0000428132
-0.000041824
-0.0000404518
-0.0000401386
-0.0000347978
-0.0000281691
-0.0000106951
0.0000267926
0.0000594257
0.0000772094
0.0000865554
0.000089986
0.0000901795
0.0000904751
0.0000925567
0.0000918761
0.0000919691
0.0000900446
0.0000909539
0.0000917116
0.0000906864
0.0000908657
0.0000886796
0.0000876933
0.0000883104
0.0000868037
0.0000867637
0.0000844499
0.0000856309
0.0000850683
MomentY Data
-0.000116666
-0.000117683
-0.000117588
-0.000119305
-0.000119543
-0.000117286
-0.000118955
-0.000117731
-0.000119336
-0.000118303
-0.000120401
-0.000120592
-0.000119734
-0.000120799
-0.000122293
-0.000120052
-0.000122372
-0.000122992
-0.000122404
-0.000121387
-0.000120338
-0.000118589
-0.000117811
-0.000118907
-0.0001194
-0.000120147
-0.000121816
-0.000122309
-0.000121546
-0.0001218
-0.000121212
-0.000121164
-0.000120894
-0.000121148
-0.000122579
-0.000120322
-0.000120481
-0.000117683
-0.000122372
-0.000120004
-0.000118462
-0.000121244
-0.000120831
-0.000122309
-0.000121228
-0.000120767
-0.000122197
-0.000121291
-0.000122436
-0.000120242
-0.000119448
-0.00012029
-0.000122531
-0.000121927
-0.000120274
-0.00011905
-0.000120958
-0.000117572
-0.000118208
-0.000118128
-0.000119893
-0.000120656
-0.000119781
-0.000119956
-0.000119305
-0.000116205
-0.000118192
-0.000117652
-0.000119686
-0.000119766
-0.000118589
-0.000119495
-0.000119273
-0.000118717
-0.000117334
-0.000116507
-0.000116189
-0.000117413
-0.000116793
-0.000117048
-0.000118144
-0.000117826
-0.000117429
-0.00011878
-0.000117572
-0.000117588
-0.00011878
-0.000120608
-0.000117668
-0.000120974
-0.000118732
-0.000118287
-0.000120163
-0.000120099
-0.000117699
-0.000119909
-0.00011843
-0.000117604
-0.000119098
-0.000117477
-0.00011789
-0.000118748
-0.000115506
-0.000115744
-0.000115871
-0.000116507
-0.000116301
-0.000118446
-0.000117985
-0.000117254
-0.000117429
-0.000117826
-0.000115697
-0.00011754
-0.000121482
-0.000119321
-0.000118637
-0.000117175
-0.000118685
-0.000115903
-0.000117779
Field Data
500.009
483.337
466.656
450.004
433.337
416.665
399.995
383.325
366.657
349.991
333.324
316.663
299.999
283.326
266.674
250.004
233.316
216.648
199.994
183.315
166.668
150.009
133.329
116.655
100.002
83.3243
66.6712
50.0018
33.3198
16.6497
-0.00381723
-16.6772
-33.3361
-50.0057
-66.6729
-83.3354
-100.011
-116.669
-133.331
-150.003
-166.671
-183.344
-200.014
-216.657
-233.352
-250.001
-266.683
-283.341
-300
-316.67
-333.337
-349.994
-366.673
-383.337
-399.994
-416.669
-433.348
-450.006
-466.676
-483.343
-500.003
-483.338
-466.682
-450.009
-433.329
-416.677
-399.997
-383.337
-366.667
-350.001
-333.342
-316.675
-299.991
-283.33
-266.676
-249.993
-233.342
-216.685
-200.006
-183.327
-166.677
-150
-133.348
-116.661
-99.9951
-83.3367
-66.6667
-50.0082
-33.329
-16.6704
0.00742865
16.657
33.3425
49.9902
66.6559
83.3713
99.9958
116.666
133.326
150.006
166.661
183.335
199.993
216.662
233.33
250.007
266.666
283.334
300.008
316.669
333.325
350.002
366.675
383.33
399.998
416.669
433.318
449.995
466.671
483.325
500.005
Time Data
0
10.389
20.732
31.138
41.527
51.87
62.275
72.634
83.023
93.429
103.803
114.208
124.567
134.925
145.315
155.689
166.063
176.437
186.795
197.201
207.575
217.949
228.323
238.697
249.086
259.461
269.819
280.193
290.598
300.957
311.346
321.689
332.095
342.453
352.812
363.17
373.544
383.934
394.339
404.713
415.103
425.477
435.851
446.272
456.661
467.067
477.41
487.799
498.158
508.501
518.89
529.295
539.67
550.044
560.402
570.776
581.135
591.524
601.883
612.226
622.584
632.989
643.348
653.737
664.127
674.486
684.844
695.218
705.561
715.951
726.34
736.714
747.104
757.463
767.852
778.242
788.632
799.052
809.426
819.816
830.253
840.627
851.032
861.406
871.764
882.139
892.497
902.84
913.245
923.635
934.04
944.414
954.804
965.209
975.568
985.942
996.331
1006.72
1017.11
1027.45
1037.84
1048.22
1058.59
1068.95
1079.32
1089.7
1100.1
1110.48
1120.84
1131.24
1141.62
1151.99
1162.41
1172.77
1183.19
1193.58
1203.94
1214.3
1224.69
1235.09
1245.48
Temperature Data
0
0
0
0
0
0
0
0
0
0
0
0
0
0
0
0
0
0
0
0
0
0
0
0
0
0
0
0
0
0
0
0
0
0
0
0
0
0
0
0
0
0
0
0
0
0
0
0
0
0
0
0
0
0
0
0
0
0
0
0
0
0
0
0
0
0
0
0
0
0
0
0
0
0
0
0
0
0
0
0
0
0
0
0
0
0
0
0
0
0
0
0
0
0
0
0
0
0
0
0
0
0
0
0
0
0
0
0
0
0
0
0
0
0
0
0
0
0
0
0
0
Angle Data
0
0
0
0
0
0
0
0
0
0
0
0
0
0
0
0
0
0
0
0
0
0
0
0
0
0
0
0
0
0
0
0
0
0
0
0
0
0
0
0
0
0
0
0
0
0
0
0
0
0
0
0
0
0
0
0
0
0
0
0
0
0
0
0
0
0
0
0
0
0
0
0
0
0
0
0
0
0
0
0
0
0
0
0
0
0
0
0
0
0
0
0
0
0
0
0
0
0
0
0
0
0
0
0
0
0
0
0
0
0
0
0
0
0
0
0
0
0
0
0
0
Bx Data
0
0
0
0
0
0
0
0
0
0
0
0
0
0
0
0
0
0
0
0
0
0
0
0
0
0
0
0
0
0
0
0
0
0
0
0
0
0
0
0
0
0
0
0
0
0
0
0
0
0
0
0
0
0
0
0
0
0
0
0
0
0
0
0
0
0
0
0
0
0
0
0
0
0
0
0
0
0
0
0
0
0
0
0
0
0
0
0
0
0
0
0
0
0
0
0
0
0
0
0
0
0
0
0
0
0
0
0
0
0
0
0
0
0
0
0
0
0
0
0
0
Hint Data
0
0
0
0
0
0
0
0
0
0
0
0
0
0
0
0
0
0
0
0
0
0
0
0
0
0
0
0
0
0
0
0
0
0
0
0
0
0
0
0
0
0
0
0
0
0
0
0
0
0
0
0
0
0
0
0
0
0
0
0
0
0
0
0
0
0
0
0
0
0
0
0
0
0
0
0
0
0
0
0
0
0
0
0
0
0
0
0
0
0
0
0
0
0
0
0
0
0
0
0
0
0
0
0
0
0
0
0
0
0
0
0
0
0
0
0
0
0
0
0
0
Torque Data
-0.058334049994
-0.056880548171
-0.054873145728
-0.05368772722
-0.051802404991
-0.04886897119
-0.047581405225
-0.045129235575
-0.043755379752
-0.041404985273
-0.040132542924
-0.038187024496
-0.035920080266
-0.034225497474
-0.032612363482
-0.030013480208
-0.028551345552
-0.026645970816
-0.024480065576
-0.022252057905
-0.020056493784
-0.017789417301
-0.015707622819
-0.013871096085
-0.0119402388
-0.0100111646721
-0.0081216188992
-0.0061156701562
-0.0040498884108
-0.00202793346
4.6269408276E-07
0.0020206762608
0.0040301344734
0.0060580905436
0.0081726974091
0.0100270819988
0.012049425291
0.013729957927
0.016315981132
0.018000960012
0.019744180002
0.022229359936
0.024167891634
0.026499101013
0.028288796256
0.030191870767
0.032587862551
0.034366713231
0.0367308
0.03807703414
0.039816437976
0.04210077826
0.044928809363
0.046739130399
0.048108878356
0.04960444445
0.052416907384
0.052908105432
0.055164836608
0.057096341904
0.059946859679
0.058317629728
0.055899636642
0.053981279604
0.051698316345
0.048419950785
0.047276445424
0.045100364724
0.043884906562
0.041918219766
0.039530694438
0.037841079125
0.035780826543
0.03363608761
0.031290161784
0.029125934451
0.027111773638
0.025441635905
0.023359300758
0.021458058696
0.019691887488
0.0176739
0.015658922292
0.01385699358
0.0117566238972
0.0097993958796
0.007918670626
0.0060313889856
0.003921756772
0.0020166849696
-8.820184718E-07
-0.001970306559
-0.0040065348275
-0.0060037730298
-0.0078453327741
-0.0099969692117
-0.011842502594
-0.013720388264
-0.015878859948
-0.017622254862
-0.01964766529
-0.02177066458
-0.023100391458
-0.025077326528
-0.02703618043
-0.029127565549
-0.031013522466
-0.033559778964
-0.03539644388
-0.037130706926
-0.039142021425
-0.041239335652
-0.042423197475
-0.0450566082
-0.048592557036
-0.049717361749
-0.051407547566
-0.052728164125
-0.055386847635
-0.056018817475
-0.058890088895
dMdH Data
-1.9385796545105E-08
-7.33828907139865E-08
-1.54035551285131E-08
-4.26171476570463E-08
-1.15702975047991E-08
-8.63827234553032E-09
7.00059988002349E-09
-5.61195104391643E-08
-9.76359054362177E-08
-9.37781244375097E-09
-1.27363303523201E-08
-8.49915986557847E-08
-3.30534396929172E-08
-5.66718712466963E-08
2.82363527294539E-08
8.86505273250243E-08
-1.41750659947205E-07
4.09631319803053E-08
-7.80082738773308E-08
4.07941370817568E-08
1.1369229845729E-07
-1.73351318944845E-07
9.53580424613172E-08
-5.58878280189756E-08
-6.54406782709843E-08
1.06887006022903E-07
-2.3180198447455E-08
-2.51888262798225E-08
5.2747134090378E-08
1.92295714819397E-07
-1.78668002833842E-08
-6.89061102473755E-08
1.17591303930508E-07
2.51865940289911E-07
1.06988747186797E-07
7.07560747439373E-07
1.3295713771161E-06
2.26502820789821E-06
1.67236084452975E-06
1.00436165106791E-06
2.99766088886223E-07
2.81913617276544E-07
-1.61749684552064E-08
1.14788858939802E-07
-1.38969307465914E-07
7.54226111976982E-08
8.15163885220311E-08
-1.1335614382616E-07
2.13737252549491E-08
-1.21971560568789E-07
3.92507654439572E-08
-8.6282151208106E-08
-9.94419107057131E-08
-2.36357087110521E-08
6.90674662668666E-08
-1.35319863301157E-08
-1.90443030375796E-07
1.18254349130174E-07
-1.09401811963761E-07
-8.5888355342137E-08
-1.33705370537054E-07
-3.04815081652254E-08
8.28825046482333E-08
-1.10245803357314E-07
-3.32092241172232E-08
-7.4376498800959E-08
-2.35654261704682E-08
2.96580683863227E-08
-8.56834273370935E-08
-7.53346539408129E-08
1.0794984100318E-07
-1.79591225125869E-07
8.00132044895266E-08
9.71538369160577E-09
-9.36941797038901E-08
-9.58621103837611E-08
6.23581677372876E-08
-1.07452485160981E-07
-2.08285868457343E-08
5.95855855855856E-08
-3.15404449241471E-08
2.04720153735288E-08
-5.2747647869599E-08
5.93727311456327E-08
5.5443499975988E-08
3.31673665266946E-08
1.56316595131616E-08
-5.30600988056983E-08
7.17227137934759E-08
8.04661103170647E-08
-5.3562940525793E-08
5.92850079410267E-08
8.24258005610385E-08
1.87930899992197E-08
3.19513741818922E-07
3.98730788895907E-07
1.0482177778311E-06
2.25016206482593E-06
1.95642086330935E-06
1.06776943860702E-06
5.60513374115389E-07
2.05943090407012E-07
1.1608374827524E-08
1.77345812335012E-08
1.24818612460275E-07
-4.08547932048735E-08
5.57955363570837E-09
-1.1541921554516E-07
5.45765560290504E-08
4.54911143131605E-08
-6.14738861905617E-08
1.07539135128647E-08
-1.31257880516362E-07
-5.91732661387089E-08
3.70163757423073E-08
-9.04979278034719E-08
-2.39851292198794E-09
-1.38750299832094E-07
7.09138945598656E-08
-3.37290167865708E-08
-3.37290167865708E-08
dMdT Data
0
0
0
0
0
0
0
0
0
0
0
0
0
0
0
0
0
0
0
0
0
0
0
0
0
0
0
0
0
0
0
0
0
0
0
0
0
0
0
0
0
0
0
0
0
0
0
0
0
0
0
0
0
0
0
0
0
0
0
0
0
0
0
0
0
0
0
0
0
0
0
0
0
0
0
0
0
0
0
0
0
0
0
0
0
0
0
0
0
0
0
0
0
0
0
0
0
0
0
0
0
0
0
0
0
0
0
0
0
0
0
0
0
0
0
0
0
0
0
0
0
 
*********************************************** Results ***************************************
 
TotalArea 3.57315538349736E-02
AreaFirstQuad 1.39344994255198E-02
AreaSecondQuad 1.02366116234598E-02
AreaThirdQuad 7.25492022050255E-03
AreaFourthQuad 4.30552256549142E-03
Coercivity 130.855905235531
PositiveCoercivity 121.419035422285
NegativeCoercivity -140.292775048778
Retentivity 6.58736158957709E-05
PositiveRetentivity 8.98252340369715E-05
NegativeRetentivity -4.19219977545704E-05
Magnetization 0.0000705896
PositiveMagnetization 0.0000948796
NegativeMagnetization -0.0000462996
Flatness -0.105950847467521
Squareness 0.933191516820763
SStar 0.698984966314044
SFD1 0.888820371807957
SFD2 0.318387618235568
Slope 0
Intercept 0
SlopeAtHc 1.67236084452975E-06
dH1 14.5485108908196
dH2 41.6629
InitialSlope -1.9385796545105E-08
FieldAtHalfMs 0
FieldAtMs 83.3243
MomentMean 2.45002520661157E-05
MomentRMS 6.42621500161968E-05
SFD3 0.673697619001436
dH3 42.6985934460764
UserField1 0
UserField2 0
CenterField 0
ExchangeField 0
ExchangeMoment 0
ExRegionOneIntercept 0
ExRegionOneSlope 0
ExRegionTwoIntercept 0
ExRegionTwoSlope 0
NegativeIntercept 0
NegativeSlope 0
AutoCenterOffset 0
PinningField 0
PinningMoment 0
PinRegionOneIntercept 0
PinRegionOneSlope 0
PinRegionTwoIntercept 0
PinRegionTwoSlope 0
PositiveIntercept 0
PositiveSlope 0
TotalOffset 0
BHMax 0
BCoercivity 0
BRetentivity 0
BNegativeCoercivity 0
BPositiveCoercivity 0
BNegativeRetentivity 0
BPositiveRetentivity 0
MomentYMean -1.19209752066116E-04
MomentYRMS 1.8510814419369E-06
YOffCorrection 0
Mrt 0
Ms1 0
Ms2 0
Ms3 0
Hc2 0
Hex2 0
HsatValue 0
HsatIntercept 0
HsatSlope 0
CenterH 0
Span .0001411792
SpanAsPercentOfRange -10.8599384615385
RMSAsPercentOfRange -4.94324230893822
SpanAsPercentOfMean 576.235704102218
RMSAsPercentOfMean 262.291791295782
