Version 1.25
******************************************** Units *******************************************
System CGS
TemperatureUnit K
MomentUnit emu
AppliedFieldUnit G
 
******************************************** Setup ********************************************
 
Experiment Hysteresis
Minor False
Acquisition PointByPoint
EditedPoint No
MaxField 500
FieldIncrement 16.6666666666667
Points 121
MinField 0
RampRate 500
AverageTime 3
TimeInterval 0
TimeConstant 0.3
TimeConstantIndex 1
Sensitivity -0.0013
SensitivityIndex 5
SensitivityY -4
SensitivityIndexY 0
SaturationField 8000
ExperimentTime 363
Use735Domains False
AutoRangeEnabled False
NumberOfVertices 3
VertexPts
0
60
120
VertexField
500
-500
500
StartAngle 0
EndAngle 0
AngleIncrement 0
StartTemp 0
FinishTemp 0
TempIncrement 0
TempPoints 0
LengthofSetPointsArray 121
SetPointArray
500
483.333333333333
466.666666666667
450
433.333333333333
416.666666666667
400
383.333333333333
366.666666666667
350
333.333333333333
316.666666666666
300
283.333333333333
266.666666666666
250
233.333333333333
216.666666666666
200
183.333333333333
166.666666666666
150
133.333333333333
116.666666666666
99.9999999999998
83.3333333333331
66.6666666666665
49.9999999999998
33.3333333333331
16.6666666666664
-2.20268248085631E-13
-16.6666666666669
-33.3333333333336
-50.0000000000002
-66.6666666666669
-83.3333333333336
-100
-116.666666666667
-133.333333333334
-150
-166.666666666667
-183.333333333334
-200
-216.666666666667
-233.333333333334
-250
-266.666666666667
-283.333333333334
-300
-316.666666666667
-333.333333333334
-350
-366.666666666667
-383.333333333334
-400
-416.666666666667
-433.333333333334
-450
-466.666666666667
-483.333333333334
-500
-483.333333333333
-466.666666666667
-450
-433.333333333333
-416.666666666667
-400
-383.333333333333
-366.666666666667
-350
-333.333333333333
-316.666666666666
-300
-283.333333333333
-266.666666666666
-250
-233.333333333333
-216.666666666666
-200
-183.333333333333
-166.666666666666
-150
-133.333333333333
-116.666666666666
-99.9999999999998
-83.3333333333331
-66.6666666666665
-49.9999999999998
-33.3333333333331
-16.6666666666664
2.20268248085631E-13
16.6666666666669
33.3333333333336
50.0000000000002
66.6666666666669
83.3333333333336
100
116.666666666667
133.333333333334
150
166.666666666667
183.333333333334
200
216.666666666667
233.333333333334
250
266.666666666667
283.333333333334
300
316.666666666667
333.333333333334
350
366.666666666667
383.333333333334
400
416.666666666667
433.333333333334
450
466.666666666667
483.333333333334
500
FieldDomainFile c:\Ideasvsm\Default UserID\Experiments\Jason_500G\fdomain.ini
TempDomainFile c:\Ideasvsm\Default UserID\Experiments\Jason_500G\tdomain.ini
NumSelectedResults 0
ResultsSelected 
UserName1 
UserValue1 
UserName2 
UserValue2 
LinearBackgroundCorrection Off
MaxLinearFieldCorrection 
MinLinearFieldCorrection 
AutoLinearCorrection Off
FitOneRegion Off
BackgroundMode Off
BackgroundFilename 
AutoCenter Off
OffsetCorrection 
SmoothDeriv Off
DerivOrder 0
DerivPoints 0
MinExFieldOne 
MaxExFieldOne 
MinExFieldTwo 
MaxExFieldTwo 
MinPinFieldOne 
MaxPinFieldOne 
MinPinFieldTwo 
MaxPinFieldTwo 
HCenterStart 
Mass 
Volume 
Density 
MolarWeight 
NumberOfMoles 
Demagnetization 
SampleArea 
Thickness 
MomentScaling 0
XAxis 0
YAxis 0
SimpleSpinValve False
HsatMax 0
HsatMin 0
FieldAutoRange False
 
*************************************************** Experiment Data ********************************************
 
DataPoints 121
MomentX Data
-0.000179618
-0.000178561
-0.000175435
-0.000174783
-0.000172814
-0.00017272
-0.000171098
-0.000169779
-0.000168198
-0.000168098
-0.000164468
-0.000166406
-0.000164661
-0.000160958
-0.000162962
-0.000161412
-0.000160776
-0.000158825
-0.000159463
-0.000158567
-0.000157275
-0.000157493
-0.00015683
-0.000157731
-0.000156425
-0.000154771
-0.000155253
-0.000156238
-0.000155676
-0.000158744
-0.000162687
-0.000166346
-0.000176404
-0.000195023
-0.000207852
-0.000221761
-0.000251534
-0.000286306
-0.000310676
-0.000317873
-0.000320883
-0.000325786
-0.000324081
-0.000323205
-0.000325399
-0.000326132
-0.000324605
-0.000322892
-0.000324094
-0.000323016
-0.000321637
-0.000320199
-0.00032056
-0.000319821
-0.000318872
-0.000316985
-0.000316235
-0.000314869
-0.000313255
-0.000313362
-0.000311831
-0.000310283
-0.000312455
-0.000313855
-0.000312176
-0.000312232
-0.000313196
-0.000311123
-0.000311593
-0.000312005
-0.000313122
-0.000310489
-0.00031097
-0.000311045
-0.000312062
-0.000312635
-0.000309687
-0.000310526
-0.000310348
-0.000308846
-0.000308678
-0.000307254
-0.000309665
-0.000307134
-0.000304318
-0.000306331
-0.000304492
-0.000304449
-0.00030092
-0.000298227
-0.00029428
-0.000288713
-0.000278904
-0.000259836
-0.000248116
-0.000232188
-0.00020927
-0.000172154
-0.000143846
-0.000128216
-0.000124313
-0.000120766
-0.000118256
-0.000116235
-0.000113047
-0.000114536
-0.000113118
-0.000112703
-0.000111358
-0.000111551
-0.000112144
-0.000109836
-0.000109416
-0.000109749
-0.00011151
-0.000110662
-0.00010964
-0.000109906
-0.000110174
-0.000110222
-0.000109504
MomentY Data
-0.000118558
-0.000116205
-0.000118542
-0.000118224
-0.000117906
-0.000119241
-0.000117191
-0.000118955
-0.000118367
-0.000117668
-0.000118224
-0.000119877
-0.000117127
-0.000117397
-0.000117175
-0.00011913
-0.000116316
-0.000115045
-0.000117222
-0.000116412
-0.00011754
-0.000118415
-0.000119209
-0.000119464
-0.000118876
-0.000117715
-0.000118907
-0.000118144
-0.000117191
-0.000116618
-0.000117143
-0.000118351
-0.000117175
-0.000121435
-0.000120751
-0.000116571
-0.000119066
-0.00011762
-0.000118589
-0.000118605
-0.000118001
-0.000116301
-0.000117461
-0.000116841
-0.000117254
-0.000117397
-0.000117397
-0.000116348
-0.000117731
-0.000117079
-0.000118828
-0.000117779
-0.000118891
-0.000118796
-0.000119591
-0.000117922
-0.000116746
-0.000119114
-0.000118176
-0.000118685
-0.000118049
-0.000119543
-0.00012037
-0.000119686
-0.000117477
-0.000116762
-0.000120083
-0.000118971
-0.000117556
-0.00011824
-0.000118939
-0.000119384
-0.000118128
-0.000118717
-0.000121196
-0.000119368
-0.00011789
-0.000120227
-0.000119623
-0.00011789
-0.000119861
-0.000118303
-0.000117318
-0.00011762
-0.000117588
-0.000118049
-0.000118923
-0.000119321
-0.000117588
-0.000117207
-0.000118097
-0.000118812
-0.000118176
-0.000117683
-0.000117493
-0.000118526
-0.000118415
-0.000118001
-0.000118383
-0.000117763
-0.000120306
-0.000116984
-0.000119623
-0.000119638
-0.000119448
-0.000119193
-0.000118955
-0.000119384
-0.000118017
-0.000118748
-0.000119511
-0.000117795
-0.000120099
-0.000119241
-0.000119273
-0.000118097
-0.000119432
-0.000120052
-0.000117715
-0.00011878
-0.000119464
Field Data
499.997
483.318
466.658
450
433.316
416.656
399.998
383.331
366.664
350.001
333.338
316.663
299.989
283.327
266.664
249.999
233.323
216.667
200.001
183.33
166.663
149.998
133.329
116.662
99.997
83.3053
66.659
49.9931
33.3301
16.6549
-0.0030487
-16.6747
-33.333
-50.0077
-66.6607
-83.3392
-100.011
-116.685
-133.335
-150.011
-166.664
-183.34
-200.004
-216.672
-233.336
-249.999
-266.67
-283.337
-300.013
-316.676
-333.33
-350.01
-366.673
-383.343
-400.003
-416.678
-433.339
-450
-466.681
-483.326
-500.009
-483.339
-466.67
-450.003
-433.332
-416.668
-400.015
-383.339
-366.676
-350.004
-333.353
-316.665
-299.989
-283.335
-266.671
-250.011
-233.329
-216.682
-200.01
-183.345
-166.662
-150.013
-133.334
-116.68
-100.001
-83.3284
-66.6727
-50.007
-33.3313
-16.6782
-0.00107363
16.655
33.3379
49.9917
66.651
83.3566
100.002
116.659
133.331
150.003
166.669
183.331
200
216.665
233.331
249.998
266.671
283.344
300.003
316.668
333.332
349.993
366.656
383.338
399.99
416.668
433.331
449.999
466.674
483.337
500.001
Time Data
0
10.39
20.764
31.138
41.527
51.886
62.276
72.634
82.993
93.382
103.756
114.13
124.52
134.878
145.284
155.658
166.016
176.437
186.811
197.201
207.606
217.98
228.323
238.713
249.087
259.445
269.819
280.209
290.583
300.942
311.316
321.674
332.048
342.422
352.796
363.202
373.576
383.934
394.371
404.729
415.134
425.493
435.851
446.241
456.599
466.973
477.347
487.706
498.049
508.423
518.797
529.187
539.576
549.95
560.34
570.698
581.073
591.431
601.821
612.195
622.553
632.896
643.301
653.66
664.049
674.439
684.813
695.218
705.593
715.951
726.325
736.684
747.058
757.416
767.775
778.18
788.554
798.928
809.286
819.676
830.066
840.471
850.845
861.235
871.624
881.983
892.357
902.715
913.121
923.51
933.869
944.274
954.648
965.022
975.396
985.77
996.144
1006.52
1016.88
1027.23
1037.59
1047.97
1058.36
1068.7
1079.11
1089.48
1099.85
1110.24
1120.6
1130.98
1141.38
1151.74
1162.13
1172.52
1182.89
1193.27
1203.61
1214
1224.37
1234.73
1245.15
Temperature Data
0
0
0
0
0
0
0
0
0
0
0
0
0
0
0
0
0
0
0
0
0
0
0
0
0
0
0
0
0
0
0
0
0
0
0
0
0
0
0
0
0
0
0
0
0
0
0
0
0
0
0
0
0
0
0
0
0
0
0
0
0
0
0
0
0
0
0
0
0
0
0
0
0
0
0
0
0
0
0
0
0
0
0
0
0
0
0
0
0
0
0
0
0
0
0
0
0
0
0
0
0
0
0
0
0
0
0
0
0
0
0
0
0
0
0
0
0
0
0
0
0
Angle Data
0
0
0
0
0
0
0
0
0
0
0
0
0
0
0
0
0
0
0
0
0
0
0
0
0
0
0
0
0
0
0
0
0
0
0
0
0
0
0
0
0
0
0
0
0
0
0
0
0
0
0
0
0
0
0
0
0
0
0
0
0
0
0
0
0
0
0
0
0
0
0
0
0
0
0
0
0
0
0
0
0
0
0
0
0
0
0
0
0
0
0
0
0
0
0
0
0
0
0
0
0
0
0
0
0
0
0
0
0
0
0
0
0
0
0
0
0
0
0
0
0
Bx Data
0
0
0
0
0
0
0
0
0
0
0
0
0
0
0
0
0
0
0
0
0
0
0
0
0
0
0
0
0
0
0
0
0
0
0
0
0
0
0
0
0
0
0
0
0
0
0
0
0
0
0
0
0
0
0
0
0
0
0
0
0
0
0
0
0
0
0
0
0
0
0
0
0
0
0
0
0
0
0
0
0
0
0
0
0
0
0
0
0
0
0
0
0
0
0
0
0
0
0
0
0
0
0
0
0
0
0
0
0
0
0
0
0
0
0
0
0
0
0
0
0
Hint Data
0
0
0
0
0
0
0
0
0
0
0
0
0
0
0
0
0
0
0
0
0
0
0
0
0
0
0
0
0
0
0
0
0
0
0
0
0
0
0
0
0
0
0
0
0
0
0
0
0
0
0
0
0
0
0
0
0
0
0
0
0
0
0
0
0
0
0
0
0
0
0
0
0
0
0
0
0
0
0
0
0
0
0
0
0
0
0
0
0
0
0
0
0
0
0
0
0
0
0
0
0
0
0
0
0
0
0
0
0
0
0
0
0
0
0
0
0
0
0
0
0
Torque Data
-0.059278644326
-0.05616396819
-0.055318572636
-0.0532008
-0.051090556296
-0.049682478096
-0.046876165618
-0.045599139105
-0.043400917688
-0.041183917668
-0.039408551712
-0.037960610451
-0.035136811603
-0.033261739819
-0.0312463542
-0.02978238087
-0.027139198068
-0.024926455015
-0.023444517222
-0.02134181196
-0.01958956902
-0.01776201317
-0.015894016761
-0.013936909168
-0.011887243372
-0.0098062833895
-0.007926221713
-0.0059063848064
-0.0039059877491
-0.0019422611282
3.571338641E-07
0.0019734674197
0.003905794275
0.0060726850495
0.0080493461857
0.0097149338832
0.011907909726
0.0137244897
0.015812064315
0.017792054655
0.019666518664
0.02132262534
0.023492669844
0.025316173152
0.027359579344
0.029349132603
0.03130625799
0.032965693276
0.035320830503
0.037076109404
0.03960893724
0.04122382779
0.043594119643
0.045539615028
0.047836758773
0.049135503116
0.050590594894
0.0536013
0.055150493856
0.05736354631
0.059025562441
0.057779794077
0.0561730679
0.053859059058
0.050906543364
0.048650989016
0.048035001245
0.045606224169
0.043104963856
0.04138447296
0.039648672467
0.03780473436
0.035437100592
0.033636681195
0.032319458516
0.029843313048
0.02750715581
0.026051026814
0.02392579623
0.02161454205
0.019976273982
0.017746987939
0.015642478212
0.0137239016
0.011758917588
0.0098368342916
0.0079289175021
0.005966885247
0.0039193609044
0.0019548017874
1.2679248211E-07
-0.00197881386
-0.0039397396704
-0.0058831732311
-0.007831025943
-0.0098799243716
-0.01184173683
-0.013765878659
-0.015784123773
-0.017664803289
-0.020051280714
-0.021446793704
-0.0239246
-0.02592136727
-0.027870921288
-0.029798011614
-0.031721848805
-0.033826740096
-0.035405454051
-0.037603691664
-0.039836840652
-0.041227425435
-0.044035018944
-0.045709606458
-0.04770800727
-0.049207240796
-0.051753587992
-0.054023279948
-0.05493452991
-0.05741076886
-0.059732119464
dMdH Data
-6.33731039031116E-08
-1.87635054021609E-07
-3.9140352983551E-08
-1.1801726204747E-07
-5.64225690276047E-09
-9.73706327290193E-08
-7.91384172316558E-08
-9.48581028379437E-08
-6.00132029046404E-09
-2.1784792654384E-07
1.16221889055472E-07
-1.04653952261004E-07
-2.22242227823791E-07
1.20266458620897E-07
-9.30093009300937E-08
-3.81386423602774E-08
-1.17134966378483E-07
3.82815312612498E-08
-5.37460260332305E-08
-7.75184496310082E-08
1.30813081308141E-08
-3.97744315795791E-08
5.40589188216242E-08
-7.83678367836794E-08
-9.90911650700645E-08
2.89553834786109E-08
5.91027187250616E-08
-3.37274200324079E-08
1.83985799270774E-07
2.36703814557912E-07
2.19474360047345E-07
6.03783099115756E-07
1.1166017979334E-06
7.70371704797933E-07
8.33947896993136E-07
1.78582996437097E-06
2.08540242293391E-06
1.46366366366366E-06
4.31578316142958E-07
1.807482135351E-07
2.94015351403214E-07
-1.023163706193E-07
-5.25557955363552E-08
1.31661065770521E-07
4.39896777291001E-08
-9.15961849919004E-08
-1.0277794444111E-07
7.20796354041709E-08
-6.46942327311979E-08
-8.28029302269742E-08
-8.62110311750588E-08
2.16647662485742E-08
-4.43311337732441E-08
-5.69627851140478E-08
-1.13163418290855E-07
-4.50153052037687E-08
-8.19878758777976E-08
-9.67567891613207E-08
6.42835686392334E-09
-9.1770065335973E-08
9.28614277144558E-08
-1.30301757753914E-07
-8.3998320033598E-08
1.00713814408253E-07
-3.36053768603063E-09
-5.78874677235332E-08
1.24310386183738E-07
-2.82062053651787E-08
-2.47120921305204E-08
-6.70830580745882E-08
1.57778044103547E-07
-2.88438474454295E-08
-4.50342260117619E-09
-6.10297647623633E-08
-3.43937575030026E-08
1.76717419973625E-07
-5.03994713762229E-08
1.06765834932812E-08
9.0129012901291E-08
1.00701312713534E-08
8.55306625022511E-08
-1.44553030757237E-07
1.5197550138105E-07
1.6883506205408E-07
-1.20737017621729E-07
1.10412651524704E-07
2.58014964868121E-09
2.11625299087894E-07
1.61711633269482E-07
2.36671469198681E-07
3.34232432184559E-07
5.87967319830485E-07
1.14496391214017E-06
7.03510951840714E-07
9.53452734412412E-07
1.37683684381271E-06
2.2282523863841E-06
1.69793666026872E-06
9.37499999999999E-07
2.34189367574703E-07
2.12879606289761E-07
1.50578918951347E-07
1.21272127212721E-07
1.9128765150606E-07
-8.93382132357352E-08
8.50476818808856E-08
2.48905415941943E-08
8.07371390839784E-08
-1.15811581158118E-08
-3.55856937109937E-08
1.38527099213733E-07
2.52055452199483E-08
-1.9961635295528E-08
-1.05753062695172E-07
5.08454251109239E-08
6.13334933685413E-08
-1.59587233021359E-08
-1.60719640179913E-08
-2.88063373942248E-09
4.30868939030247E-08
4.30868939030247E-08
dMdT Data
0
0
0
0
0
0
0
0
0
0
0
0
0
0
0
0
0
0
0
0
0
0
0
0
0
0
0
0
0
0
0
0
0
0
0
0
0
0
0
0
0
0
0
0
0
0
0
0
0
0
0
0
0
0
0
0
0
0
0
0
0
0
0
0
0
0
0
0
0
0
0
0
0
0
0
0
0
0
0
0
0
0
0
0
0
0
0
0
0
0
0
0
0
0
0
0
0
0
0
0
0
0
0
0
0
0
0
0
0
0
0
0
0
0
0
0
0
0
0
0
0
 
*********************************************** Results ***************************************
 
TotalArea 3.24072883786102E-06
AreaFirstQuad 0
AreaSecondQuad 0
AreaThirdQuad 8.10518870399339E-03
AreaFourthQuad -8.10194797515554E-03
Coercivity 0
PositiveCoercivity 0
NegativeCoercivity 0
Retentivity 6.57966813984766E-05
PositiveRetentivity -1.62686278361081E-04
NegativeRetentivity -2.94279641158034E-04
Magnetization 0.000326132
PositiveMagnetization -0.000109416
NegativeMagnetization -0.000326132
Flatness 3.47256054413783
Squareness 0.201748621412424
SStar 0
SFD1 0
SFD2 0
Slope 0
Intercept 0
SlopeAtHc 4.30868939030247E-08
dH1 0
dH2 49.991
InitialSlope -6.33731039031116E-08
FieldAtHalfMs 0
FieldAtMs 366.656
MomentMean -2.27557884297521E-04
MomentRMS 8.36415144477898E-05
SFD3 0
dH3 0
UserField1 0
UserField2 0
CenterField 0
ExchangeField 0
ExchangeMoment 0
ExRegionOneIntercept 0
ExRegionOneSlope 0
ExRegionTwoIntercept 0
ExRegionTwoSlope 0
NegativeIntercept 0
NegativeSlope 0
AutoCenterOffset 0
PinningField 0
PinningMoment 0
PinRegionOneIntercept 0
PinRegionOneSlope 0
PinRegionTwoIntercept 0
PinRegionTwoSlope 0
PositiveIntercept 0
PositiveSlope 0
TotalOffset 0
BHMax 0
BCoercivity 0
BRetentivity 0
BNegativeCoercivity 0
BPositiveCoercivity 0
BNegativeRetentivity 0
BPositiveRetentivity 0
MomentYMean -1.18342859504132E-04
MomentYRMS 1.13006704303908E-06
YOffCorrection 0
Mrt 0
Ms1 0
Ms2 0
Ms3 0
Hc2 0
Hex2 0
HsatValue 0
HsatIntercept 0
HsatSlope 0
CenterH 0
Span .000216716
SpanAsPercentOfRange -16.6704615384615
RMSAsPercentOfRange -6.43396264982999
SpanAsPercentOfMean -95.2355488226699
RMSAsPercentOfMean -36.756148751336
