Version 1.25
******************************************** Units *******************************************
System CGS
TemperatureUnit K
MomentUnit emu
AppliedFieldUnit G
 
******************************************** Setup ********************************************
 
Experiment Hysteresis
Minor False
Acquisition PointByPoint
EditedPoint No
MaxField 500
FieldIncrement 16.6666666666667
Points 121
MinField 0
RampRate 500
AverageTime 3
TimeInterval 0
TimeConstant 0.3
TimeConstantIndex 1
Sensitivity -0.0013
SensitivityIndex 5
SensitivityY -4
SensitivityIndexY 0
SaturationField 8000
ExperimentTime 363
Use735Domains False
AutoRangeEnabled False
NumberOfVertices 3
VertexPts
0
60
120
VertexField
500
-500
500
StartAngle 0
EndAngle 0
AngleIncrement 0
StartTemp 0
FinishTemp 0
TempIncrement 0
TempPoints 0
LengthofSetPointsArray 121
SetPointArray
500
483.333333333333
466.666666666667
450
433.333333333333
416.666666666667
400
383.333333333333
366.666666666667
350
333.333333333333
316.666666666666
300
283.333333333333
266.666666666666
250
233.333333333333
216.666666666666
200
183.333333333333
166.666666666666
150
133.333333333333
116.666666666666
99.9999999999998
83.3333333333331
66.6666666666665
49.9999999999998
33.3333333333331
16.6666666666664
-2.20268248085631E-13
-16.6666666666669
-33.3333333333336
-50.0000000000002
-66.6666666666669
-83.3333333333336
-100
-116.666666666667
-133.333333333334
-150
-166.666666666667
-183.333333333334
-200
-216.666666666667
-233.333333333334
-250
-266.666666666667
-283.333333333334
-300
-316.666666666667
-333.333333333334
-350
-366.666666666667
-383.333333333334
-400
-416.666666666667
-433.333333333334
-450
-466.666666666667
-483.333333333334
-500
-483.333333333333
-466.666666666667
-450
-433.333333333333
-416.666666666667
-400
-383.333333333333
-366.666666666667
-350
-333.333333333333
-316.666666666666
-300
-283.333333333333
-266.666666666666
-250
-233.333333333333
-216.666666666666
-200
-183.333333333333
-166.666666666666
-150
-133.333333333333
-116.666666666666
-99.9999999999998
-83.3333333333331
-66.6666666666665
-49.9999999999998
-33.3333333333331
-16.6666666666664
2.20268248085631E-13
16.6666666666669
33.3333333333336
50.0000000000002
66.6666666666669
83.3333333333336
100
116.666666666667
133.333333333334
150
166.666666666667
183.333333333334
200
216.666666666667
233.333333333334
250
266.666666666667
283.333333333334
300
316.666666666667
333.333333333334
350
366.666666666667
383.333333333334
400
416.666666666667
433.333333333334
450
466.666666666667
483.333333333334
500
FieldDomainFile c:\Ideasvsm\Default UserID\Experiments\Jason_500G\fdomain.ini
TempDomainFile c:\Ideasvsm\Default UserID\Experiments\Jason_500G\tdomain.ini
NumSelectedResults 0
ResultsSelected 
UserName1 
UserValue1 
UserName2 
UserValue2 
LinearBackgroundCorrection Off
MaxLinearFieldCorrection 
MinLinearFieldCorrection 
AutoLinearCorrection Off
FitOneRegion Off
BackgroundMode Off
BackgroundFilename 
AutoCenter Off
OffsetCorrection 
SmoothDeriv Off
DerivOrder 0
DerivPoints 0
MinExFieldOne 
MaxExFieldOne 
MinExFieldTwo 
MaxExFieldTwo 
MinPinFieldOne 
MaxPinFieldOne 
MinPinFieldTwo 
MaxPinFieldTwo 
HCenterStart 
Mass 
Volume 
Density 
MolarWeight 
NumberOfMoles 
Demagnetization 
SampleArea 
Thickness 
MomentScaling 0
XAxis 0
YAxis 0
SimpleSpinValve False
HsatMax 0
HsatMin 0
FieldAutoRange False
 
*************************************************** Experiment Data ********************************************
 
DataPoints 121
MomentX Data
-0.00012276
-0.000125314
-0.000123626
-0.000120978
-0.000121637
-0.000120331
-0.000118801
-0.000120728
-0.000120788
-0.000119971
-0.000117963
-0.000117898
-0.000117656
-0.000116541
-0.000118284
-0.000116177
-0.00011567
-0.000116148
-0.000117284
-0.000116761
-0.0001171
-0.000116208
-0.000117871
-0.000116992
-0.000115505
-0.000117176
-0.000117986
-0.000117154
-0.000118321
-0.000118967
-0.000119721
-0.000118541
-0.000120768
-0.000122569
-0.000122719
-0.000125085
-0.000129583
-0.000140993
-0.000173071
-0.00021594
-0.000238654
-0.000248538
-0.000253226
-0.00025519
-0.000258984
-0.000259706
-0.000259944
-0.000261553
-0.000261218
-0.000259546
-0.000260927
-0.000261257
-0.0002616
-0.000261571
-0.000260924
-0.000261006
-0.000260946
-0.000259778
-0.000259
-0.000259489
-0.000257821
-0.000258528
-0.000257646
-0.000257974
-0.000257568
-0.000257996
-0.000258161
-0.000258264
-0.000260326
-0.000258309
-0.000260673
-0.000258528
-0.000258826
-0.00025859
-0.000257583
-0.00025934
-0.000258177
-0.000257423
-0.000258229
-0.000258005
-0.000257057
-0.000257475
-0.000257003
-0.000256199
-0.000255785
-0.000255072
-0.000255092
-0.000253939
-0.000252456
-0.000251943
-0.000251437
-0.000249767
-0.000247732
-0.000247613
-0.000246446
-0.000245937
-0.00024001
-0.000230252
-0.000206451
-0.000162152
-0.000132885
-0.000118444
-0.0001126
-0.000109742
-0.000107811
-0.000105777
-0.000102463
-0.000103218
-0.000101697
-0.000100897
-0.000100473
-0.000100595
-0.000100972
-0.000100704
-0.000100425
-0.00010143
-0.000101475
-0.0000998901
-0.00010209
-0.000100975
-0.000101032
MomentY Data
-0.000114711
-0.00011398
-0.00011522
-0.000113837
-0.000114568
-0.000113742
-0.000114075
-0.000114806
-0.000112979
-0.00011541
-0.000114791
-0.000114282
-0.000115236
-0.000116793
-0.00011665
-0.00011789
-0.000117111
-0.000117429
-0.000116809
-0.000116952
-0.000116666
-0.000118208
-0.000114981
-0.000113885
-0.000115983
-0.000116873
-0.000115919
-0.000115728
-0.000116014
-0.000116396
-0.000115903
-0.000115363
-0.000116666
-0.000117079
-0.000117254
-0.000114218
-0.000116428
-0.00011541
-0.000114743
-0.000115252
-0.000114473
-0.000115919
-0.000116316
-0.000115077
-0.000115951
-0.000117826
-0.000116968
-0.00011549
-0.000116984
-0.00011824
-0.000115267
-0.000116905
-0.000117668
-0.000118065
-0.000116873
-0.000117222
-0.000119273
-0.000117095
-0.000116221
-0.000116841
-0.000117842
-0.000118383
-0.000119686
-0.000117175
-0.000117588
-0.000118462
-0.000115124
-0.000117032
-0.00011913
-0.000117922
-0.000116316
-0.000116014
-0.000117429
-0.000118287
-0.000119098
-0.0001194
-0.000117175
-0.000119289
-0.000117366
-0.00011797
-0.000117524
-0.000117397
-0.000117842
-0.000116126
-0.000118097
-0.000118081
-0.000119654
-0.000118319
-0.000118081
-0.000115522
-0.00011727
-0.000118589
-0.000117715
-0.000118128
-0.000119146
-0.000118001
-0.00011851
-0.000117222
-0.000115522
-0.000118796
-0.000116173
-0.000118335
-0.000119464
-0.000117556
-0.000117334
-0.000117095
-0.000118812
-0.000116952
-0.000119209
-0.00011762
-0.000118653
-0.000118574
-0.000119114
-0.000116396
-0.000116173
-0.000117286
-0.000116984
-0.000118097
-0.000118113
-0.000116984
-0.000120083
Field Data
499.99
483.321
466.668
450.007
433.322
416.658
399.98
383.337
366.649
349.989
333.332
316.666
299.994
283.323
266.654
249.994
233.33
216.669
199.999
183.326
166.658
150.004
133.322
116.662
99.9909
83.3117
66.6667
49.9904
33.3318
16.6769
0.00892882
-16.6664
-33.3448
-50.0077
-66.6799
-83.3399
-100.002
-116.687
-133.342
-150.007
-166.671
-183.338
-200.011
-216.663
-233.337
-250.007
-266.682
-283.336
-300.012
-316.681
-333.333
-350.008
-366.671
-383.337
-400.006
-416.666
-433.344
-450.007
-466.667
-483.337
-500.026
-483.332
-466.672
-450.002
-433.331
-416.661
-400.009
-383.333
-366.672
-350.006
-333.351
-316.681
-300.007
-283.339
-266.672
-249.994
-233.332
-216.662
-200.002
-183.335
-166.68
-150.016
-133.342
-116.665
-99.9991
-83.3501
-66.6762
-49.9972
-33.3305
-16.6576
-0.0185474
16.6666
33.3461
49.9866
66.6542
83.3445
99.9946
116.659
133.34
149.997
166.652
183.333
200.019
216.665
233.328
249.991
266.663
283.323
299.999
316.681
333.333
349.999
366.66
383.328
400.006
416.657
433.335
449.999
466.656
483.326
500.004
Time Data
0
10.374
20.733
31.091
41.481
51.839
62.245
72.619
82.993
93.351
103.725
114.115
124.489
134.863
145.237
155.596
165.985
176.359
186.702
197.108
207.482
217.825
228.261
238.619
249.025
259.414
269.788
280.209
290.552
300.942
311.3
321.69
332.064
342.423
352.765
363.202
373.56
383.95
394.324
404.698
415.088
425.477
435.82
446.21
456.584
466.927
477.317
487.675
498.112
508.486
518.844
529.203
539.561
549.935
560.309
570.652
581.057
591.431
601.79
612.179
622.538
632.912
643.302
653.676
664.065
674.408
684.767
695.172
705.53
715.889
726.279
736.668
747.058
757.416
767.79
778.149
788.523
798.881
809.256
819.598
830.004
840.378
850.767
861.126
871.516
881.874
892.248
902.638
913.027
923.417
933.776
944.196
954.57
964.96
975.334
985.708
996.098
1006.49
1016.86
1027.28
1037.66
1048.06
1058.42
1068.81
1079.25
1089.64
1100.03
1110.4
1120.76
1131.13
1141.49
1151.85
1162.25
1172.61
1183.02
1193.41
1203.78
1214.16
1224.53
1234.89
1245.28
Temperature Data
0
0
0
0
0
0
0
0
0
0
0
0
0
0
0
0
0
0
0
0
0
0
0
0
0
0
0
0
0
0
0
0
0
0
0
0
0
0
0
0
0
0
0
0
0
0
0
0
0
0
0
0
0
0
0
0
0
0
0
0
0
0
0
0
0
0
0
0
0
0
0
0
0
0
0
0
0
0
0
0
0
0
0
0
0
0
0
0
0
0
0
0
0
0
0
0
0
0
0
0
0
0
0
0
0
0
0
0
0
0
0
0
0
0
0
0
0
0
0
0
0
Angle Data
0
0
0
0
0
0
0
0
0
0
0
0
0
0
0
0
0
0
0
0
0
0
0
0
0
0
0
0
0
0
0
0
0
0
0
0
0
0
0
0
0
0
0
0
0
0
0
0
0
0
0
0
0
0
0
0
0
0
0
0
0
0
0
0
0
0
0
0
0
0
0
0
0
0
0
0
0
0
0
0
0
0
0
0
0
0
0
0
0
0
0
0
0
0
0
0
0
0
0
0
0
0
0
0
0
0
0
0
0
0
0
0
0
0
0
0
0
0
0
0
0
Bx Data
0
0
0
0
0
0
0
0
0
0
0
0
0
0
0
0
0
0
0
0
0
0
0
0
0
0
0
0
0
0
0
0
0
0
0
0
0
0
0
0
0
0
0
0
0
0
0
0
0
0
0
0
0
0
0
0
0
0
0
0
0
0
0
0
0
0
0
0
0
0
0
0
0
0
0
0
0
0
0
0
0
0
0
0
0
0
0
0
0
0
0
0
0
0
0
0
0
0
0
0
0
0
0
0
0
0
0
0
0
0
0
0
0
0
0
0
0
0
0
0
0
Hint Data
0
0
0
0
0
0
0
0
0
0
0
0
0
0
0
0
0
0
0
0
0
0
0
0
0
0
0
0
0
0
0
0
0
0
0
0
0
0
0
0
0
0
0
0
0
0
0
0
0
0
0
0
0
0
0
0
0
0
0
0
0
0
0
0
0
0
0
0
0
0
0
0
0
0
0
0
0
0
0
0
0
0
0
0
0
0
0
0
0
0
0
0
0
0
0
0
0
0
0
0
0
0
0
0
0
0
0
0
0
0
0
0
0
0
0
0
0
0
0
0
0
Torque Data
-0.05735435289
-0.05508892758
-0.05376948696
-0.051227446859
-0.049644834896
-0.047391514236
-0.0456277185
-0.044009387622
-0.041423637371
-0.04039223049
-0.038263513612
-0.036189223812
-0.034570108584
-0.033090143139
-0.0311051891
-0.02947179266
-0.02732550963
-0.025443224001
-0.023361683191
-0.021440342352
-0.019443322228
-0.017731672832
-0.015329496882
-0.01328605187
-0.0115972445547
-0.0097368883141
-0.0077279371973
-0.0057852890112
-0.0038669554452
-0.0019411244524
-1.03487702446E-06
0.0019226859032
0.0038902044368
0.0058548515083
0.0078184849946
0.0095189166982
0.011643032856
0.01346684667
0.015300061106
0.017288606764
0.019079329383
0.021252357622
0.023264479476
0.024932928051
0.027055658487
0.029457324782
0.031193260176
0.03272247464
0.035096603808
0.03744436144
0.038422294911
0.04091768524
0.043145443228
0.045258682905
0.046749901238
0.048842421852
0.051686238912
0.052693569665
0.054236505407
0.056473578417
0.058924063892
0.057218292156
0.055854104992
0.05272898435
0.050954525628
0.049358495382
0.046050636116
0.044862227656
0.04368163536
0.041273407532
0.038774054916
0.036739429534
0.035229522003
0.033515320293
0.031760101856
0.0298492836
0.0273406771
0.025845393318
0.023473434732
0.02162802995
0.01958890032
0.017611428352
0.015713287964
0.01354783979
0.0118095937127
0.0098420631581
0.0079780740348
0.0059156187068
0.0039356987705
0.0019243192672
0.000002175053598
-0.0019764754274
-0.0039253361615
-0.0059048170848
-0.0079415813132
-0.0098347343445
-0.011850360046
-0.013675001298
-0.01540370348
-0.017819043612
-0.019360462796
-0.021694710555
-0.023895069816
-0.02547027074
-0.027377307552
-0.029272696145
-0.031682764356
-0.033135191496
-0.035762580791
-0.03724801922
-0.039550960449
-0.041500781426
-0.04367433924
-0.044617845888
-0.046469897038
-0.048868032902
-0.05069326164
-0.053143531903
-0.055118140128
-0.056541408784
-0.060041980332
dMdH Data
1.53218549403085E-07
-1.01363117756561E-07
-1.58934037572774E-07
3.94965537908298E-08
-7.83725396063373E-08
-9.17376184194744E-08
1.15784413867692E-07
3.59539789069967E-09
-4.90396158463386E-08
-1.20549918952993E-07
-3.90015600623986E-09
-1.45153550863725E-08
-6.68826105212646E-08
1.04565360849481E-07
-1.26470588235294E-07
-3.04248679788767E-08
2.86897545165359E-08
6.81463707258546E-08
-3.13680801295505E-08
2.03383729301655E-08
-5.35607061366641E-08
9.9688286776166E-08
-5.27611044417769E-08
-8.91962737911712E-08
1.00184661134827E-07
4.86632622409132E-08
-4.98911629078398E-08
7.00539060905477E-08
3.87873838930289E-08
4.52364593061409E-08
-7.07632222870912E-08
1.33525997697621E-07
1.0808442708052E-07
8.99701299168698E-09
1.4201680672269E-07
2.69953967387064E-07
6.83847767455799E-07
1.92602821975383E-06
2.57239723972397E-06
1.36305808929429E-06
5.93028139437212E-07
2.81173154201402E-07
1.17943790535669E-07
2.27539882451725E-07
4.33113377324525E-08
1.42728635682163E-08
9.66134262039128E-08
-2.00887502998298E-08
-1.00305957165999E-07
8.29329810233006E-08
1.97901049475258E-08
2.05845285962932E-08
-1.74006960278549E-09
-3.88145659607653E-08
4.9219687875144E-09
-3.59755366350695E-09
-7.00954209926191E-08
-4.66986794717887E-08
2.93341331733654E-08
-9.99460722631688E-08
-4.23505451060272E-08
5.29411764705889E-08
-1.96760647870434E-08
2.43536680463077E-08
-2.56748650269923E-08
-9.90871967331553E-09
-6.17654113696303E-09
-1.23762079106896E-07
1.21024840993639E-07
-1.41939357550284E-07
1.28674265146971E-07
-1.78721362600442E-08
1.41588672906153E-08
6.04187916241692E-08
-1.05348363113084E-07
6.97995438722835E-08
4.52309538092382E-08
-4.83793517406966E-08
1.34397312053761E-08
5.69198438907246E-08
-2.5084013442152E-08
2.8307544680341E-08
4.82101097319679E-08
2.48411426925614E-08
4.2825394918614E-08
-1.19947942592853E-09
6.9128844654955E-08
8.89798220403551E-08
3.07684925837737E-08
3.04103852643628E-08
1.00089016894151E-07
1.2200605533739E-07
7.15122742706232E-09
7.00160790995703E-08
3.04967556005579E-08
3.55973837994967E-07
5.85559636110512E-07
1.42683292368563E-06
2.65948249984991E-06
1.75725007505254E-06
8.65715484683172E-07
3.50233728874506E-07
1.71692899195002E-07
1.15885494808857E-07
1.22066854708036E-07
1.98776391554703E-07
-4.53181272509006E-08
9.12089230031181E-08
4.7955880589857E-08
2.54624069180883E-08
-7.32029281171226E-09
-2.26276934157614E-08
1.60787137029033E-08
1.67286245353161E-08
-6.0356735331211E-08
-2.69816524763184E-09
9.51092174747957E-08
-1.3207060094855E-07
6.68866226754644E-08
-3.41767598033355E-09
-3.41767598033355E-09
dMdT Data
0
0
0
0
0
0
0
0
0
0
0
0
0
0
0
0
0
0
0
0
0
0
0
0
0
0
0
0
0
0
0
0
0
0
0
0
0
0
0
0
0
0
0
0
0
0
0
0
0
0
0
0
0
0
0
0
0
0
0
0
0
0
0
0
0
0
0
0
0
0
0
0
0
0
0
0
0
0
0
0
0
0
0
0
0
0
0
0
0
0
0
0
0
0
0
0
0
0
0
0
0
0
0
0
0
0
0
0
0
0
0
0
0
0
0
0
0
0
0
0
0
 
*********************************************** Results ***************************************
 
TotalArea 3.15931784691927E-02
AreaFirstQuad 0
AreaSecondQuad 0
AreaThirdQuad 1.82726330478114E-02
AreaFourthQuad 1.33205454213813E-02
Coercivity 0
PositiveCoercivity 0
NegativeCoercivity 0
Retentivity 6.58573877205212E-05
PositiveRetentivity -1.19720368167926E-04
NegativeRetentivity -2.51435143608968E-04
Magnetization 0.0002616
PositiveMagnetization -0.0000998901
NegativeMagnetization -0.0002616
Flatness 2.81787301792143
Squareness 0.251748424008109
SStar 0
SFD1 0
SFD2 0
Slope 0
Intercept 0
SlopeAtHc -3.41767598033355E-09
dH1 0
dH2 50.0037
InitialSlope 1.53218549403085E-07
FieldAtHalfMs 0
FieldAtMs 449.999
MomentMean -1.84826637190083E-04
MomentRMS 7.02928978219399E-05
SFD3 0
dH3 0
UserField1 0
UserField2 0
CenterField 0
ExchangeField 0
ExchangeMoment 0
ExRegionOneIntercept 0
ExRegionOneSlope 0
ExRegionTwoIntercept 0
ExRegionTwoSlope 0
NegativeIntercept 0
NegativeSlope 0
AutoCenterOffset 0
PinningField 0
PinningMoment 0
PinRegionOneIntercept 0
PinRegionOneSlope 0
PinRegionTwoIntercept 0
PinRegionTwoSlope 0
PositiveIntercept 0
PositiveSlope 0
TotalOffset 0
BHMax 0
BCoercivity 0
BRetentivity 0
BNegativeCoercivity 0
BPositiveCoercivity 0
BNegativeRetentivity 0
BPositiveRetentivity 0
MomentYMean -1.16926867768595E-04
MomentYRMS 1.52379516855202E-06
YOffCorrection 0
Mrt 0
Ms1 0
Ms2 0
Ms3 0
Hc2 0
Hex2 0
HsatValue 0
HsatIntercept 0
HsatSlope 0
CenterH 0
Span .0001617099
SpanAsPercentOfRange -12.4392230769231
RMSAsPercentOfRange -5.40714598630307
SpanAsPercentOfMean -87.4927458825599
RMSAsPercentOfMean -38.0318004431624
