Version 1.25
******************************************** Units *******************************************
System CGS
TemperatureUnit K
MomentUnit emu
AppliedFieldUnit G
 
******************************************** Setup ********************************************
 
Experiment Hysteresis
Minor False
Acquisition PointByPoint
EditedPoint No
MaxField 500
FieldIncrement 16.6666666666667
Points 121
MinField 0
RampRate 500
AverageTime 3
TimeInterval 0
TimeConstant 0.3
TimeConstantIndex 1
Sensitivity -0.0013
SensitivityIndex 5
SensitivityY -4
SensitivityIndexY 0
SaturationField 8000
ExperimentTime 363
Use735Domains False
AutoRangeEnabled False
NumberOfVertices 3
VertexPts
0
60
120
VertexField
500
-500
500
StartAngle 0
EndAngle 0
AngleIncrement 0
StartTemp 0
FinishTemp 0
TempIncrement 0
TempPoints 0
LengthofSetPointsArray 121
SetPointArray
500
483.333333333333
466.666666666667
450
433.333333333333
416.666666666667
400
383.333333333333
366.666666666667
350
333.333333333333
316.666666666666
300
283.333333333333
266.666666666666
250
233.333333333333
216.666666666666
200
183.333333333333
166.666666666666
150
133.333333333333
116.666666666666
99.9999999999998
83.3333333333331
66.6666666666665
49.9999999999998
33.3333333333331
16.6666666666664
-2.20268248085631E-13
-16.6666666666669
-33.3333333333336
-50.0000000000002
-66.6666666666669
-83.3333333333336
-100
-116.666666666667
-133.333333333334
-150
-166.666666666667
-183.333333333334
-200
-216.666666666667
-233.333333333334
-250
-266.666666666667
-283.333333333334
-300
-316.666666666667
-333.333333333334
-350
-366.666666666667
-383.333333333334
-400
-416.666666666667
-433.333333333334
-450
-466.666666666667
-483.333333333334
-500
-483.333333333333
-466.666666666667
-450
-433.333333333333
-416.666666666667
-400
-383.333333333333
-366.666666666667
-350
-333.333333333333
-316.666666666666
-300
-283.333333333333
-266.666666666666
-250
-233.333333333333
-216.666666666666
-200
-183.333333333333
-166.666666666666
-150
-133.333333333333
-116.666666666666
-99.9999999999998
-83.3333333333331
-66.6666666666665
-49.9999999999998
-33.3333333333331
-16.6666666666664
2.20268248085631E-13
16.6666666666669
33.3333333333336
50.0000000000002
66.6666666666669
83.3333333333336
100
116.666666666667
133.333333333334
150
166.666666666667
183.333333333334
200
216.666666666667
233.333333333334
250
266.666666666667
283.333333333334
300
316.666666666667
333.333333333334
350
366.666666666667
383.333333333334
400
416.666666666667
433.333333333334
450
466.666666666667
483.333333333334
500
FieldDomainFile c:\Ideasvsm\Default UserID\Experiments\Jason_500G\fdomain.ini
TempDomainFile c:\Ideasvsm\Default UserID\Experiments\Jason_500G\tdomain.ini
NumSelectedResults 0
ResultsSelected 
UserName1 
UserValue1 
UserName2 
UserValue2 
LinearBackgroundCorrection Off
MaxLinearFieldCorrection 
MinLinearFieldCorrection 
AutoLinearCorrection Off
FitOneRegion Off
BackgroundMode Off
BackgroundFilename 
AutoCenter Off
OffsetCorrection 
SmoothDeriv Off
DerivOrder 0
DerivPoints 0
MinExFieldOne 
MaxExFieldOne 
MinExFieldTwo 
MaxExFieldTwo 
MinPinFieldOne 
MaxPinFieldOne 
MinPinFieldTwo 
MaxPinFieldTwo 
HCenterStart 
Mass 
Volume 
Density 
MolarWeight 
NumberOfMoles 
Demagnetization 
SampleArea 
Thickness 
MomentScaling 0
XAxis 0
YAxis 0
SimpleSpinValve False
HsatMax 0
HsatMin 0
FieldAutoRange False
 
*************************************************** Experiment Data ********************************************
 
DataPoints 121
MomentX Data
-0.0000995811
-0.0000973106
-0.000098835
-0.0000987281
-0.0000980261
-0.0000966249
-0.0000962408
-0.0000963637
-0.0000954645
-0.0000949257
-0.0000953805
-0.0000953506
-0.0000934823
-0.0000942042
-0.0000946055
-0.000094704
-0.0000945473
-0.0000934355
-0.000093627
-0.0000939226
-0.000093755
-0.0000937231
-0.0000931156
-0.0000939885
-0.0000927869
-0.0000942394
-0.0000937431
-0.0000956928
-0.0000973876
-0.000097749
-0.0000981826
-0.0000989845
-0.0000984055
-0.0000999842
-0.000101339
-0.000104722
-0.000109744
-0.000118126
-0.000151973
-0.000197799
-0.000218706
-0.000227084
-0.000233237
-0.000234279
-0.000236954
-0.00023869
-0.000240796
-0.000241315
-0.00023938
-0.00024117
-0.000241312
-0.000240105
-0.000241018
-0.000240511
-0.000240246
-0.000238329
-0.000240301
-0.000240662
-0.000239093
-0.000242003
-0.000238482
-0.000239745
-0.000240262
-0.000239552
-0.00023975
-0.000239745
-0.000240674
-0.000238322
-0.000238514
-0.000241075
-0.000239592
-0.000239239
-0.000239192
-0.000238966
-0.000240631
-0.000241062
-0.000240173
-0.000238948
-0.00023936
-0.000239403
-0.000239788
-0.000239235
-0.000237937
-0.000237238
-0.000236952
-0.000236018
-0.000236432
-0.000234908
-0.000233697
-0.000233646
-0.000233345
-0.000231323
-0.000232147
-0.000228807
-0.000229431
-0.000226236
-0.000221991
-0.000211161
-0.000189722
-0.000143699
-0.000113619
-0.00010254
-0.0000941066
-0.0000910597
-0.0000891693
-0.0000875873
-0.0000858058
-0.0000836738
-0.0000843522
-0.0000842408
-0.0000843331
-0.0000835374
-0.0000831635
-0.0000828937
-0.0000818572
-0.0000828529
-0.0000840842
-0.0000835111
-0.0000825786
-0.0000844083
-0.000083423
MomentY Data
-0.000120163
-0.000119257
-0.000119416
-0.000119654
-0.000119464
-0.000117524
-0.00011797
-0.000119416
-0.000119178
-0.000118971
-0.000118351
-0.000118987
-0.000118844
-0.000118907
-0.000118526
-0.000119956
-0.000120831
-0.000118494
-0.000120004
-0.000119766
-0.00011967
-0.000122118
-0.000121832
-0.000120751
-0.000120211
-0.000120926
-0.000120846
-0.000118128
-0.000118891
-0.000121657
-0.000120004
-0.000118558
-0.000119384
-0.000120417
-0.000119082
-0.000118574
-0.000118287
-0.000119114
-0.000118415
-0.000117175
-0.000119273
-0.000117985
-0.000118589
-0.000118828
-0.000117668
-0.000118494
-0.000116952
-0.000117095
-0.000119336
-0.000118462
-0.000117906
-0.000119178
-0.000118907
-0.000116682
-0.000116809
-0.000116269
-0.000115315
-0.000118574
-0.00011816
-0.000118335
-0.000119098
-0.000119972
-0.000117048
-0.000118589
-0.000118256
-0.00011843
-0.000117397
-0.00011754
-0.000118256
-0.000117111
-0.000117048
-0.000116412
-0.000116905
-0.000115474
-0.000116618
-0.00011603
-0.000114759
-0.00011611
-0.000115697
-0.000116936
-0.000116523
-0.000117016
-0.000119178
-0.000119178
-0.000115395
-0.000116809
-0.000118478
-0.000114107
-0.000117048
-0.000116682
-0.000117191
-0.000117461
-0.000115538
-0.000118303
-0.000117842
-0.000118701
-0.000118303
-0.000116746
-0.000118589
-0.000116507
-0.000118128
-0.000119702
-0.000121133
-0.000117699
-0.000119289
-0.000120147
-0.000120099
-0.000118208
-0.000119988
-0.000118097
-0.000118272
-0.000119241
-0.000117826
-0.000117509
-0.00011638
-0.000117636
-0.00011576
-0.000117318
-0.000117509
-0.000120481
-0.000119289
Field Data
500.002
483.343
466.653
449.993
433.337
416.659
400.002
383.333
366.674
349.996
333.334
316.66
299.99
283.326
266.671
249.988
233.328
216.674
199.986
183.318
166.658
149.994
133.323
116.666
100.004
83.321
66.6757
49.9876
33.3301
16.6641
-0.00309215
-16.6586
-33.3458
-50.0194
-66.6679
-83.3362
-100.014
-116.668
-133.337
-150
-166.679
-183.345
-199.995
-216.675
-233.334
-250.017
-266.672
-283.342
-300.017
-316.672
-333.341
-350.013
-366.666
-383.329
-400.003
-416.675
-433.341
-450.01
-466.68
-483.341
-500.007
-483.339
-466.677
-450
-433.333
-416.662
-400.012
-383.332
-366.666
-350.013
-333.339
-316.666
-300.005
-283.348
-266.67
-250.001
-233.342
-216.665
-199.992
-183.337
-166.671
-150.014
-133.343
-116.675
-100.009
-83.3339
-66.6829
-50.001
-33.3401
-16.6631
-0.00631722
16.6892
33.3156
49.9903
66.6769
83.3293
100.002
116.662
133.338
150.001
166.657
183.343
199.993
216.678
233.33
249.999
266.677
283.338
300.004
316.664
333.332
349.999
366.665
383.328
400.004
416.659
433.322
449.996
466.667
483.333
500.009
Time Data
0
10.374
20.748
31.122
41.481
51.886
62.245
72.634
83.008
93.367
103.741
114.115
124.473
134.847
145.206
155.564
165.954
176.328
186.718
197.107
207.497
217.871
228.214
238.604
248.978
259.336
269.71
280.1
290.458
300.879
311.269
321.643
332.002
342.376
352.765
363.139
373.482
383.872
394.246
404.604
414.978
425.337
435.711
446.085
456.428
466.849
477.223
487.566
497.924
508.298
518.704
529.078
539.436
549.841
560.231
570.621
580.995
591.353
601.743
612.101
622.475
632.865
643.239
653.598
663.972
674.346
684.767
695.125
705.499
715.904
726.278
736.668
747.058
757.432
767.806
778.18
788.538
798.913
809.302
819.723
830.113
840.487
850.876
861.219
871.625
882.014
892.373
902.747
913.105
923.495
933.9
944.29
954.711
965.1
975.474
985.895
996.285
1006.66
1017.06
1027.42
1037.83
1048.2
1058.56
1068.98
1079.32
1089.71
1100.1
1110.46
1120.85
1131.21
1141.58
1151.96
1162.32
1172.72
1183.1
1193.45
1203.84
1214.19
1224.55
1234.97
1245.34
Temperature Data
0
0
0
0
0
0
0
0
0
0
0
0
0
0
0
0
0
0
0
0
0
0
0
0
0
0
0
0
0
0
0
0
0
0
0
0
0
0
0
0
0
0
0
0
0
0
0
0
0
0
0
0
0
0
0
0
0
0
0
0
0
0
0
0
0
0
0
0
0
0
0
0
0
0
0
0
0
0
0
0
0
0
0
0
0
0
0
0
0
0
0
0
0
0
0
0
0
0
0
0
0
0
0
0
0
0
0
0
0
0
0
0
0
0
0
0
0
0
0
0
0
Angle Data
0
0
0
0
0
0
0
0
0
0
0
0
0
0
0
0
0
0
0
0
0
0
0
0
0
0
0
0
0
0
0
0
0
0
0
0
0
0
0
0
0
0
0
0
0
0
0
0
0
0
0
0
0
0
0
0
0
0
0
0
0
0
0
0
0
0
0
0
0
0
0
0
0
0
0
0
0
0
0
0
0
0
0
0
0
0
0
0
0
0
0
0
0
0
0
0
0
0
0
0
0
0
0
0
0
0
0
0
0
0
0
0
0
0
0
0
0
0
0
0
0
Bx Data
0
0
0
0
0
0
0
0
0
0
0
0
0
0
0
0
0
0
0
0
0
0
0
0
0
0
0
0
0
0
0
0
0
0
0
0
0
0
0
0
0
0
0
0
0
0
0
0
0
0
0
0
0
0
0
0
0
0
0
0
0
0
0
0
0
0
0
0
0
0
0
0
0
0
0
0
0
0
0
0
0
0
0
0
0
0
0
0
0
0
0
0
0
0
0
0
0
0
0
0
0
0
0
0
0
0
0
0
0
0
0
0
0
0
0
0
0
0
0
0
0
Hint Data
0
0
0
0
0
0
0
0
0
0
0
0
0
0
0
0
0
0
0
0
0
0
0
0
0
0
0
0
0
0
0
0
0
0
0
0
0
0
0
0
0
0
0
0
0
0
0
0
0
0
0
0
0
0
0
0
0
0
0
0
0
0
0
0
0
0
0
0
0
0
0
0
0
0
0
0
0
0
0
0
0
0
0
0
0
0
0
0
0
0
0
0
0
0
0
0
0
0
0
0
0
0
0
0
0
0
0
0
0
0
0
0
0
0
0
0
0
0
0
0
0
Torque Data
-0.060081740326
-0.057642036151
-0.055725834648
-0.053843462422
-0.051768171368
-0.048967432316
-0.04718823594
-0.045776093528
-0.043699473972
-0.041639374116
-0.039450412234
-0.03767842342
-0.03565201156
-0.033689444682
-0.031607446946
-0.029987560528
-0.028193255568
-0.025674568956
-0.023999119944
-0.021955263588
-0.01994396286
-0.018316967292
-0.016243007736
-0.014087536166
-0.012021580844
-0.010075675246
-0.0080574916422
-0.0059049352128
-0.0039626489191
-0.0020273044137
3.710703686E-07
0.0019750102988
0.0039809549872
0.0060231860898
0.0079389468678
0.0098815065788
0.011830356018
0.013896792152
0.015789100855
0.01757625
0.019880304367
0.021631959825
0.023717207055
0.0257470569
0.027455945112
0.029625514398
0.031187823744
0.03317793149
0.035802828712
0.037513598464
0.039302903946
0.041713849314
0.043599154062
0.044727594378
0.046723950427
0.048446385575
0.049970717415
0.05335948574
0.0551429088
0.057196157235
0.059549833686
0.057987146508
0.054623609496
0.05336505
0.051244227248
0.04934528066
0.046960208764
0.04505684328
0.043360454496
0.040990372443
0.039016663272
0.036863722392
0.035072084525
0.032719326952
0.03109852206
0.02900761603
0.026778094578
0.02515697315
0.023138474424
0.021438695432
0.019421004933
0.017554038224
0.015891552054
0.01390509315
0.011540538555
0.0097341495251
0.0079004566262
0.005705464107
0.0039023920248
0.0019442838342
7.4032132902E-07
-0.0019603301212
-0.0038492177928
-0.0059140024609
-0.0078573392498
-0.0098912712393
-0.011830536606
-0.013619821852
-0.015812420082
-0.017476166507
-0.019686858096
-0.021946523786
-0.024225752069
-0.025502783922
-0.02783370237
-0.030036629853
-0.032027641023
-0.033492818304
-0.035996879952
-0.037397068408
-0.039423842304
-0.041734230759
-0.04320267029
-0.045044489952
-0.04655246552
-0.049014098124
-0.05016135472
-0.052792630728
-0.054837572503
-0.058232443173
-0.059645573601
dMdH Data
-1.36292694639534E-07
9.13361294188134E-08
-6.41656662665048E-09
-4.21469740634002E-08
-8.40148698884764E-08
-2.30593744371733E-08
7.37296778450968E-09
-5.39768293414965E-08
-3.23060318983093E-08
2.72956427799789E-08
-1.79321098716592E-09
-1.12075584883023E-07
4.33209313490153E-08
2.40948664064848E-08
5.90421387040736E-09
-9.40576230492266E-09
-6.67587366398462E-08
1.14753116011509E-08
1.77345812335012E-08
-1.00600240096039E-08
-1.91430628900597E-09
-3.64405254633802E-08
5.24043945488389E-08
-7.21161925339099E-08
8.70646766169158E-08
-2.98162243996811E-08
1.16831754363889E-07
1.01743959177547E-07
2.16848673946962E-08
2.60151797673972E-08
4.81462353007741E-08
-3.46972529843231E-08
9.4682612033394E-08
8.13767006036581E-08
2.02960109909229E-07
3.01118852606459E-07
5.0330250990753E-07
2.0305357249985E-06
2.75016503630799E-06
1.25349241561245E-06
5.02700108004322E-07
3.69549549549548E-07
6.24700239808158E-08
1.6057386397743E-07
1.04058023137326E-07
1.26448513959771E-07
3.11337732453518E-08
-1.16041979010495E-07
1.07475232662863E-07
8.51880736696943E-09
-7.23968330134361E-08
5.48249564642996E-08
-3.04266938726512E-08
-1.58930070768861E-08
-1.14983205374281E-07
1.1832473298932E-07
2.16569680244761E-08
-9.4121175764846E-08
1.74659384190624E-07
-2.11268450738028E-07
-7.57739380849526E-08
-3.10286880326497E-08
4.25736043652942E-08
-1.1879762404752E-08
2.99922020274572E-10
-5.57957957957953E-08
1.41007194244603E-07
-1.1520460818432E-08
-1.53786104605776E-07
8.89408660189509E-08
2.11719546572303E-08
2.82095912610337E-09
1.35678693642317E-08
-9.98321141623699E-08
-2.58563801067856E-08
5.3364547691939E-08
7.3454458235893E-08
-2.47106099682126E-08
-2.58180726508553E-09
-2.31009240369609E-08
3.319925556823E-08
7.78597564633195E-08
4.19366450683946E-08
1.71606864274573E-08
5.60116581010002E-08
-2.48633715692743E-08
9.13565001588536E-08
7.26851490615761E-08
3.05810397553456E-09
1.80707165348527E-08
1.21110353956439E-07
-4.95597363229573E-08
2.003034537353E-07
-3.73952752507992E-08
1.91864235785833E-07
2.54607831964829E-07
6.50060024009604E-07
1.28562005277045E-06
2.7619876372802E-06
1.8059558117195E-06
6.63969795037757E-07
5.06510510510511E-07
1.82613125561881E-07
1.1352390103291E-07
9.49067130601716E-08
1.06817364192349E-07
1.27963507592581E-07
-4.07056282251288E-08
6.68667466986798E-09
-5.53755699544072E-09
4.77410451790965E-08
2.24348973958958E-08
1.61915621436714E-08
6.21551930918685E-08
-5.97838486940856E-08
-7.38942567364826E-08
3.4370876814202E-08
5.59354567812372E-08
-1.09786391455658E-07
5.90849124490285E-08
5.90849124490285E-08
dMdT Data
0
0
0
0
0
0
0
0
0
0
0
0
0
0
0
0
0
0
0
0
0
0
0
0
0
0
0
0
0
0
0
0
0
0
0
0
0
0
0
0
0
0
0
0
0
0
0
0
0
0
0
0
0
0
0
0
0
0
0
0
0
0
0
0
0
0
0
0
0
0
0
0
0
0
0
0
0
0
0
0
0
0
0
0
0
0
0
0
0
0
0
0
0
0
0
0
0
0
0
0
0
0
0
0
0
0
0
0
0
0
0
0
0
0
0
0
0
0
0
0
0
 
*********************************************** Results ***************************************
 
TotalArea 3.52006482647459E-02
AreaFirstQuad 0
AreaSecondQuad 0
AreaThirdQuad 1.91900432391769E-02
AreaFourthQuad 1.60106050255691E-02
Coercivity 0
PositiveCoercivity 0
NegativeCoercivity 0
Retentivity 6.75808576810439E-05
PositiveRetentivity -9.81825195571619E-05
NegativeRetentivity -2.3334423491925E-04
Magnetization 0.000242003
PositiveMagnetization -0.0000818572
NegativeMagnetization -0.000242003
Flatness 2.45281552981387
Squareness 0.279256280628934
SStar 0
SFD1 0
SFD2 0
Slope 0
Intercept 0
SlopeAtHc 5.90849124490285E-08
dH1 0
dH2 33.331
InitialSlope -1.36292694639534E-07
FieldAtHalfMs 0
FieldAtMs 400.004
MomentMean -1.64753630578512E-04
MomentRMS 7.10876957722641E-05
SFD3 0
dH3 0
UserField1 0
UserField2 0
CenterField 0
ExchangeField 0
ExchangeMoment 0
ExRegionOneIntercept 0
ExRegionOneSlope 0
ExRegionTwoIntercept 0
ExRegionTwoSlope 0
NegativeIntercept 0
NegativeSlope 0
AutoCenterOffset 0
PinningField 0
PinningMoment 0
PinRegionOneIntercept 0
PinRegionOneSlope 0
PinRegionTwoIntercept 0
PinRegionTwoSlope 0
PositiveIntercept 0
PositiveSlope 0
TotalOffset 0
BHMax 0
BCoercivity 0
BRetentivity 0
BNegativeCoercivity 0
BPositiveCoercivity 0
BNegativeRetentivity 0
BPositiveRetentivity 0
MomentYMean -1.18310148760331E-04
MomentYRMS 1.52669419913942E-06
YOffCorrection 0
Mrt 0
Ms1 0
Ms2 0
Ms3 0
Hc2 0
Hex2 0
HsatValue 0
HsatIntercept 0
HsatSlope 0
CenterH 0
Span .0001601458
SpanAsPercentOfRange -12.3189076923077
RMSAsPercentOfRange -5.46828429017416
SpanAsPercentOfMean -97.2031993696694
RMSAsPercentOfMean -43.1478781515456
