Version 1.25
******************************************** Units *******************************************
System CGS
TemperatureUnit K
MomentUnit emu
AppliedFieldUnit G
 
******************************************** Setup ********************************************
 
Experiment Hysteresis
Minor False
Acquisition PointByPoint
EditedPoint No
MaxField 500
FieldIncrement 16.6666666666667
Points 121
MinField 0
RampRate 500
AverageTime 3
TimeInterval 0
TimeConstant 0.3
TimeConstantIndex 1
Sensitivity -0.0013
SensitivityIndex 5
SensitivityY -4
SensitivityIndexY 0
SaturationField 8000
ExperimentTime 363
Use735Domains False
AutoRangeEnabled False
NumberOfVertices 3
VertexPts
0
60
120
VertexField
500
-500
500
StartAngle 0
EndAngle 0
AngleIncrement 0
StartTemp 0
FinishTemp 0
TempIncrement 0
TempPoints 0
LengthofSetPointsArray 121
SetPointArray
500
483.333333333333
466.666666666667
450
433.333333333333
416.666666666667
400
383.333333333333
366.666666666667
350
333.333333333333
316.666666666666
300
283.333333333333
266.666666666666
250
233.333333333333
216.666666666666
200
183.333333333333
166.666666666666
150
133.333333333333
116.666666666666
99.9999999999998
83.3333333333331
66.6666666666665
49.9999999999998
33.3333333333331
16.6666666666664
-2.20268248085631E-13
-16.6666666666669
-33.3333333333336
-50.0000000000002
-66.6666666666669
-83.3333333333336
-100
-116.666666666667
-133.333333333334
-150
-166.666666666667
-183.333333333334
-200
-216.666666666667
-233.333333333334
-250
-266.666666666667
-283.333333333334
-300
-316.666666666667
-333.333333333334
-350
-366.666666666667
-383.333333333334
-400
-416.666666666667
-433.333333333334
-450
-466.666666666667
-483.333333333334
-500
-483.333333333333
-466.666666666667
-450
-433.333333333333
-416.666666666667
-400
-383.333333333333
-366.666666666667
-350
-333.333333333333
-316.666666666666
-300
-283.333333333333
-266.666666666666
-250
-233.333333333333
-216.666666666666
-200
-183.333333333333
-166.666666666666
-150
-133.333333333333
-116.666666666666
-99.9999999999998
-83.3333333333331
-66.6666666666665
-49.9999999999998
-33.3333333333331
-16.6666666666664
2.20268248085631E-13
16.6666666666669
33.3333333333336
50.0000000000002
66.6666666666669
83.3333333333336
100
116.666666666667
133.333333333334
150
166.666666666667
183.333333333334
200
216.666666666667
233.333333333334
250
266.666666666667
283.333333333334
300
316.666666666667
333.333333333334
350
366.666666666667
383.333333333334
400
416.666666666667
433.333333333334
450
466.666666666667
483.333333333334
500
FieldDomainFile c:\Ideasvsm\Default UserID\Experiments\Jason_500G\fdomain.ini
TempDomainFile c:\Ideasvsm\Default UserID\Experiments\Jason_500G\tdomain.ini
NumSelectedResults 0
ResultsSelected 
UserName1 
UserValue1 
UserName2 
UserValue2 
LinearBackgroundCorrection Off
MaxLinearFieldCorrection 
MinLinearFieldCorrection 
AutoLinearCorrection Off
FitOneRegion Off
BackgroundMode Off
BackgroundFilename 
AutoCenter Off
OffsetCorrection 
SmoothDeriv Off
DerivOrder 0
DerivPoints 0
MinExFieldOne 
MaxExFieldOne 
MinExFieldTwo 
MaxExFieldTwo 
MinPinFieldOne 
MaxPinFieldOne 
MinPinFieldTwo 
MaxPinFieldTwo 
HCenterStart 
Mass 
Volume 
Density 
MolarWeight 
NumberOfMoles 
Demagnetization 
SampleArea 
Thickness 
MomentScaling 0
XAxis 0
YAxis 0
SimpleSpinValve False
HsatMax 0
HsatMin 0
FieldAutoRange False
 
*************************************************** Experiment Data ********************************************
 
DataPoints 121
MomentX Data
-0.0000663774
-0.0000652051
-0.0000642689
-0.0000646754
-0.0000634475
-0.0000626327
-0.0000635218
-0.0000605984
-0.0000602537
-0.0000625261
-0.0000582371
-0.0000587778
-0.0000572134
-0.0000572238
-0.0000573085
-0.0000552747
-0.0000570414
-0.0000549693
-0.0000566241
-0.0000545921
-0.0000532023
-0.0000543609
-0.0000538615
-0.0000518906
-0.0000542027
-0.0000549807
-0.0000545236
-0.0000548855
-0.0000567984
-0.0000582683
-0.0000619791
-0.0000685329
-0.0000804896
-0.0000982745
-0.000109981
-0.000124213
-0.000153619
-0.00018938
-0.000211917
-0.000223448
-0.000226857
-0.000229695
-0.000228252
-0.000231209
-0.000231242
-0.000230161
-0.000229742
-0.000229599
-0.000230433
-0.000231085
-0.000229433
-0.000230411
-0.00022811
-0.000228171
-0.000226707
-0.000226957
-0.000224485
-0.000224573
-0.00022349
-0.00022376
-0.000220748
-0.000223322
-0.000222867
-0.00022475
-0.000223112
-0.000225575
-0.000225326
-0.000225319
-0.000225512
-0.000225827
-0.000226834
-0.000226362
-0.000225891
-0.00022539
-0.000224961
-0.000227006
-0.000225404
-0.00022642
-0.000226849
-0.000226222
-0.000226333
-0.000224915
-0.000224885
-0.000224257
-0.000224813
-0.000223156
-0.000222511
-0.000220076
-0.000217998
-0.000217034
-0.00021531
-0.000208567
-0.000199685
-0.000182744
-0.000167148
-0.000154049
-0.000127037
-0.0000914234
-0.0000631584
-0.0000508399
-0.0000454292
-0.0000412659
-0.0000404707
-0.0000393799
-0.0000361668
-0.0000369675
-0.0000352647
-0.0000363089
-0.0000356405
-0.0000350155
-0.0000365522
-0.0000350257
-0.0000344394
-0.0000360733
-0.0000342815
-0.0000362288
-0.0000364339
-0.0000352176
-0.0000378527
-0.0000375615
-0.0000375347
MomentY Data
-0.000123421
-0.000123135
-0.00012339
-0.000119193
-0.000121514
-0.000122595
-0.000122118
-0.000121117
-0.000121212
-0.000122929
-0.000124089
-0.000123803
-0.000123151
-0.000123882
-0.000122325
-0.000124884
-0.000124868
-0.000123151
-0.00012358
-0.000124868
-0.000122849
-0.000124677
-0.000122436
-0.000123119
-0.000122579
-0.000120242
-0.000125265
-0.000124502
-0.00012393
-0.000123723
-0.000123739
-0.000125519
-0.000124677
-0.000122658
-0.000122627
-0.000122881
-0.000124311
-0.000124741
-0.000125297
-0.000121228
-0.000121244
-0.000124884
-0.000122341
-0.000121482
-0.0001218
-0.000123262
-0.000122245
-0.000122007
-0.000123215
-0.000121673
-0.00012207
-0.000123739
-0.000122992
-0.000121816
-0.000124502
-0.00012482
-0.000122102
-0.000124121
-0.000122992
-0.000124804
-0.000124518
-0.000123692
-0.000122515
-0.000123199
-0.00012296
-0.000122023
-0.000121498
-0.000121657
-0.000122627
-0.000124248
-0.000121991
-0.00012207
-0.000120544
-0.000121133
-0.000118605
-0.000120735
-0.000121148
-0.000120862
-0.000120719
-0.000121196
-0.000122579
-0.000121514
-0.000123501
-0.00012064
-0.000121212
-0.000122261
-0.000121069
-0.00012215
-0.000123008
-0.000123103
-0.000121832
-0.000121721
-0.000121005
-0.000120703
-0.000121752
-0.000119623
-0.000121848
-0.000121625
-0.000118653
-0.00012126
-0.000120799
-0.00011994
-0.00012064
-0.000121784
-0.000122054
-0.000121498
-0.000121943
-0.000121228
-0.000119861
-0.000119464
-0.000121323
-0.000121482
-0.000121832
-0.000122579
-0.000123215
-0.000120735
-0.000123342
-0.000123469
-0.000121943
-0.000122054
-0.000120942
Field Data
499.995
483.327
466.65
450.005
433.336
416.659
399.988
383.329
366.655
349.999
333.326
316.66
300.007
283.322
266.662
249.995
233.324
216.657
199.996
183.324
166.662
149.984
133.346
116.672
100.002
83.3511
66.6441
49.9959
33.3361
16.6586
-0.00931098
-16.6764
-33.3396
-50.0065
-66.6647
-83.3362
-100.01
-116.669
-133.342
-150.005
-166.669
-183.336
-200.01
-216.661
-233.326
-250.005
-266.667
-283.338
-300.01
-316.671
-333.34
-350.001
-366.663
-383.34
-400.003
-416.661
-433.346
-450.003
-466.656
-483.342
-500.012
-483.326
-466.668
-450.004
-433.332
-416.659
-400.009
-383.342
-366.676
-350.001
-333.342
-316.662
-300.001
-283.344
-266.671
-250
-233.344
-216.673
-200.004
-183.342
-166.672
-150.003
-133.333
-116.684
-99.9951
-83.3249
-66.6692
-49.991
-33.3333
-16.6777
-0.0033005
16.6717
33.3284
49.9982
66.6503
83.334
100.01
116.661
133.332
149.985
166.671
183.332
199.985
216.663
233.332
249.996
266.664
283.336
299.99
316.661
333.332
349.985
366.671
383.323
400
416.668
433.334
450.006
466.679
483.322
499.999
Time Data
0
10.374
20.748
31.106
41.496
51.87
62.275
72.618
83.023
93.413
103.772
114.146
124.52
134.894
145.237
155.611
166.016
176.39
186.748
197.123
207.481
217.839
228.198
238.572
248.962
259.32
269.663
280.068
290.442
300.816
311.222
321.611
332.001
342.375
352.718
363.139
373.513
383.887
394.261
404.619
415.009
425.352
435.742
446.163
456.521
466.926
477.316
487.674
498.064
508.438
518.797
529.233
539.607
549.997
560.34
570.729
581.15
591.509
601.883
612.257
622.615
633.005
643.363
653.753
664.127
674.486
684.844
695.203
705.592
715.982
726.34
736.714
747.104
757.478
767.868
778.257
788.616
799.006
809.411
819.769
830.19
840.549
850.938
861.328
871.702
882.076
892.45
902.824
913.198
923.557
933.931
944.305
954.663
965.053
975.412
985.786
996.16
1006.53
1016.91
1027.3
1037.66
1048.06
1058.42
1068.81
1079.2
1089.54
1099.93
1110.31
1120.69
1131.1
1141.47
1151.85
1162.24
1172.58
1182.97
1193.34
1203.77
1214.17
1224.53
1234.9
1245.28
Temperature Data
0
0
0
0
0
0
0
0
0
0
0
0
0
0
0
0
0
0
0
0
0
0
0
0
0
0
0
0
0
0
0
0
0
0
0
0
0
0
0
0
0
0
0
0
0
0
0
0
0
0
0
0
0
0
0
0
0
0
0
0
0
0
0
0
0
0
0
0
0
0
0
0
0
0
0
0
0
0
0
0
0
0
0
0
0
0
0
0
0
0
0
0
0
0
0
0
0
0
0
0
0
0
0
0
0
0
0
0
0
0
0
0
0
0
0
0
0
0
0
0
0
Angle Data
0
0
0
0
0
0
0
0
0
0
0
0
0
0
0
0
0
0
0
0
0
0
0
0
0
0
0
0
0
0
0
0
0
0
0
0
0
0
0
0
0
0
0
0
0
0
0
0
0
0
0
0
0
0
0
0
0
0
0
0
0
0
0
0
0
0
0
0
0
0
0
0
0
0
0
0
0
0
0
0
0
0
0
0
0
0
0
0
0
0
0
0
0
0
0
0
0
0
0
0
0
0
0
0
0
0
0
0
0
0
0
0
0
0
0
0
0
0
0
0
0
Bx Data
0
0
0
0
0
0
0
0
0
0
0
0
0
0
0
0
0
0
0
0
0
0
0
0
0
0
0
0
0
0
0
0
0
0
0
0
0
0
0
0
0
0
0
0
0
0
0
0
0
0
0
0
0
0
0
0
0
0
0
0
0
0
0
0
0
0
0
0
0
0
0
0
0
0
0
0
0
0
0
0
0
0
0
0
0
0
0
0
0
0
0
0
0
0
0
0
0
0
0
0
0
0
0
0
0
0
0
0
0
0
0
0
0
0
0
0
0
0
0
0
0
Hint Data
0
0
0
0
0
0
0
0
0
0
0
0
0
0
0
0
0
0
0
0
0
0
0
0
0
0
0
0
0
0
0
0
0
0
0
0
0
0
0
0
0
0
0
0
0
0
0
0
0
0
0
0
0
0
0
0
0
0
0
0
0
0
0
0
0
0
0
0
0
0
0
0
0
0
0
0
0
0
0
0
0
0
0
0
0
0
0
0
0
0
0
0
0
0
0
0
0
0
0
0
0
0
0
0
0
0
0
0
0
0
0
0
0
0
0
0
0
0
0
0
0
Torque Data
-0.061709882895
-0.059514470145
-0.0575799435
-0.053637445965
-0.052656390704
-0.051080310105
-0.048845734584
-0.046427658493
-0.04444298586
-0.043025027071
-0.041362090014
-0.03920345798
-0.036946162057
-0.035098496004
-0.03261942915
-0.03122037558
-0.029134701232
-0.026681526207
-0.02471550568
-0.022891301232
-0.020474260038
-0.018699555168
-0.016326350856
-0.014364539968
-0.012258145158
-0.0100223029662
-0.0083481731865
-0.0062245895418
-0.004131342873
-0.0020610519678
1.15213135422E-06
0.0020932050516
0.0041566813092
0.006133697277
0.0081748921669
0.0102404355922
0.01243234311
0.014553407729
0.016707352574
0.01818480614
0.020207616236
0.022895733024
0.02446942341
0.026320411602
0.0284191068
0.03081611631
0.032598707415
0.034569219366
0.03696573215
0.038530310583
0.0406908138
0.043308773739
0.045096615696
0.04669694544
0.049801173506
0.05200762602
0.052912413292
0.055854822363
0.057394954752
0.060323014968
0.062260494216
0.059783559592
0.05717383002
0.055440042796
0.05328250272
0.050841981157
0.048600293482
0.046636237694
0.044964377852
0.043486924248
0.040664723922
0.03865493034
0.036163320544
0.034322308752
0.031628513955
0.03018375
0.028269158912
0.026187532126
0.024144282876
0.022220317032
0.020430487088
0.018227464542
0.016466758833
0.01407675776
0.0121206060612
0.0101873855989
0.0080715733748
0.00610640065
0.0041002625664
0.0020530749031
0.000000402106516
-0.0020292959957
-0.004032903042
-0.0060349327346
-0.0081148073256
-0.009968663082
-0.01218601848
-0.014188894125
-0.015820241796
-0.0181871811
-0.020133690129
-0.02198884008
-0.0241261904
-0.026386086792
-0.028479103928
-0.030374014008
-0.032517808152
-0.034348256608
-0.03595710139
-0.037829589704
-0.040440838236
-0.04251687777
-0.044672261272
-0.046987350017
-0.049286
-0.05030641098
-0.053448282228
-0.055561790814
-0.056908237297
-0.058991383388
-0.060470879058
dMdH Data
-7.03323734101273E-08
-5.61371949391381E-08
2.44217482727548E-08
-7.36636870838085E-08
-4.88577082209028E-08
5.33321336452525E-08
-1.75484722972568E-07
-2.0672903922274E-08
1.36431316042267E-07
-2.57242247945781E-07
3.24432977319093E-08
-9.39410316459497E-08
6.23314354210517E-10
5.08403361344554E-09
-1.2202555948881E-07
1.05974446643873E-07
-1.24323513529729E-07
9.93217694015963E-08
-1.21880998080614E-07
-8.34113551794505E-08
6.94687612423556E-08
-3.00156268782308E-08
-1.18201991123905E-07
1.3869826034793E-07
4.67242010942351E-08
-2.73597893098701E-08
2.17380857990654E-08
1.14821306378228E-07
8.81367111377603E-08
2.22631378608431E-07
3.93218035383121E-07
7.17551250660137E-07
1.06707906089315E-06
7.02746995473701E-07
8.53672434993851E-07
1.76360517698425E-06
2.1466474578306E-06
1.3517063515864E-06
6.92012242693394E-07
2.04572731637062E-07
1.7027659446811E-07
-8.65419215545165E-08
1.77586931715812E-07
1.98019801980226E-09
-6.48120390910725E-08
-2.51470411715271E-08
-8.57776977985732E-09
5.0023992322456E-08
3.91333053238097E-08
-9.91061251424796E-08
5.86999579857153E-08
-1.38098667626935E-07
3.65773220603135E-09
-8.78593290523905E-08
1.50078040581089E-08
-1.48157027270003E-07
5.28306417722299E-09
-6.50333273284094E-08
1.61812297734642E-08
-1.80683863227355E-07
-1.54261057173679E-07
2.73142033857611E-08
-1.12998079692751E-07
9.82485604606516E-08
-1.47723864931326E-07
1.49549549549544E-08
4.19991600168104E-10
-1.15804632185289E-08
-1.88905547226386E-08
-6.04478059907557E-08
2.8297362110312E-08
2.82696116679665E-08
3.00774449180526E-08
2.57302225154445E-08
-1.22668106292364E-07
9.61815561959647E-08
-6.09441545198236E-08
-2.57363969044337E-08
3.76305365502345E-08
-6.6586682663475E-09
8.5068090467334E-08
1.7996400719863E-09
3.77199831821728E-08
-3.33155570468994E-08
9.93989274273863E-08
3.87254813667388E-08
1.45998968713649E-07
1.24747113947304E-07
5.78784312783688E-08
1.03392029200213E-07
4.04377798969181E-07
5.33238876848355E-07
1.01626894143901E-06
9.36578569669892E-07
7.8513758938365E-07
1.61981290477333E-06
2.13882649690709E-06
1.69545918061304E-06
7.39716567585419E-07
3.2426585161213E-07
2.4988296020647E-07
4.77511559478773E-08
6.54035256025902E-08
1.92759013738077E-07
-4.8049687950072E-08
1.02159827213823E-07
-6.26319577735123E-08
4.01345022216886E-08
3.74902525343412E-08
-9.21780337112352E-08
9.16651654356571E-08
3.51372408006712E-08
-9.81203459043958E-08
1.07441386340469E-07
-1.16828653707703E-07
-1.23064922596901E-08
7.29546545105566E-08
-1.58045942541834E-07
1.7496845520639E-08
1.60700365773248E-09
1.60700365773248E-09
dMdT Data
0
0
0
0
0
0
0
0
0
0
0
0
0
0
0
0
0
0
0
0
0
0
0
0
0
0
0
0
0
0
0
0
0
0
0
0
0
0
0
0
0
0
0
0
0
0
0
0
0
0
0
0
0
0
0
0
0
0
0
0
0
0
0
0
0
0
0
0
0
0
0
0
0
0
0
0
0
0
0
0
0
0
0
0
0
0
0
0
0
0
0
0
0
0
0
0
0
0
0
0
0
0
0
0
0
0
0
0
0
0
0
0
0
0
0
0
0
0
0
0
0
 
*********************************************** Results ***************************************
 
TotalArea 1.87831692924694E-02
AreaFirstQuad 0
AreaSecondQuad 0
AreaThirdQuad 0.012690338891683
AreaFourthQuad 6.09283040078639E-03
Coercivity 0
PositiveCoercivity 0
NegativeCoercivity 0
Retentivity 7.6665819133694E-05
PositiveRetentivity -6.19770270836864E-05
NegativeRetentivity -2.15308665351074E-04
Magnetization 0.000231242
PositiveMagnetization -0.0000342815
NegativeMagnetization -0.000231242
Flatness 1.80840494217648
Squareness 0.331539335993003
SStar 0
SFD1 0
SFD2 0
Slope 0
Intercept 0
SlopeAtHc 1.60700365773248E-09
dH1 0
dH2 50.0075
InitialSlope -7.03323734101273E-08
FieldAtHalfMs 0
FieldAtMs 400
MomentMean -1.37212375206612E-04
MomentRMS 8.45195458225998E-05
SFD3 0
dH3 277.904397021497
UserField1 0
UserField2 0
CenterField 0
ExchangeField 0
ExchangeMoment 0
ExRegionOneIntercept 0
ExRegionOneSlope 0
ExRegionTwoIntercept 0
ExRegionTwoSlope 0
NegativeIntercept 0
NegativeSlope 0
AutoCenterOffset 0
PinningField 0
PinningMoment 0
PinRegionOneIntercept 0
PinRegionOneSlope 0
PinRegionTwoIntercept 0
PinRegionTwoSlope 0
PositiveIntercept 0
PositiveSlope 0
TotalOffset 0
BHMax 0
BCoercivity 0
BRetentivity 0
BNegativeCoercivity 0
BPositiveCoercivity 0
BNegativeRetentivity 0
BPositiveRetentivity 0
MomentYMean -1.22392247933884E-04
MomentYRMS 1.48074914193791E-06
YOffCorrection 0
Mrt 0
Ms1 0
Ms2 0
Ms3 0
Hc2 0
Hex2 0
HsatValue 0
HsatIntercept 0
HsatSlope 0
CenterH 0
Span .0001969605
SpanAsPercentOfRange -15.1508076923077
RMSAsPercentOfRange -6.50150352481537
SpanAsPercentOfMean -143.544268294621
RMSAsPercentOfMean -61.597611509408
