Version 1.25
******************************************** Units *******************************************
System CGS
TemperatureUnit K
MomentUnit emu
AppliedFieldUnit G
 
******************************************** Setup ********************************************
 
Experiment CustomField
Minor False
Acquisition PointByPoint
EditedPoint No
MaxField 15000
FieldIncrement 681.818181818182
Points 101
MinField 0
RampRate 0
AverageTime 5
TimeInterval 10
TimeConstant 1
TimeConstantIndex 2
Sensitivity -0.0015
SensitivityIndex 5
SensitivityY -4
SensitivityIndexY 0
SaturationField 8000
ExperimentTime 505
Use735Domains False
AutoRangeEnabled False
NumberOfVertices 11
VertexPts
0
8
17
33
42
50
58
67
83
92
100
VertexField
15000
5000
500
-500
-5000
-15000
-5000
-500
500
5000
15000
StartAngle 0
EndAngle 0
AngleIncrement 0
StartTemp 0
FinishTemp 0
TempIncrement 0
TempPoints 0
LengthofSetPointsArray 101
SetPointArray
15000
13750
12500
11250
10000
8750
7500
6250
5000
4500
4000
3500
3000
2500
2000
1500
1000
500
437.5
375
312.5
250
187.5
125
62.5
0
-62.5
-125
-187.5
-250
-312.5
-375
-437.5
-500
-1000
-1500
-2000
-2500
-3000
-3500
-4000
-4500
-5000
-6250
-7500
-8750
-10000
-11250
-12500
-13750
-15000
-13750
-12500
-11250
-10000
-8750
-7500
-6250
-5000
-4500
-4000
-3500
-3000
-2500
-2000
-1500
-1000
-500
-437.5
-375
-312.5
-250
-187.5
-125
-62.5
0
62.5
125
187.5
250
312.5
375
437.5
500
1000
1500
2000
2500
3000
3500
4000
4500
5000
6250
7500
8750
10000
11250
12500
13750
15000
FieldDomainFile c:\Ideasvsm\Default UserID\Experiments\Jason_1p5T_cus\fdomain.ini
TempDomainFile c:\Ideasvsm\Default UserID\Experiments\Jason_1p5T_cus\tdomain.ini
NumSelectedResults 0
ResultsSelected 
UserName1 
UserValue1 
UserName2 
UserValue2 
LinearBackgroundCorrection Off
MaxLinearFieldCorrection 
MinLinearFieldCorrection 
AutoLinearCorrection Off
FitOneRegion Off
BackgroundMode Off
BackgroundFilename 
AutoCenter Off
OffsetCorrection 
SmoothDeriv Off
DerivOrder 0
DerivPoints 0
MinExFieldOne 
MaxExFieldOne 
MinExFieldTwo 
MaxExFieldTwo 
MinPinFieldOne 
MaxPinFieldOne 
MinPinFieldTwo 
MaxPinFieldTwo 
HCenterStart 
Mass 
Volume 
Density 
MolarWeight 
NumberOfMoles 
Demagnetization 
SampleArea 
Thickness 
MomentScaling 0
XAxis 0
YAxis 0
SimpleSpinValve False
HsatMax 0
HsatMin 0
FieldAutoRange True
 
*************************************************** Experiment Data ********************************************
 
DataPoints 101
MomentX Data
0.0000481583
0.0000761705
0.000114338
0.00015446
0.000183419
0.000219631
0.000258366
0.000296868
0.000335467
0.00034529
0.000362911
0.000379461
0.000397274
0.000410369
0.000426089
0.000437832
0.000450648
0.000461322
0.000462434
0.000459953
0.000460454
0.000460015
0.000457684
0.000452662
0.000447459
0.000428796
0.000319607
0.0000872974
0.0000808639
0.0000804179
0.00007839
0.0000773589
0.0000791643
0.0000788369
0.0000902112
0.00010318
0.00011964
0.000134063
0.000152366
0.000171378
0.000187233
0.000203293
0.000214241
0.000254996
0.000291236
0.000320972
0.000360585
0.000401597
0.000439121
0.000473873
0.000505779
0.000470119
0.00043425
0.000394987
0.000359807
0.000320026
0.000279908
0.000249057
0.000202578
0.000184908
0.00016512
0.000147795
0.000133255
0.000116638
0.000103482
0.0000851184
0.0000670452
0.0000586105
0.0000592265
0.0000559566
0.0000559747
0.0000553655
0.0000557411
0.0000574553
0.0000632609
0.0000803901
0.000176829
0.000419594
0.000425148
0.000427743
0.000427235
0.00042444
0.000423584
0.000421645
0.000408771
0.00039588
0.000380942
0.000359377
0.000345683
0.000325648
0.00030803
0.000291793
0.000275211
0.000237058
0.000199349
0.000155239
0.000117242
0.0000813733
0.0000487183
0.0000104811
-0.0000199615
MomentY Data
0.00000449181
-0.0000000190735
0.000000724792
0.000000314713
0.0000021553
0.0000031662
-0.00000155449
-0.00000141144
-0.00000163078
-0.000000391006
-0.00000292778
-0.00000108719
-0.00000107765
-0.00000247955
-0.00000287056
-0.00000430107
-0.00000470161
-0.00000311852
-0.00000333786
-0.00000398636
-0.00000197411
-0.00000135422
-0.00000213623
-0.00000164032
-0.00000148773
-0.00000296593
-0.00000163078
-0.0000028038
-0.00000156403
-0.000000972748
-0.00000104904
-0.000000677109
-0.000000743866
-0.00000329018
-0.0000028801
-0.00000484467
-0.00000346184
-0.00000160217
-0.000000123978
-0.00000164032
0.00000120163
-0.00000166893
-0.00000400543
-0.00000413895
-0.00000403404
-0.00000151634
-0.00000185966
-0.00000299454
-0.00000466347
-0.00000422478
-0.00000504494
-0.00000559807
-0.00000273705
-0.00000512123
-0.0000028038
-0.0000020504
-0.00000264168
-0.00000347137
-0.00000127792
-0.000000038147
-0.000000982285
-0.0000024128
0.00000112534
-0.0000000476837
-0.00000411034
-0.0000019455
-0.00000171661
-0.00000289917
-0.00000384331
-0.00000448227
-0.00000415802
-0.0000037384
-0.00000346184
-0.00000236511
-0.00000275612
-0.00000558853
-0.00000524521
-0.0000075531
-0.00000507355
-0.00000390053
-0.00000583649
-0.00000622749
-0.00000536919
-0.00000267029
-0.00000412941
-0.000004282
-0.0000050354
-0.00000331879
-0.000000514984
0.0000000953674
-0.00000177383
-0.000000867844
0.000000905991
-0.000000600815
-0.00000164032
-0.00000000953674
-0.00000195503
-0.00000224113
0.00000335693
-0.0000000190735
0.00000247955
Field Data
14755.3
13750
12500
11250
9999.98
8749.96
7499.96
6249.96
4999.97
4499.97
3999.97
3499.97
2999.97
2499.97
1999.97
1499.97
999.975
499.974
437.49
374.993
312.49
249.992
187.491
124.993
62.488
-0.00767037
-62.5069
-125.008
-187.505
-250.012
-312.504
-375.006
-437.507
-500.005
-1000.02
-1500.03
-2000.03
-2500.03
-3000.04
-3500.04
-4000.05
-4500.03
-5000.04
-6250.07
-7500.06
-8750.04
-10000
-11250
-12500
-13750
-14759.7
-13750
-12500
-11250
-9999.99
-8749.97
-7499.97
-6249.96
-4999.96
-4499.97
-3999.97
-3499.99
-2999.98
-2499.98
-1999.98
-1499.97
-999.971
-499.971
-437.487
-374.988
-312.491
-249.99
-187.494
-124.989
-62.4948
0.0122041
62.508
125.009
187.507
250.009
312.512
375.011
437.509
500.007
1000.02
1500.02
2000.03
2500.04
3000.04
3500.03
4000.04
4500.03
5000.04
6250.06
7500.05
8750.04
10000
11250
12500
13750
14760.2
Time Data
0
13.494
27.019
40.529
54.038
67.579
81.12
94.63
108.171
120.666
133.178
146.703
159.183
171.71
184.19
196.67
209.197
221.693
234.157
246.668
260.194
272.658
285.154
297.634
310.114
322.625
335.09
347.57
360.034
372.577
385.088
398.645
411.14
423.636
436.116
448.612
461.123
473.603
486.114
498.657
512.182
524.693
537.205
550.714
565.254
578.779
592.304
605.814
619.324
632.849
646.358
659.884
673.409
686.934
700.506
714.063
727.604
741.176
754.701
767.15
779.63
793.202
805.729
818.209
830.689
843.169
855.696
868.239
880.734
893.168
906.74
919.251
931.747
944.227
956.738
969.203
981.698
994.225
1006.74
1019.22
1032.74
1046.25
1058.76
1071.24
1083.72
1096.23
1108.74
1121.19
1133.69
1146.2
1159.73
1172.22
1184.73
1198.29
1211.86
1225.36
1238.85
1252.34
1265.85
1279.32
1292.86
Temperature Data
0
0
0
0
0
0
0
0
0
0
0
0
0
0
0
0
0
0
0
0
0
0
0
0
0
0
0
0
0
0
0
0
0
0
0
0
0
0
0
0
0
0
0
0
0
0
0
0
0
0
0
0
0
0
0
0
0
0
0
0
0
0
0
0
0
0
0
0
0
0
0
0
0
0
0
0
0
0
0
0
0
0
0
0
0
0
0
0
0
0
0
0
0
0
0
0
0
0
0
0
0
Angle Data
0
0
0
0
0
0
0
0
0
0
0
0
0
0
0
0
0
0
0
0
0
0
0
0
0
0
0
0
0
0
0
0
0
0
0
0
0
0
0
0
0
0
0
0
0
0
0
0
0
0
0
0
0
0
0
0
0
0
0
0
0
0
0
0
0
0
0
0
0
0
0
0
0
0
0
0
0
0
0
0
0
0
0
0
0
0
0
0
0
0
0
0
0
0
0
0
0
0
0
0
0
Bx Data
0
0
0
0
0
0
0
0
0
0
0
0
0
0
0
0
0
0
0
0
0
0
0
0
0
0
0
0
0
0
0
0
0
0
0
0
0
0
0
0
0
0
0
0
0
0
0
0
0
0
0
0
0
0
0
0
0
0
0
0
0
0
0
0
0
0
0
0
0
0
0
0
0
0
0
0
0
0
0
0
0
0
0
0
0
0
0
0
0
0
0
0
0
0
0
0
0
0
0
0
0
Hint Data
0
0
0
0
0
0
0
0
0
0
0
0
0
0
0
0
0
0
0
0
0
0
0
0
0
0
0
0
0
0
0
0
0
0
0
0
0
0
0
0
0
0
0
0
0
0
0
0
0
0
0
0
0
0
0
0
0
0
0
0
0
0
0
0
0
0
0
0
0
0
0
0
0
0
0
0
0
0
0
0
0
0
0
0
0
0
0
0
0
0
0
0
0
0
0
0
0
0
0
0
0
Torque Data
0.066278004093
-0.000262260625
0.0090599
0.00354052125
0.021552956894
0.027704123352
-0.0116586128204
-0.0088214435424
-0.0081538510766
-0.00175951526982
-0.0117110321666
-0.0038051323843
-0.0032329176705
-0.0061988006135
-0.0057410338832
-0.0064514759679
-0.00470149245975
-0.00155917891848
-0.0014602803714
-0.00149485709548
-0.0006168896339
-0.00033854416624
-0.00040052389893
-0.00020502851776
-0.00009296527224
2.27497804941E-08
0.000101935002382
0.0003504974304
0.00029326344515
0.000243198672976
0.00032782919616
0.000253919937654
0.000325446582062
0.0016451064509
0.002880157602
0.0072671503401
0.0069237838552
0.0040054730651
0.00037193895912
0.0057411856128
-0.0048065800815
0.0075102350679
0.0200273102172
0.0258687272265
0.0302555420424
0.0132680356536
0.0185966
0.033688575
0.058293375
0.058090725
0.074461800918
0.0769734625
0.034213125
0.0576138375
0.028037971962
0.017940938488
0.0198125207496
0.0216959236452
0.0063895488832
0.00017166035559
0.00392911053145
0.008444775872
-0.0033759974932
0.000119208296326
0.0082205977932
0.002918191635
0.00171656021831
0.00144950092407
0.00168139816197
0.00168079746276
0.00129934382782
0.000934562616
0.00064907422896
0.00029561273379
0.000172243168176
-6.8202978973E-08
-0.00032786758668
-0.0009442054779
-0.00095132613985
-0.00097516760477
-0.00182397316288
-0.00233537725239
-0.00234906894771
-0.00133516369203
-0.0041294925882
-0.00642308564
-0.010070951062
-0.0082971077516
-0.00154497259936
0.000333788761022
-0.0070953909532
-0.00390532403532
0.00452999123964
-0.0037551297989
-0.012302482016
-8.34468564696E-05
-0.0195503
-0.0252127125
0.041961625
-0.000262260625
0.03659865391
dMdH Data
-2.78645180543122E-08
-0.000000030534
-0.0000000320976
-2.31668293307307E-08
-2.89691364938161E-08
-0.000000030988
-0.0000000308016
-3.08794470355763E-08
-0.000000019646
-0.000000035242
-0.0000000331
-0.000000035626
-0.00000002619
-0.00000003144
-0.000000023486
-2.56322563225633E-08
-2.13479573040854E-08
-1.77965559183151E-08
3.96979054994645E-08
-8.01561525046843E-09
7.02422477519324E-09
3.72954032735477E-08
8.03545713462827E-08
8.32413406927448E-08
2.98628687227569E-07
1.74704553394349E-06
3.71688818276798E-06
1.02940941165176E-07
7.13520085750399E-09
3.24505536708698E-08
1.64970720936931E-08
-2.88859378249948E-08
5.23856763416429E-09
-2.27479175624731E-08
-2.59370812583748E-08
-0.00000003292
-0.000000028846
-3.66052678946421E-08
-0.000000038024
-3.17093658126837E-08
-3.21212848513941E-08
-2.18955620887582E-08
-3.26032175227795E-08
-2.89922319378555E-08
-2.378918062689E-08
-3.16914141252521E-08
-0.0000000328096
-0.0000000300192
-0.0000000278016
-3.15994849955433E-08
-3.53174210161434E-08
-0.0000000286952
-0.0000000314104
-2.81437748498012E-08
-3.1824290811347E-08
-0.0000000320944
-2.46806025551795E-08
-0.0000000371832
-3.53407068141363E-08
-0.000000039576
-3.46513860554422E-08
-2.90794184116317E-08
-0.000000033234
-0.000000026312
-3.67264654706906E-08
-3.61464722929446E-08
-0.0000000168694
9.85852378208825E-09
-5.23192371077937E-08
2.89613901467255E-10
-9.74704404729526E-09
6.00998463901695E-09
2.742500599952E-08
9.28982209549046E-08
2.74036489936333E-07
1.54312619930967E-06
3.88417785315435E-06
8.88668437389989E-08
4.15186714025157E-08
-8.12760987472649E-09
-4.47207155314483E-08
-1.36964382860248E-08
-3.10249927997698E-08
-2.57473305694052E-08
-0.000000025782
-2.98754024919501E-08
-4.31291374172516E-08
-0.000000027388
-4.00708014160283E-08
-3.52352952940941E-08
-3.24746494929899E-08
-3.31633367332653E-08
-3.05219116494136E-08
-3.01674413395307E-08
-3.52882823062584E-08
-3.03985727543282E-08
-0.00000002869496
-0.000000026124
-0.00000003058976
-3.01352207483666E-08
-3.01352207483666E-08
dMdT Data
0
0
0
0
0
0
0
0
0
0
0
0
0
0
0
0
0
0
0
0
0
0
0
0
0
0
0
0
0
0
0
0
0
0
0
0
0
0
0
0
0
0
0
0
0
0
0
0
0
0
0
0
0
0
0
0
0
0
0
0
0
0
0
0
0
0
0
0
0
0
0
0
0
0
0
0
0
0
0
0
0
0
0
0
0
0
0
0
0
0
0
0
0
0
0
0
0
0
0
0
0
 
*********************************************** Results ***************************************
 
TotalArea 1.06428408062523
AreaFirstQuad 0.887207924041312
AreaSecondQuad 0.173639403066091
AreaThirdQuad 0
AreaFourthQuad 3.43675351783057E-03
Coercivity 14097.8023302872
PositiveCoercivity 0
NegativeCoercivity 14097.8023302872
Retentivity 1.74205767480625E-04
PositiveRetentivity 4.28798290592524E-04
NegativeRetentivity 8.03867556312732E-05
Magnetization 0.00026287025
PositiveMagnetization 0.000505779
NegativeMagnetization -0.0000199615
Flatness -1.17786383877352
Squareness 0.662706287533965
SStar 1.4100499234829
SFD1 1.04803889534157
SFD2 0.523493212791747
Slope 0
Intercept 0
SlopeAtHc -3.01352207483666E-08
dH1 -677.242850690853
dH2 7380.103835185
InitialSlope -2.78645180543122E-08
FieldAtHalfMs 0
FieldAtMs -14759.7
MomentMean 2.5362730990099E-04
MomentRMS 1.51940331296721E-04
SFD3 1.09705340257269
dH3 -1368.23968495162
UserField1 0
UserField2 0
CenterField 0
ExchangeField 0
ExchangeMoment 0
ExRegionOneIntercept 0
ExRegionOneSlope 0
ExRegionTwoIntercept 0
ExRegionTwoSlope 0
NegativeIntercept 0
NegativeSlope 0
AutoCenterOffset 0
PinningField 0
PinningMoment 0
PinRegionOneIntercept 0
PinRegionOneSlope 0
PinRegionTwoIntercept 0
PinRegionTwoSlope 0
PositiveIntercept 0
PositiveSlope 0
TotalOffset 0
BHMax 0
BCoercivity 0
BRetentivity 0
BNegativeCoercivity 0
BPositiveCoercivity 0
BNegativeRetentivity 0
BPositiveRetentivity 0
MomentYMean -2.24141817861386E-06
MomentYRMS 2.17267073962089E-06
YOffCorrection 0
Mrt 0
Ms1 0
Ms2 0
Ms3 0
Hc2 0
Hex2 0
HsatValue 0
HsatIntercept 0
HsatSlope 0
CenterH 0
Span .0005257405
SpanAsPercentOfRange -35.0493666666667
RMSAsPercentOfRange -10.1293554197814
SpanAsPercentOfMean 207.288600034924
RMSAsPercentOfMean 59.9069285385847
