Version 1.25
******************************************** Units *******************************************
System CGS
TemperatureUnit K
MomentUnit emu
AppliedFieldUnit G
 
******************************************** Setup ********************************************
 
Experiment CustomField
Minor False
Acquisition PointByPoint
EditedPoint No
MaxField 15000
FieldIncrement 681.818181818182
Points 101
MinField 0
RampRate 0
AverageTime 5
TimeInterval 10
TimeConstant 1
TimeConstantIndex 2
Sensitivity -0.0015
SensitivityIndex 5
SensitivityY -4
SensitivityIndexY 0
SaturationField 8000
ExperimentTime 505
Use735Domains False
AutoRangeEnabled False
NumberOfVertices 11
VertexPts
0
8
17
33
42
50
58
67
83
92
100
VertexField
15000
5000
500
-500
-5000
-15000
-5000
-500
500
5000
15000
StartAngle 0
EndAngle 0
AngleIncrement 0
StartTemp 0
FinishTemp 0
TempIncrement 0
TempPoints 0
LengthofSetPointsArray 101
SetPointArray
15000
13750
12500
11250
10000
8750
7500
6250
5000
4500
4000
3500
3000
2500
2000
1500
1000
500
437.5
375
312.5
250
187.5
125
62.5
0
-62.5
-125
-187.5
-250
-312.5
-375
-437.5
-500
-1000
-1500
-2000
-2500
-3000
-3500
-4000
-4500
-5000
-6250
-7500
-8750
-10000
-11250
-12500
-13750
-15000
-13750
-12500
-11250
-10000
-8750
-7500
-6250
-5000
-4500
-4000
-3500
-3000
-2500
-2000
-1500
-1000
-500
-437.5
-375
-312.5
-250
-187.5
-125
-62.5
0
62.5
125
187.5
250
312.5
375
437.5
500
1000
1500
2000
2500
3000
3500
4000
4500
5000
6250
7500
8750
10000
11250
12500
13750
15000
FieldDomainFile c:\Ideasvsm\Default UserID\Experiments\Jason_1p5T_cus\fdomain.ini
TempDomainFile c:\Ideasvsm\Default UserID\Experiments\Jason_1p5T_cus\tdomain.ini
NumSelectedResults 0
ResultsSelected 
UserName1 
UserValue1 
UserName2 
UserValue2 
LinearBackgroundCorrection Off
MaxLinearFieldCorrection 
MinLinearFieldCorrection 
AutoLinearCorrection Off
FitOneRegion Off
BackgroundMode Off
BackgroundFilename 
AutoCenter Off
OffsetCorrection 
SmoothDeriv Off
DerivOrder 0
DerivPoints 0
MinExFieldOne 
MaxExFieldOne 
MinExFieldTwo 
MaxExFieldTwo 
MinPinFieldOne 
MaxPinFieldOne 
MinPinFieldTwo 
MaxPinFieldTwo 
HCenterStart 
Mass 
Volume 
Density 
MolarWeight 
NumberOfMoles 
Demagnetization 
SampleArea 
Thickness 
MomentScaling 0
XAxis 0
YAxis 0
SimpleSpinValve False
HsatMax 0
HsatMin 0
FieldAutoRange True
 
*************************************************** Experiment Data ********************************************
 
DataPoints 101
MomentX Data
-0.0000410803
-0.00000784425
0.0000294194
0.0000729379
0.000103483
0.000139166
0.000179965
0.000223773
0.000272942
0.000283916
0.000300786
0.000319674
0.000336707
0.000351171
0.000370016
0.000384716
0.000400117
0.000412442
0.000414315
0.000412848
0.000417124
0.000416329
0.000413699
0.000413601
0.000409579
0.000385736
0.000129713
0.0000418717
0.000036554
0.0000339146
0.0000336813
0.0000343576
0.0000373553
0.0000372058
0.0000478403
0.0000659782
0.0000845198
0.000103837
0.000116617
0.000134508
0.000156227
0.000169578
0.000184177
0.000225322
0.000271196
0.000310538
0.000343505
0.000385062
0.000429672
0.000462901
0.000496189
0.000461239
0.000423872
0.000382702
0.00034754
0.000305379
0.000264216
0.000219605
0.000183953
0.000159885
0.000145914
0.00012851
0.000109456
0.0000913229
0.0000756774
0.0000585831
0.0000428646
0.000026773
0.0000287481
0.0000267291
0.0000258827
0.0000256939
0.0000256562
0.0000265225
0.0000313136
0.0000492767
0.000294571
0.000394435
0.000401953
0.000402919
0.00040348
0.000400434
0.000401598
0.000398813
0.00038399
0.000366853
0.000350162
0.000336693
0.000313255
0.000295982
0.000276004
0.000259553
0.000240624
0.000207463
0.000160207
0.000123392
0.0000811104
0.0000467394
0.00000512843
-0.0000326845
-0.0000583636
MomentY Data
0.00000864029
0.00000743866
0.0000055027
0.00000416756
0.00000692368
0.00000331879
0.00000293732
0.00000375748
0.00000404358
0.00000163078
0.00000384331
0.00000291824
0.00000772476
0.00000659943
0.000000133514
-0.000000629425
0.00000356674
0.00000487328
0.00000403404
0.00000162125
0.00000398636
0.00000359535
0.00000226974
0.00000102043
0.00000390053
0.0000018692
0.00000480652
0.00000658035
0.0000037384
0.0000045681
0.00000421524
0.00000516891
0.0000047493
0.00000230789
0.0000053215
0.00000495911
0.00000580788
0.00000628471
0.00000704765
0.0000061512
0.00000322342
0.00000667572
0.00000531197
0.00000623703
0.00000183105
0.00000529289
0.00000636101
0.00000360489
0.000004282
0.00000408173
0.00000286102
0.00000606537
0.00000310898
0.00000349998
0.00000289917
0.00000490189
0.00000321388
0.00000315666
0.00000417709
0.00000216484
0.00000411987
0.0000042057
0.0000062561
0.00000435829
0.00000210762
0.00000148773
-0.000000658035
0.00000155449
-0.000000257492
-0.000000972748
0.000000400543
-0.000000953674
0.00000202179
0.000001297
0.000000038147
0.00000118256
-0.000000562668
0.00000107765
-0.00000236511
-0.00000224113
-0.000000925064
0.00000041008
-0.000000219345
-0.000000925064
-0.000000152588
-0.00000272751
-0.000000171661
0.000000133514
-0.00000189781
-0.00000127792
-0.000000257492
0.00000256538
0.00000218391
0.00000208855
0.00000279427
0.00000277519
0.00000297546
0.000000772476
-0.00000292778
0.00000165939
0.00000414848
Field Data
14755.3
13750
12500
11250
9999.98
8749.97
7499.97
6249.97
4999.97
4499.98
3999.97
3499.97
2999.98
2499.97
1999.97
1499.97
999.971
499.972
437.483
374.993
312.492
249.991
187.489
124.993
62.4913
-0.00579597
-62.5045
-125.007
-187.505
-250.006
-312.508
-375.003
-437.506
-500.006
-1000.02
-1500.03
-2000.03
-2500.03
-3000.03
-3500.03
-4000.04
-4500.05
-5000.03
-6250.07
-7500.06
-8750.03
-10000
-11250
-12500
-13750
-14758.2
-13750
-12500
-11250
-9999.98
-8749.96
-7499.96
-6249.96
-4999.96
-4499.96
-3999.97
-3499.99
-2999.98
-2499.97
-1999.97
-1499.97
-999.969
-499.976
-437.488
-374.987
-312.492
-249.991
-187.489
-124.99
-62.4901
0.0122561
62.5051
125.007
187.507
250.007
312.511
375.007
437.507
500.009
1000.02
1500.03
2000.03
2500.04
3000.03
3500.04
4000.05
4500.04
5000.03
6250.07
7500.05
8750.04
10000
11250
12500
13750
14759
Time Data
0
13.494
27.004
40.467
54.039
67.58
81.043
94.49
107.984
120.511
134.036
147.515
159.995
172.459
184.986
197.529
210.056
222.505
235.047
247.512
260.99
273.47
285.935
298.415
310.926
323.406
335.886
348.413
360.909
373.42
385.916
399.472
412.997
425.493
437.989
450.5
462.98
475.413
487.909
500.374
513.93
526.41
538.953
552.431
565.941
579.435
592.96
606.47
619.979
633.52
647.046
660.509
673.987
687.528
701.053
714.594
728.119
741.629
755.186
767.634
780.146
793.671
806.135
818.647
831.127
843.623
856.103
868.551
881.032
893.512
907.006
919.548
932.044
944.493
956.988
969.5
981.98
994.429
1006.96
1019.47
1031.98
1045.49
1058
1070.46
1084.02
1096.5
1109.04
1121.58
1134.08
1146.54
1160.04
1172.5
1184.98
1198.46
1211.96
1225.48
1238.99
1252.47
1265.99
1279.49
1293.03
Temperature Data
0
0
0
0
0
0
0
0
0
0
0
0
0
0
0
0
0
0
0
0
0
0
0
0
0
0
0
0
0
0
0
0
0
0
0
0
0
0
0
0
0
0
0
0
0
0
0
0
0
0
0
0
0
0
0
0
0
0
0
0
0
0
0
0
0
0
0
0
0
0
0
0
0
0
0
0
0
0
0
0
0
0
0
0
0
0
0
0
0
0
0
0
0
0
0
0
0
0
0
0
0
Angle Data
0
0
0
0
0
0
0
0
0
0
0
0
0
0
0
0
0
0
0
0
0
0
0
0
0
0
0
0
0
0
0
0
0
0
0
0
0
0
0
0
0
0
0
0
0
0
0
0
0
0
0
0
0
0
0
0
0
0
0
0
0
0
0
0
0
0
0
0
0
0
0
0
0
0
0
0
0
0
0
0
0
0
0
0
0
0
0
0
0
0
0
0
0
0
0
0
0
0
0
0
0
Bx Data
0
0
0
0
0
0
0
0
0
0
0
0
0
0
0
0
0
0
0
0
0
0
0
0
0
0
0
0
0
0
0
0
0
0
0
0
0
0
0
0
0
0
0
0
0
0
0
0
0
0
0
0
0
0
0
0
0
0
0
0
0
0
0
0
0
0
0
0
0
0
0
0
0
0
0
0
0
0
0
0
0
0
0
0
0
0
0
0
0
0
0
0
0
0
0
0
0
0
0
0
0
Hint Data
0
0
0
0
0
0
0
0
0
0
0
0
0
0
0
0
0
0
0
0
0
0
0
0
0
0
0
0
0
0
0
0
0
0
0
0
0
0
0
0
0
0
0
0
0
0
0
0
0
0
0
0
0
0
0
0
0
0
0
0
0
0
0
0
0
0
0
0
0
0
0
0
0
0
0
0
0
0
0
0
0
0
0
0
0
0
0
0
0
0
0
0
0
0
0
0
0
0
0
0
0
Torque Data
0.127490071037
0.102281575
0.06878375
0.04688505
0.0692366615264
0.0290393129363
0.0220298118804
0.0234841372756
0.0202177786926
0.0073384773844
0.0153731247007
0.0102137524528
0.0231741255048
0.0164983770171
0.00026702399458
-0.00094411861725
0.00356663656454
0.00243650354816
0.00176482392132
0.00060795740125
0.00124570560912
0.00089880514185
0.00042555128286
0.00012754660699
0.000243749190389
-1.0833827124E-08
-0.00030042912934
-0.00082258981245
-0.000700968692
-0.0011420524086
-0.00131729622192
-0.00193835675673
-0.0020778472458
-0.00115395884734
-0.00532160643
-0.0074388137733
-0.0116159342364
-0.0157119635413
-0.0211431614295
-0.021529384536
-0.0128938089368
-0.030041073786
-0.0265600093591
-0.0389818740921
-0.013732984863
-0.0463129462867
-0.0636101
-0.0405550125
-0.053525
-0.0561237875
-0.042223505364
-0.0833988375
-0.03886225
-0.039374775
-0.0289916420166
-0.0428913414244
-0.0241039714448
-0.0197289987336
-0.0208852829164
-0.0097416934064
-0.0164793564039
-0.014719907943
-0.018768174878
-0.0108955942513
-0.0042151767714
-0.0022315503681
0.000658014600915
-0.00077720769224
0.000112649660096
0.000364767854276
-0.000125166483156
0.000238409916934
-0.00037906338531
-0.00016211203
-2.3838098447E-06
1.4493573616E-08
-3.51696196068E-05
0.00013471379355
-0.00044347468077
-0.00056029818791
-0.000289092675704
0.00015378287056
-0.000095964972915
-0.000462540325576
-0.00015259105176
-0.0040913468253
-0.00034332714983
0.00033379034056
-0.0056934869343
-0.0044727711168
-0.0010299808746
0.0115443126152
0.0109196155173
0.0130535836985
0.0209571647135
0.0242830235076
0.0297546
0.008690355
-0.03659725
0.0228166125
0.06122741632
dMdH Data
-3.30608276136477E-08
-0.00000002981092
-0.0000000348148
-2.44356890289755E-08
-2.8546171630627E-08
-0.0000000326392
-0.0000000350464
-0.0000000393352
-2.19484389687794E-08
-3.37393252134957E-08
-0.000000037776
-3.40666813336267E-08
-2.8927421451571E-08
-0.00000003769
-2.94000000000001E-08
-3.08020616041232E-08
-2.46500493000986E-08
-2.99732752964522E-08
2.34757561209794E-08
-6.84149053615142E-08
1.27197964832562E-08
4.20786534830884E-08
1.56810035842334E-09
6.43502496732091E-08
3.81505726465196E-07
4.09645294208191E-06
1.40540458381665E-06
8.5085922749528E-08
4.22297243244108E-08
3.73268055422232E-09
-1.08216657332586E-08
-4.79608978769019E-08
2.39199999999993E-09
-2.12684044846744E-08
-3.627507449851E-08
-0.0000000370832
-0.0000000386344
-0.00000002556
-0.000000035782
-4.34371312573748E-08
-2.67014659706806E-08
-2.91991679667187E-08
-3.29149467217049E-08
-3.66994935959488E-08
-3.14743553845292E-08
-2.63742329815916E-08
-0.0000000332456
-0.000000035688
-0.0000000265832
-3.30172584804602E-08
-3.46657409244197E-08
-0.0000000298936
-0.000000032936
-2.8129149933601E-08
-3.37282603478345E-08
-0.0000000329304
-0.0000000356888
-0.0000000285216
-0.000000048136
-2.7942558851177E-08
-3.4809392375695E-08
-3.81072378552429E-08
-3.62654746905062E-08
-0.000000031291
-0.0000000341886
-3.14369371261257E-08
-3.2183650571108E-08
3.16076686723851E-08
-3.23034831442697E-08
-1.35434834786783E-08
-3.02075166797327E-09
-6.03180698217679E-10
1.38610217763484E-08
7.66577226523562E-08
2.87398765756288E-07
3.92515822119595E-06
1.597775427627E-06
0.000000120288
1.54560000000005E-08
8.97542557276329E-09
-4.87391193036352E-08
1.86240000000001E-08
-4.45585741256288E-08
-2.96453478023483E-08
-3.42733145337094E-08
-0.000000033382
-2.6937461250775E-08
-4.68769375387507E-08
-3.45453090938181E-08
-3.99552008959821E-08
-3.29026580531611E-08
-3.78587571751435E-08
-2.65279511055646E-08
-3.78054048864782E-08
-2.94522356178849E-08
-3.38263624435982E-08
-0.0000000274968
-0.000000033288776
-0.000000030250344
-2.54500495540139E-08
-2.54500495540139E-08
dMdT Data
0
0
0
0
0
0
0
0
0
0
0
0
0
0
0
0
0
0
0
0
0
0
0
0
0
0
0
0
0
0
0
0
0
0
0
0
0
0
0
0
0
0
0
0
0
0
0
0
0
0
0
0
0
0
0
0
0
0
0
0
0
0
0
0
0
0
0
0
0
0
0
0
0
0
0
0
0
0
0
0
0
0
0
0
0
0
0
0
0
0
0
0
0
0
0
0
0
0
0
0
0
 
*********************************************** Results ***************************************
 
TotalArea 0.386685695603984
AreaFirstQuad 0.279837605827428
AreaSecondQuad 8.67902837749424E-02
AreaThirdQuad 0
AreaFourthQuad 0.020057806001613
Coercivity 408.666804751333
PositiveCoercivity 12669.5329481212
NegativeCoercivity 13486.8665576239
Retentivity 1.68232516791879E-04
PositiveRetentivity 3.85738211195745E-04
NegativeRetentivity 4.9273177611987E-05
Magnetization 0.0002772763
PositiveMagnetization 0.000496189
NegativeMagnetization -0.0000583636
Flatness 0.799659862427813
Squareness 0.606732406599047
SStar 14.8090944740629
SFD1 8.1742890204902
SFD2 18.2868675975465
Slope 0
Intercept 0
SlopeAtHc -0.00000002981092
dH1 -2931.8937703663
dH2 7473.23575
InitialSlope -3.30608276136477E-08
FieldAtHalfMs 0
FieldAtMs -14758.2
MomentMean 2.16925586930693E-04
MomentRMS 1.56111504389751E-04
SFD3 10.7058539746064
dH3 -3966.46033118544
UserField1 0
UserField2 0
CenterField 0
ExchangeField 0
ExchangeMoment 0
ExRegionOneIntercept 0
ExRegionOneSlope 0
ExRegionTwoIntercept 0
ExRegionTwoSlope 0
NegativeIntercept 0
NegativeSlope 0
AutoCenterOffset 0
PinningField 0
PinningMoment 0
PinRegionOneIntercept 0
PinRegionOneSlope 0
PinRegionTwoIntercept 0
PinRegionTwoSlope 0
PositiveIntercept 0
PositiveSlope 0
TotalOffset 0
BHMax 0
BCoercivity 0
BRetentivity 0
BNegativeCoercivity 0
BPositiveCoercivity 0
BNegativeRetentivity 0
BPositiveRetentivity 0
MomentYMean 2.8461983960396E-06
MomentYRMS 2.59745315652281E-06
YOffCorrection 0
Mrt 0
Ms1 0
Ms2 0
Ms3 0
Hc2 0
Hex2 0
HsatValue 0
HsatIntercept 0
HsatSlope 0
CenterH 0
Span .0005545526
SpanAsPercentOfRange -36.9701733333333
RMSAsPercentOfRange -10.4074336259834
SpanAsPercentOfMean 255.641857581871
RMSAsPercentOfMean 71.965463640593
