Version 1.25
******************************************** Units *******************************************
System CGS
TemperatureUnit K
MomentUnit emu
AppliedFieldUnit G
 
******************************************** Setup ********************************************
 
Experiment CustomField
Minor False
Acquisition PointByPoint
EditedPoint No
MaxField 15000
FieldIncrement 681.818181818182
Points 101
MinField 0
RampRate 0
AverageTime 5
TimeInterval 10
TimeConstant 1
TimeConstantIndex 2
Sensitivity -0.0015
SensitivityIndex 5
SensitivityY -4
SensitivityIndexY 0
SaturationField 8000
ExperimentTime 505
Use735Domains False
AutoRangeEnabled False
NumberOfVertices 11
VertexPts
0
8
17
33
42
50
58
67
83
92
100
VertexField
15000
5000
500
-500
-5000
-15000
-5000
-500
500
5000
15000
StartAngle 0
EndAngle 0
AngleIncrement 0
StartTemp 0
FinishTemp 0
TempIncrement 0
TempPoints 0
LengthofSetPointsArray 101
SetPointArray
15000
13750
12500
11250
10000
8750
7500
6250
5000
4500
4000
3500
3000
2500
2000
1500
1000
500
437.5
375
312.5
250
187.5
125
62.5
0
-62.5
-125
-187.5
-250
-312.5
-375
-437.5
-500
-1000
-1500
-2000
-2500
-3000
-3500
-4000
-4500
-5000
-6250
-7500
-8750
-10000
-11250
-12500
-13750
-15000
-13750
-12500
-11250
-10000
-8750
-7500
-6250
-5000
-4500
-4000
-3500
-3000
-2500
-2000
-1500
-1000
-500
-437.5
-375
-312.5
-250
-187.5
-125
-62.5
0
62.5
125
187.5
250
312.5
375
437.5
500
1000
1500
2000
2500
3000
3500
4000
4500
5000
6250
7500
8750
10000
11250
12500
13750
15000
FieldDomainFile c:\Ideasvsm\Default UserID\Experiments\Jason_1p5T_cus\fdomain.ini
TempDomainFile c:\Ideasvsm\Default UserID\Experiments\Jason_1p5T_cus\tdomain.ini
NumSelectedResults 0
ResultsSelected 
UserName1 
UserValue1 
UserName2 
UserValue2 
LinearBackgroundCorrection Off
MaxLinearFieldCorrection 
MinLinearFieldCorrection 
AutoLinearCorrection Off
FitOneRegion Off
BackgroundMode Off
BackgroundFilename 
AutoCenter Off
OffsetCorrection 
SmoothDeriv Off
DerivOrder 0
DerivPoints 0
MinExFieldOne 
MaxExFieldOne 
MinExFieldTwo 
MaxExFieldTwo 
MinPinFieldOne 
MaxPinFieldOne 
MinPinFieldTwo 
MaxPinFieldTwo 
HCenterStart 
Mass 
Volume 
Density 
MolarWeight 
NumberOfMoles 
Demagnetization 
SampleArea 
Thickness 
MomentScaling 0
XAxis 0
YAxis 0
SimpleSpinValve False
HsatMax 0
HsatMin 0
FieldAutoRange True
 
*************************************************** Experiment Data ********************************************
 
DataPoints 101
MomentX Data
0.0000671956
0.0000968455
0.000134063
0.000173311
0.000212843
0.000241462
0.000288752
0.000328541
0.000371162
0.000387824
0.00040258
0.000416929
0.00043783
0.000454812
0.000469601
0.000482471
0.000497594
0.00051243
0.000510806
0.000510366
0.000511275
0.000509344
0.000508408
0.000506331
0.000498149
0.000477978
0.000224155
0.000133505
0.000122568
0.000122393
0.000121511
0.00012184
0.000120131
0.000119725
0.000133673
0.000149982
0.000164546
0.000185131
0.000197902
0.000216215
0.000234222
0.000250388
0.000266533
0.000311867
0.000337976
0.000387194
0.000425026
0.000466639
0.000498538
0.000538241
0.000570075
0.000537225
0.000492528
0.000456512
0.000416956
0.000374197
0.000332428
0.000292328
0.000241682
0.000225784
0.000208037
0.000186792
0.000166634
0.000153041
0.000132765
0.00011436
0.000101258
0.0000872782
0.000081863
0.0000794163
0.0000768588
0.0000751962
0.0000744247
0.0000737392
0.0000792411
0.000097103
0.000340061
0.000440228
0.000447831
0.000448632
0.0004476
0.000444469
0.00044313
0.000439506
0.000425843
0.000408524
0.000390656
0.000371279
0.000352736
0.000336843
0.000312658
0.00029499
0.000292452
0.00024459
0.000198996
0.000159243
0.000124296
0.0000811057
0.000038614
0.000000172778
-0.0000316794
MomentY Data
0.0000091362
0.00000559807
0.00000524521
0.0000060463
0.00000389099
0.00000307083
0.000000858307
0.00000297546
0.00000464439
0.00000318527
0.00000149727
0.000000419617
0.000000038147
0.00000326157
-0.00000144958
-0.00000102997
0.000000247955
-0.00000105858
-0.000000934601
-0.00000120163
-0.000000514984
0.000000829697
0.000000782013
0.00000167847
0.00000333786
0.00000302315
0.000000276566
0.00000236511
0.00000310898
0.00000175476
0.00000337601
0.00000189781
0.00000148773
0.00000294685
0.00000279427
0.00000260353
0.00000227928
0.00000523567
0.00000662804
0.00000569344
0.00000376701
0.00000508308
0.00000306129
0.00000509262
0.00000557899
0.00000415802
0.00000403404
0.00000759125
0.00000611305
0.00000795364
0.00000259399
0.00000576019
0.00000574112
0.00000617027
0.00000594139
0.00000350952
0.00000374794
0.00000587463
0.0000049305
0.00000630379
0.00000797272
0.00000802994
0.00000781059
0.00000520706
0.0000053215
0.00000397682
0.00000358582
0.00000533104
0.00000453949
0.00000518799
0.00000585556
0.00000566483
0.0000063324
0.00000477791
0.00000543594
0.00000480652
0.00000292778
0.00000286102
0.00000208855
0.00000315666
0.00000299454
0.00000191689
0.00000344276
0.00000312805
0.00000296593
0.00000344276
0.00000326157
0.00000673294
0.00000516891
0.00000584602
0.00000928879
0.0000042057
0.0000061512
0.00000588417
0.00000341415
0.00000452995
0.00000538826
0.00000567436
0.00000528336
0.00000545502
0.00000951767
Field Data
14754.9
13750
12500
11250
9999.98
8749.97
7499.95
6249.95
4999.97
4499.97
3999.97
3499.97
2999.97
2499.97
1999.97
1499.98
999.973
499.97
437.484
374.998
312.492
249.99
187.491
124.992
62.4916
-0.00771245
-62.5096
-125.005
-187.51
-250.008
-312.508
-375.006
-437.507
-500.007
-1000.02
-1500.03
-2000.03
-2500.03
-3000.03
-3500.04
-4000.04
-4500.02
-5000.03
-6250.07
-7500.07
-8750.03
-10000
-11250
-12500
-13750
-14759.2
-13750
-12500
-11250
-9999.99
-8749.97
-7499.95
-6249.97
-4999.96
-4499.97
-3999.99
-3499.99
-2999.98
-2499.98
-1999.97
-1499.98
-999.97
-499.966
-437.487
-374.991
-312.486
-249.993
-187.49
-124.99
-62.4918
0.00883033
62.5073
125.005
187.509
250.004
312.507
375.009
437.508
500.003
1000.03
1500.03
2000.03
2500.03
3000.04
3500.04
4000.04
4500.03
5000.03
6250.07
7500.05
8750.04
10000
11250
12500
13750
14760
Time Data
0
13.541
27.051
40.529
54.023
67.548
81.043
94.552
108.046
121.556
134.02
147.53
160.01
172.506
185.017
197.497
209.962
222.473
234.984
247.527
261.036
273.532
286.012
298.524
311.05
323.546
335.995
348.475
360.924
373.435
385.9
399.441
411.905
424.401
436.881
449.361
461.872
474.446
486.973
499.468
512.931
525.427
537.938
551.448
564.926
578.467
591.961
605.533
619.012
632.506
646.016
659.557
673.066
686.623
700.164
713.658
727.152
740.677
754.187
766.683
779.163
792.657
805.137
817.632
830.159
842.639
855.119
867.568
880.048
892.544
906.069
918.55
931.076
943.556
956.037
968.532
981.028
993.508
1006.02
1018.5
1031.03
1044.5
1057.02
1069.5
1081.98
1094.5
1107.01
1119.53
1132.04
1144.55
1158.04
1170.55
1183.03
1196.56
1210.13
1223.64
1237.13
1250.64
1264.14
1277.66
1291.14
Temperature Data
0
0
0
0
0
0
0
0
0
0
0
0
0
0
0
0
0
0
0
0
0
0
0
0
0
0
0
0
0
0
0
0
0
0
0
0
0
0
0
0
0
0
0
0
0
0
0
0
0
0
0
0
0
0
0
0
0
0
0
0
0
0
0
0
0
0
0
0
0
0
0
0
0
0
0
0
0
0
0
0
0
0
0
0
0
0
0
0
0
0
0
0
0
0
0
0
0
0
0
0
0
Angle Data
0
0
0
0
0
0
0
0
0
0
0
0
0
0
0
0
0
0
0
0
0
0
0
0
0
0
0
0
0
0
0
0
0
0
0
0
0
0
0
0
0
0
0
0
0
0
0
0
0
0
0
0
0
0
0
0
0
0
0
0
0
0
0
0
0
0
0
0
0
0
0
0
0
0
0
0
0
0
0
0
0
0
0
0
0
0
0
0
0
0
0
0
0
0
0
0
0
0
0
0
0
Bx Data
0
0
0
0
0
0
0
0
0
0
0
0
0
0
0
0
0
0
0
0
0
0
0
0
0
0
0
0
0
0
0
0
0
0
0
0
0
0
0
0
0
0
0
0
0
0
0
0
0
0
0
0
0
0
0
0
0
0
0
0
0
0
0
0
0
0
0
0
0
0
0
0
0
0
0
0
0
0
0
0
0
0
0
0
0
0
0
0
0
0
0
0
0
0
0
0
0
0
0
0
0
Hint Data
0
0
0
0
0
0
0
0
0
0
0
0
0
0
0
0
0
0
0
0
0
0
0
0
0
0
0
0
0
0
0
0
0
0
0
0
0
0
0
0
0
0
0
0
0
0
0
0
0
0
0
0
0
0
0
0
0
0
0
0
0
0
0
0
0
0
0
0
0
0
0
0
0
0
0
0
0
0
0
0
0
0
0
0
0
0
0
0
0
0
0
0
0
0
0
0
0
0
0
0
0
Torque Data
0.13480371738
0.0769734625
0.065565125
0.068020875
0.0389098221802
0.0268696703751
0.00643725958465
0.018596476227
0.0232218106683
0.0143336194419
0.0059890350819
0.00146864691149
0.00011443985559
0.0081538271529
-0.0028991165126
-0.0015449344006
0.000247948305215
-0.0005292582426
-0.000408872983884
-0.00045060884674
-0.000160928380128
0.00020741595303
0.000146620399383
0.00020979532224
0.000208588211976
-2.33158932175E-08
-1.72880300336E-05
-0.00029565057555
-0.0005829648398
-0.00043870403808
-0.00105503013308
-0.00071169013686
-0.00065089228911
-0.00147344562795
-0.0027943258854
-0.0039053731059
-0.0045586283784
-0.0130893320701
-0.0198843188412
-0.0199272677376
-0.0150681906804
-0.0228739616616
-0.0153065418387
-0.0318292314834
-0.0418428155293
-0.0363827997406
-0.0403404
-0.0854015625
-0.076413125
-0.10936255
-0.038285217208
-0.0792026125
-0.071764
-0.0694155375
-0.0594138405861
-0.0307081947144
-0.028109362603
-0.0367162612611
-0.02465230278
-0.0283668658863
-0.0318908002728
-0.0281047097006
-0.0234316137882
-0.0130175458588
-0.010642840355
-0.0059651504636
-0.0035857124254
-0.00266533874464
-0.00198596786163
-0.00194544955809
-0.00182978052216
-0.00141616784619
-0.001187261676
-0.0005971909709
-0.000339701675292
4.24431577516E-08
0.000183007622794
0.0003576418051
0.00039162192195
0.00078917762664
0.00093581471178
0.00071885100201
0.00150623504208
0.00156403438415
0.0029660189779
0.0051642432828
0.0065232378471
0.0168325519882
0.0155069367564
0.0204613038408
0.0371555315516
0.018925776171
0.030756184536
0.0367764743919
0.0256062957075
0.039637243698
0.0538826
0.06383655
0.066042
0.075006525
0.1404808092
dMdH Data
-2.95053239128272E-08
-0.000000029774
-0.0000000313984
-3.1625093998496E-08
-2.28950168398653E-08
-3.78313946976848E-08
-0.0000000318312
-3.40973455575289E-08
-3.33239999999999E-08
-0.000000029512
-2.86980000000001E-08
-0.000000041802
-0.000000033964
-0.000000029578
-2.57405148102962E-08
-3.02455765619281E-08
-2.96718219690683E-08
2.5989821720065E-08
7.04157731331801E-09
-1.45426039100247E-08
3.08950113596372E-08
1.49762396198338E-08
3.32325317205086E-08
1.30911162168561E-07
3.22739550393247E-07
4.0610453531815E-06
1.45050675729734E-06
1.74978001759859E-07
2.80008960286758E-09
1.41119999999999E-08
-5.26416845339056E-09
2.73435625029998E-08
6.49600000000015E-09
-2.78952747228572E-08
-3.26173476530469E-08
-0.000000029128
-0.00000004117
-0.000000025542
-3.66252674946501E-08
-0.000000036014
-3.23332933317332E-08
-3.22893542129158E-08
-3.62660394867364E-08
-0.0000000208872
-3.93756600211207E-08
-3.02663263918334E-08
-0.0000000332904
-0.0000000255192
-0.0000000317624
-3.15437970669837E-08
-3.25505350772889E-08
-0.0000000357576
-0.0000000288128
-3.16445468436252E-08
-3.42066526935569E-08
-3.34146653653542E-08
-3.20805132882126E-08
-4.0516475868193E-08
-3.17966359327187E-08
-3.54954198167926E-08
-0.00000004249
-4.03151936961261E-08
-0.000000027186
-4.05511889762205E-08
-3.68107362147243E-08
-2.62034759304814E-08
-2.79593763249894E-08
-8.66723219001585E-08
-3.91497055811573E-08
-4.09167266618669E-08
-2.66045797129278E-08
-1.23434075164393E-08
-1.09680000000001E-08
8.80329353485382E-08
2.85787517752863E-07
3.88742318464516E-06
1.60273098050008E-06
1.21640215026239E-07
1.28170253620295E-08
-1.65112074620425E-08
-5.00943969792961E-08
-2.14243427894846E-08
-5.79886390911278E-08
-2.73245244756783E-08
-0.000000034638
-0.000000035736
-0.000000038754
-3.70852582948342E-08
-0.000000031786
-4.83699999999999E-08
-3.53367067341347E-08
-5.07600000000002E-09
-3.82883747720073E-08
-3.64757836125378E-08
-3.18026544212354E-08
-2.79584946718295E-08
-0.00000003455224
-0.00000003399336
-3.07529776E-08
-3.15368099009901E-08
-3.15368099009901E-08
dMdT Data
0
0
0
0
0
0
0
0
0
0
0
0
0
0
0
0
0
0
0
0
0
0
0
0
0
0
0
0
0
0
0
0
0
0
0
0
0
0
0
0
0
0
0
0
0
0
0
0
0
0
0
0
0
0
0
0
0
0
0
0
0
0
0
0
0
0
0
0
0
0
0
0
0
0
0
0
0
0
0
0
0
0
0
0
0
0
0
0
0
0
0
0
0
0
0
0
0
0
0
0
0
 
*********************************************** Results ***************************************
 
TotalArea 1.5424752045608
AreaFirstQuad 1.27184000512121
AreaSecondQuad 0.270603319730709
AreaThirdQuad 0
AreaFourthQuad 3.18797088732877E-05
Coercivity 13755.4786137388
PositiveCoercivity 0
NegativeCoercivity 13755.4786137388
Retentivity 1.90440006355369E-04
PositiveRetentivity 4.77980489112645E-04
NegativeRetentivity 9.71004764019084E-05
Magnetization 0.0003008772
PositiveMagnetization 0.000570075
NegativeMagnetization -0.0000316794
Flatness -1.2871561877567
Squareness 0.63294927749716
SStar 1.43900020296847
SFD1 1.00105981310367
SFD2 0.543328066573805
Slope 0
Intercept 0
SlopeAtHc -3.15368099009901E-08
dH1 -14.5782364821353
dH2 7473.7376
InitialSlope -2.95053239128272E-08
FieldAtHalfMs 0
FieldAtMs -14759.2
MomentMean 2.8751784829703E-04
MomentRMS 1.60184554142799E-04
SFD3 1.06942022026973
dH3 -954.908355281297
UserField1 0
UserField2 0
CenterField 0
ExchangeField 0
ExchangeMoment 0
ExRegionOneIntercept 0
ExRegionOneSlope 0
ExRegionTwoIntercept 0
ExRegionTwoSlope 0
NegativeIntercept 0
NegativeSlope 0
AutoCenterOffset 0
PinningField 0
PinningMoment 0
PinRegionOneIntercept 0
PinRegionOneSlope 0
PinRegionTwoIntercept 0
PinRegionTwoSlope 0
PositiveIntercept 0
PositiveSlope 0
TotalOffset 0
BHMax 0
BCoercivity 0
BRetentivity 0
BNegativeCoercivity 0
BPositiveCoercivity 0
BNegativeRetentivity 0
BPositiveRetentivity 0
MomentYMean 3.99598957425743E-06
MomentYRMS 2.37843719100355E-06
YOffCorrection 0
Mrt 0
Ms1 0
Ms2 0
Ms3 0
Hc2 0
Hex2 0
HsatValue 0
HsatIntercept 0
HsatSlope 0
CenterH 0
Span .0006017544
SpanAsPercentOfRange -40.11696
RMSAsPercentOfRange -10.6789702761866
SpanAsPercentOfMean 209.29288514233
RMSAsPercentOfMean 55.71290794348
