Version 1.25
******************************************** Units *******************************************
System CGS
TemperatureUnit K
MomentUnit emu
AppliedFieldUnit G
 
******************************************** Setup ********************************************
 
Experiment CustomField
Minor False
Acquisition PointByPoint
EditedPoint No
MaxField 15000
FieldIncrement 681.818181818182
Points 101
MinField 0
RampRate 0
AverageTime 5
TimeInterval 10
TimeConstant 1
TimeConstantIndex 2
Sensitivity -0.0015
SensitivityIndex 5
SensitivityY -4
SensitivityIndexY 0
SaturationField 8000
ExperimentTime 505
Use735Domains False
AutoRangeEnabled False
NumberOfVertices 11
VertexPts
0
8
17
33
42
50
58
67
83
92
100
VertexField
15000
5000
500
-500
-5000
-15000
-5000
-500
500
5000
15000
StartAngle 0
EndAngle 0
AngleIncrement 0
StartTemp 0
FinishTemp 0
TempIncrement 0
TempPoints 0
LengthofSetPointsArray 101
SetPointArray
15000
13750
12500
11250
10000
8750
7500
6250
5000
4500
4000
3500
3000
2500
2000
1500
1000
500
437.5
375
312.5
250
187.5
125
62.5
0
-62.5
-125
-187.5
-250
-312.5
-375
-437.5
-500
-1000
-1500
-2000
-2500
-3000
-3500
-4000
-4500
-5000
-6250
-7500
-8750
-10000
-11250
-12500
-13750
-15000
-13750
-12500
-11250
-10000
-8750
-7500
-6250
-5000
-4500
-4000
-3500
-3000
-2500
-2000
-1500
-1000
-500
-437.5
-375
-312.5
-250
-187.5
-125
-62.5
0
62.5
125
187.5
250
312.5
375
437.5
500
1000
1500
2000
2500
3000
3500
4000
4500
5000
6250
7500
8750
10000
11250
12500
13750
15000
FieldDomainFile c:\Ideasvsm\Default UserID\Experiments\Jason_1p5T_cus\fdomain.ini
TempDomainFile c:\Ideasvsm\Default UserID\Experiments\Jason_1p5T_cus\tdomain.ini
NumSelectedResults 0
ResultsSelected 
UserName1 
UserValue1 
UserName2 
UserValue2 
LinearBackgroundCorrection Off
MaxLinearFieldCorrection 
MinLinearFieldCorrection 
AutoLinearCorrection Off
FitOneRegion Off
BackgroundMode Off
BackgroundFilename 
AutoCenter Off
OffsetCorrection 
SmoothDeriv Off
DerivOrder 0
DerivPoints 0
MinExFieldOne 
MaxExFieldOne 
MinExFieldTwo 
MaxExFieldTwo 
MinPinFieldOne 
MaxPinFieldOne 
MinPinFieldTwo 
MaxPinFieldTwo 
HCenterStart 
Mass 
Volume 
Density 
MolarWeight 
NumberOfMoles 
Demagnetization 
SampleArea 
Thickness 
MomentScaling 0
XAxis 0
YAxis 0
SimpleSpinValve False
HsatMax 0
HsatMin 0
FieldAutoRange True
 
*************************************************** Experiment Data ********************************************
 
DataPoints 101
MomentX Data
-0.0001
-0.0000688949
-0.0000275699
0.00001451
0.0000534285
0.0000956692
0.000144878
0.000176489
0.000222447
0.0002454
0.000259955
0.000279642
0.000296944
0.000321114
0.000331883
0.000352729
0.000367746
0.000382823
0.000383715
0.00038541
0.000386362
0.000386717
0.000386314
0.000383913
0.000379368
0.00036179
0.00019247
0.000042897
0.0000367372
0.0000378521
0.0000371139
0.0000390508
0.0000407329
0.0000406155
0.0000564337
0.0000727129
0.0000901377
0.000111601
0.000126853
0.000148178
0.000166622
0.000179237
0.00020069
0.000256054
0.000294294
0.000328069
0.000373529
0.000415751
0.000452346
0.000495048
0.000528145
0.000493444
0.000454344
0.000412448
0.000369854
0.000326757
0.00027917
0.00023933
0.00019685
0.000176334
0.00015981
0.000139102
0.000119262
0.000105206
0.0000841291
0.0000642965
0.0000516063
0.0000341139
0.0000361364
0.0000345963
0.0000329477
0.000030905
0.0000311203
0.0000337398
0.0000390339
0.0000551577
0.000212172
0.000374027
0.000377666
0.000378181
0.000377549
0.000375687
0.000375388
0.000375569
0.000358957
0.000341036
0.000323631
0.000305493
0.000285334
0.000267761
0.000250187
0.000229694
0.000211614
0.000172881
0.000122055
0.0000744547
0.0000501705
0.00000374226
-0.0000451883
-0.0000822647
-0.000117
MomentY Data
0.00000302315
0.00000375748
0.00000181198
0.0000000572205
-0.000000810623
-0.000000629425
-0.0000004673
-0.000000677109
-0.00000084877
-0.00000112534
0.00000105858
-0.00000216484
-0.00000103951
-0.00000109673
-0.00000314713
-0.00000486374
-0.00000319481
-0.00000374794
-0.00000200272
-0.00000423431
-0.0000026989
-0.00000336647
-0.00000292778
-0.00000484467
-0.00000157356
0.000000238419
-0.000000963211
0.000000915527
-0.000000753403
-0.00000144005
-0.00000267029
-0.00000175476
-0.00000328064
-0.00000268936
-0.0000028801
-0.00000121117
-0.00000356674
0.0000000762939
0.000000772476
0.0000000953674
-0.00000153542
0.000000524521
-0.00000118256
0.000000705719
-0.0000004673
-0.00000138283
-0.00000366211
-0.00000300407
-0.00000285149
-0.00000374794
-0.00000479698
-0.000000886917
0.00000219345
-0.0000023365
-0.000000753403
-0.00000259399
0.000000524521
0.00000306129
-0.00000188828
0.000000572205
0.00000154495
0.00000308037
0.00000116348
0.000000724792
-0.000000286102
0.000000267029
-0.00000177383
-0.00000145912
-0.00000153542
-0.00000149727
-0.00000243187
0.000000171661
0
0.000000238419
0.000000495911
-0.000000867844
-0.000000429153
-0.00000212669
-0.00000297546
-0.00000264168
-0.00000217438
-0.00000332832
-0.00000109673
-0.00000309944
-0.000000314713
-0.000000677109
0.00000123978
0.00000444412
0.00000563622
0.00000545502
0.00000516891
0.00000344276
0.00000426292
0.00000700951
0.00000494003
0.00000504494
0.00000455856
0.00000277519
0.00000234604
0.0000018692
0.00000650406
Field Data
14746
13750
12500
11250
9999.98
8749.96
7499.97
6249.96
4999.96
4499.97
3999.97
3499.96
2999.97
2499.97
1999.98
1499.97
999.968
499.969
437.487
374.984
312.488
249.992
187.486
124.992
62.4961
-0.0106467
-62.5059
-125.007
-187.505
-250.013
-312.505
-375.006
-437.509
-500.011
-1000.02
-1500.02
-2000.03
-2500.03
-3000.03
-3500.03
-4000.03
-4500.05
-5000.05
-6250.07
-7500.07
-8750.05
-10000
-11250
-12500
-13750
-14754
-13750
-12500
-11250
-9999.99
-8749.98
-7499.95
-6249.97
-4999.96
-4499.96
-3999.97
-3499.98
-2999.98
-2499.97
-1999.97
-1499.98
-999.971
-499.966
-437.49
-374.993
-312.493
-249.993
-187.495
-124.995
-62.4916
0.00661094
62.5061
125.005
187.505
250.005
312.508
375.008
437.504
500.001
1000.02
1500.03
2000.03
2500.03
3000.04
3500.04
4000.04
4500.04
5000.04
6250.05
7500.06
8750.04
10000
11250
12500
13750
14757.4
Time Data
0
13.509
26.972
41.496
54.975
69.498
83.023
96.564
111.088
123.568
136.033
149.542
162.069
174.58
187.076
199.587
212.114
224.61
237.09
249.586
263.111
275.591
288.118
300.582
313.063
325.589
338.054
350.55
363.061
375.557
388.083
401.578
414.042
426.506
439.002
451.482
463.962
476.442
488.985
501.481
514.975
527.502
540.013
553.554
567.032
580.542
594.036
607.546
621.055
634.565
648.09
661.6
675.125
688.619
702.129
715.608
730.131
743.657
757.197
769.662
782.126
795.698
808.21
820.674
833.217
845.712
858.239
870.751
883.246
895.726
909.22
921.716
934.196
946.739
959.25
971.808
984.288
996.753
1009.23
1021.73
1034.27
1047.84
1060.35
1072.88
1086.39
1098.87
1111.4
1123.88
1136.39
1148.92
1162.43
1174.89
1187.36
1200.88
1214.45
1227.98
1241.52
1254.98
1268.52
1282
1295.54
Temperature Data
0
0
0
0
0
0
0
0
0
0
0
0
0
0
0
0
0
0
0
0
0
0
0
0
0
0
0
0
0
0
0
0
0
0
0
0
0
0
0
0
0
0
0
0
0
0
0
0
0
0
0
0
0
0
0
0
0
0
0
0
0
0
0
0
0
0
0
0
0
0
0
0
0
0
0
0
0
0
0
0
0
0
0
0
0
0
0
0
0
0
0
0
0
0
0
0
0
0
0
0
0
Angle Data
0
0
0
0
0
0
0
0
0
0
0
0
0
0
0
0
0
0
0
0
0
0
0
0
0
0
0
0
0
0
0
0
0
0
0
0
0
0
0
0
0
0
0
0
0
0
0
0
0
0
0
0
0
0
0
0
0
0
0
0
0
0
0
0
0
0
0
0
0
0
0
0
0
0
0
0
0
0
0
0
0
0
0
0
0
0
0
0
0
0
0
0
0
0
0
0
0
0
0
0
0
Bx Data
0
0
0
0
0
0
0
0
0
0
0
0
0
0
0
0
0
0
0
0
0
0
0
0
0
0
0
0
0
0
0
0
0
0
0
0
0
0
0
0
0
0
0
0
0
0
0
0
0
0
0
0
0
0
0
0
0
0
0
0
0
0
0
0
0
0
0
0
0
0
0
0
0
0
0
0
0
0
0
0
0
0
0
0
0
0
0
0
0
0
0
0
0
0
0
0
0
0
0
0
0
Hint Data
0
0
0
0
0
0
0
0
0
0
0
0
0
0
0
0
0
0
0
0
0
0
0
0
0
0
0
0
0
0
0
0
0
0
0
0
0
0
0
0
0
0
0
0
0
0
0
0
0
0
0
0
0
0
0
0
0
0
0
0
0
0
0
0
0
0
0
0
0
0
0
0
0
0
0
0
0
0
0
0
0
0
0
0
0
0
0
0
0
0
0
0
0
0
0
0
0
0
0
0
0
Torque Data
0.0445793699
0.05166535
0.02264975
0.000643730625
-0.00810621378754
-0.005507443573
-0.003504735981
-0.00423190416564
-0.0042438160492
-0.0050639962398
0.0042342882426
-0.0075768534064
-0.0031184988147
-0.0027417920981
-0.0062941970574
-0.0072954640878
-0.00319470776608
-0.00187385381386
-0.00087616396464
-0.00158779850104
-0.0008433738632
-0.00084159056824
-0.00054891776108
-0.00060554499264
-0.000098341363116
-2.5383755673E-09
6.02063704449E-05
-0.000114447283689
0.000141266829515
0.00036003122065
0.00083447897645
0.00065804552856
0.00143530952576
0.00134470958296
0.002880157602
0.0018167792234
0.0071335870022
-0.000190737038817
-0.00231745117428
-0.000333788761022
0.0061417260626
-0.00236037072605
0.005912859128
-0.00441079315033
0.003504782711
0.0120998316415
0.0366211
0.0337957875
0.035643625
0.051534175
0.07077464292
0.01219510875
-0.027418125
0.026285625
0.00753402246597
0.0226973606202
-0.00393388127395
-0.0191329706613
0.0094413244688
-0.0025748996118
-0.0061797536515
-0.0107812333926
-0.0034904167304
-0.00181195825624
0.00057219541694
-0.00040053815942
0.00177377855893
0.00072951038992
0.0006717308958
0.00056146576911
0.00075994235191
-0.000042914048373
0
-0.000029801182905
-3.09902718476E-05
-5.73726461336E-09
-2.68246803333E-05
-0.00026584688345
-0.0005579136273
-0.0006604332084
-0.00067951114504
-0.00124814662656
-0.00047982376192
-0.00154972309944
-0.00031471929426
-0.00101568381327
0.0024795971934
0.0111104333236
0.0169088854488
0.0190927882008
0.0206758467564
0.0154925577104
0.0213147705168
0.0438097879755
0.0370505214018
0.0441434267976
0.0455856
0.0312208875
0.0293255
0.0257015
0.095983015044
dMdH Data
-3.12300200803213E-08
-0.00000003306
-0.00000003366392
-3.11343018511704E-08
-3.37920193276907E-08
-3.93673549388396E-08
-2.52885976912185E-08
-0.0000000367664
-4.59069181383628E-08
-2.91099999999999E-08
-3.93732125357493E-08
-3.46046920938419E-08
-0.00000004834
-2.15384307686154E-08
-4.16911661766764E-08
-3.00338798644806E-08
-3.01540603081206E-08
-1.42761115201179E-08
-2.71186983024809E-08
-1.52329749103947E-08
-5.68036354326686E-09
6.44738105141911E-09
3.84196882900762E-08
7.27247707449609E-08
2.8121764334281E-07
2.70932576570579E-06
2.39312588098449E-06
9.85599539185254E-08
-1.7836116977027E-08
1.18127120271396E-08
-3.09899041615335E-08
-2.69123082092059E-08
1.87833989312342E-09
-3.163583055505E-08
-0.0000000325584
-3.48489030219396E-08
-0.0000000429266
-0.000000030504
-0.00000004265
-0.000000036888
-2.52289908403664E-08
-0.000000042906
-4.42904913521384E-08
-0.000000030592
-2.70204323269172E-08
-3.63694547781911E-08
-0.0000000337776
-0.000000029276
-0.0000000341616
-3.29651394422311E-08
-3.45627490039841E-08
-0.00000003128
-0.0000000335168
-3.40749274005808E-08
-3.44773241814066E-08
-3.80686863515276E-08
-3.18725099601594E-08
-3.3983728130175E-08
-0.000000041032
-3.30486609732194E-08
-4.14168283365668E-08
-0.00000003968
-2.81114377712446E-08
-0.0000000421538
-3.96659933198664E-08
-2.53799431610231E-08
-3.49844501554984E-08
3.23724310135092E-08
-2.4642782853577E-08
-2.63775999999999E-08
-0.0000000326832
3.44491023712755E-09
0.000000041912
8.47009922660207E-08
2.57988184901473E-07
2.51224933773883E-06
2.58972557917019E-06
5.82240000000008E-08
8.23999999999964E-09
-1.01115146472966E-08
-2.97920000000007E-08
-4.78430619559638E-09
2.8961390146732E-09
-3.32227375359736E-08
-3.58412831743365E-08
-0.00000003481
-0.000000036276
-4.03171936561269E-08
-0.000000035146
-3.51479999999999E-08
-4.09860000000001E-08
-0.00000003616
-3.09861521107831E-08
-4.06604747162023E-08
-3.80808492935887E-08
-1.94279816954143E-08
-0.000000037142592
-0.000000039144448
-0.00000002966112
-3.4480146912845E-08
-3.4480146912845E-08
dMdT Data
0
0
0
0
0
0
0
0
0
0
0
0
0
0
0
0
0
0
0
0
0
0
0
0
0
0
0
0
0
0
0
0
0
0
0
0
0
0
0
0
0
0
0
0
0
0
0
0
0
0
0
0
0
0
0
0
0
0
0
0
0
0
0
0
0
0
0
0
0
0
0
0
0
0
0
0
0
0
0
0
0
0
0
0
0
0
0
0
0
0
0
0
0
0
0
0
0
0
0
0
0
 
*********************************************** Results ***************************************
 
TotalArea 0.289382585570665
AreaFirstQuad 0.156249833014078
AreaSecondQuad 0.1025236900323
AreaThirdQuad 0
AreaFourthQuad 3.06090625242869E-02
Coercivity 167.711983410785
PositiveCoercivity 11345.6012970217
NegativeCoercivity 11681.0252638433
Retentivity 1.53318499792147E-04
PositiveRetentivity 3.61792994039883E-04
NegativeRetentivity 5.51559944555889E-05
Magnetization 0.0003225725
PositiveMagnetization 0.000528145
NegativeMagnetization -0.000117
Flatness 0.720709371666623
Squareness 0.475299350664261
SStar 28.1559987454115
SFD1 14.2711636657678
SFD2 0.745324498928807
Slope 0
Intercept 0
SlopeAtHc -0.00000003366392
dH1 -2225.73318055507
dH2 124.99985
InitialSlope -3.12300200803213E-08
FieldAtHalfMs 0
FieldAtMs -14754
MomentMean 2.05588544158416E-04
MomentRMS 1.57770972811318E-04
SFD3 28.9413591679892
dH3 -4686.10076525659
UserField1 0
UserField2 0
CenterField 0
ExchangeField 0
ExchangeMoment 0
ExRegionOneIntercept 0
ExRegionOneSlope 0
ExRegionTwoIntercept 0
ExRegionTwoSlope 0
NegativeIntercept 0
NegativeSlope 0
AutoCenterOffset 0
PinningField 0
PinningMoment 0
PinRegionOneIntercept 0
PinRegionOneSlope 0
PinRegionTwoIntercept 0
PinRegionTwoSlope 0
PositiveIntercept 0
PositiveSlope 0
TotalOffset 0
BHMax 0
BCoercivity 0
BRetentivity 0
BNegativeCoercivity 0
BPositiveCoercivity 0
BNegativeRetentivity 0
BPositiveRetentivity 0
MomentYMean -3.43606437623762E-07
MomentYRMS 2.67969846066653E-06
YOffCorrection 0
Mrt 0
Ms1 0
Ms2 0
Ms3 0
Hc2 0
Hex2 0
HsatValue 0
HsatIntercept 0
HsatSlope 0
CenterH 0
Span .000645145
SpanAsPercentOfRange -43.0096666666667
RMSAsPercentOfRange -10.5180648540878
SpanAsPercentOfMean 313.803963465438
RMSAsPercentOfMean 76.7411304249265
