Version 1.25
******************************************** Units *******************************************
System CGS
TemperatureUnit K
MomentUnit emu
AppliedFieldUnit G
 
******************************************** Setup ********************************************
 
Experiment CustomField
Minor False
Acquisition PointByPoint
EditedPoint No
MaxField 15000
FieldIncrement 681.818181818182
Points 101
MinField 0
RampRate 0
AverageTime 5
TimeInterval 10
TimeConstant 1
TimeConstantIndex 2
Sensitivity -0.0015
SensitivityIndex 5
SensitivityY -4
SensitivityIndexY 0
SaturationField 8000
ExperimentTime 505
Use735Domains False
AutoRangeEnabled False
NumberOfVertices 11
VertexPts
0
8
17
33
42
50
58
67
83
92
100
VertexField
15000
5000
500
-500
-5000
-15000
-5000
-500
500
5000
15000
StartAngle 0
EndAngle 0
AngleIncrement 0
StartTemp 0
FinishTemp 0
TempIncrement 0
TempPoints 0
LengthofSetPointsArray 101
SetPointArray
15000
13750
12500
11250
10000
8750
7500
6250
5000
4500
4000
3500
3000
2500
2000
1500
1000
500
437.5
375
312.5
250
187.5
125
62.5
0
-62.5
-125
-187.5
-250
-312.5
-375
-437.5
-500
-1000
-1500
-2000
-2500
-3000
-3500
-4000
-4500
-5000
-6250
-7500
-8750
-10000
-11250
-12500
-13750
-15000
-13750
-12500
-11250
-10000
-8750
-7500
-6250
-5000
-4500
-4000
-3500
-3000
-2500
-2000
-1500
-1000
-500
-437.5
-375
-312.5
-250
-187.5
-125
-62.5
0
62.5
125
187.5
250
312.5
375
437.5
500
1000
1500
2000
2500
3000
3500
4000
4500
5000
6250
7500
8750
10000
11250
12500
13750
15000
FieldDomainFile c:\Ideasvsm\Default UserID\Experiments\Jason_1p5T_cus\fdomain.ini
TempDomainFile c:\Ideasvsm\Default UserID\Experiments\Jason_1p5T_cus\tdomain.ini
NumSelectedResults 0
ResultsSelected 
UserName1 
UserValue1 
UserName2 
UserValue2 
LinearBackgroundCorrection Off
MaxLinearFieldCorrection 
MinLinearFieldCorrection 
AutoLinearCorrection Off
FitOneRegion Off
BackgroundMode Off
BackgroundFilename 
AutoCenter Off
OffsetCorrection 
SmoothDeriv Off
DerivOrder 0
DerivPoints 0
MinExFieldOne 
MaxExFieldOne 
MinExFieldTwo 
MaxExFieldTwo 
MinPinFieldOne 
MaxPinFieldOne 
MinPinFieldTwo 
MaxPinFieldTwo 
HCenterStart 
Mass 
Volume 
Density 
MolarWeight 
NumberOfMoles 
Demagnetization 
SampleArea 
Thickness 
MomentScaling 0
XAxis 0
YAxis 0
SimpleSpinValve False
HsatMax 0
HsatMin 0
FieldAutoRange True
 
*************************************************** Experiment Data ********************************************
 
DataPoints 101
MomentX Data
0.0000441345
0.0000724372
0.000111611
0.000151581
0.000180578
0.00021833
0.000252251
0.000301681
0.000334479
0.000355653
0.000360948
0.00037906
0.000394083
0.000411557
0.000425766
0.000440022
0.000451631
0.000460345
0.000461246
0.000460239
0.000457787
0.000457205
0.000455766
0.000453431
0.000443383
0.000424098
0.000311429
0.0000827968
0.000075432
0.0000732912
0.0000724161
0.0000690529
0.0000699587
0.0000696989
0.0000794959
0.0000953698
0.000109735
0.000124737
0.000144961
0.000155675
0.000178943
0.000194436
0.000209987
0.000247689
0.000288477
0.000326857
0.000364816
0.000398723
0.000440548
0.000480082
0.000507937
0.000474168
0.000437672
0.000394606
0.000353324
0.000315501
0.000272002
0.000234837
0.000184803
0.000179448
0.000155553
0.000138252
0.000121894
0.000106518
0.0000839815
0.0000741878
0.0000549248
0.000047652
0.000043776
0.0000422182
0.0000412307
0.0000390618
0.0000421059
0.0000439778
0.0000478395
0.000066044
0.000163912
0.000406028
0.000412297
0.000413132
0.000412314
0.000411499
0.000412194
0.000409132
0.000397493
0.000384392
0.000360227
0.000343745
0.0003283
0.000308777
0.000292964
0.00026979
0.000261969
0.000215438
0.000166306
0.000139696
0.0000952933
0.0000574712
0.0000203163
-0.00001953
-0.0000481296
MomentY Data
0.00000184059
-0.000000619888
-0.00000115395
-0.00000182152
-0.00000142097
-0.000000219345
-0.00000209808
-0.000000400543
-0.000000200272
-0.00000116348
-0.00000289917
-0.00000118256
-0.00000370026
-0.00000293732
-0.00000435829
-0.00000551224
-0.00000549316
-0.00000447273
-0.00000403404
-0.00000491142
-0.00000342369
-0.00000358582
-0.00000437737
-0.00000335693
-0.0000019455
-0.00000364304
-0.00000417709
-0.00000217438
-0.00000231743
-0.000001688
-0.00000274658
-0.00000198364
-0.00000197411
-0.00000351906
-0.00000157356
-0.00000127792
-0.0000026226
-0.00000170708
-0.0000025177
-0.00000164986
0.00000087738
-0.000000038147
-0.000000667572
-0.00000267029
-0.00000252724
-0.00000358582
-0.00000317574
-0.00000432014
-0.00000226021
-0.00000448227
-0.00000388145
-0.00000275612
0.00000133514
0.00000305176
-0.00000199318
-0.00000197411
-0.000000495911
-0.00000038147
-0.000000953674
0.000000257492
0.000000991821
-0.00000346184
-0.00000126839
-0.000001688
-0.00000507355
-0.0000042057
-0.00000609398
-0.00000490189
-0.00000387192
-0.00000289917
-0.00000342369
-0.00000370979
-0.00000283241
-0.00000430107
-0.00000475883
-0.00000391006
-0.00000442505
-0.00000590324
-0.00000575066
-0.0000053978
-0.00000445366
-0.00000621796
-0.00000492096
-0.00000305176
-0.00000545502
-0.00000524521
-0.00000662804
-0.00000530243
-0.00000437737
-0.00000355721
-0.00000473976
-0.0000039196
-0.00000211716
-0.00000299454
-0.00000366211
-0.00000440598
-0.00000270844
-0.00000300407
-0.000000305176
-0.00000397682
0.000000658035
Field Data
14755.5
13750
12500
11250
9999.98
8749.97
7499.96
6249.97
4999.97
4499.97
3999.97
3499.97
2999.96
2499.97
1999.97
1499.98
999.974
499.972
437.491
374.988
312.486
249.988
187.491
124.991
62.4925
-0.00989269
-62.5103
-125.005
-187.509
-250.009
-312.508
-375.002
-437.502
-500.01
-1000.02
-1500.02
-2000.03
-2500.04
-3000.04
-3500.03
-4000.04
-4500.05
-5000.03
-6250.06
-7500.05
-8750.04
-10000
-11250
-12500
-13750
-14759.3
-13750
-12500
-11250
-9999.99
-8749.97
-7499.96
-6249.97
-4999.97
-4499.97
-3999.99
-3499.99
-2999.98
-2499.99
-1999.97
-1499.97
-999.973
-499.97
-437.488
-374.99
-312.492
-249.993
-187.49
-124.993
-62.4881
0.0125914
62.5088
125.007
187.511
250.004
312.507
375.007
437.505
500.01
1000.02
1500.02
2000.03
2500.03
3000.04
3500.03
4000.03
4500.03
5000.04
6250.07
7500.05
8750.03
10000
11250
12500
13750
14759.5
Time Data
0
13.51
27.004
40.513
54.086
67.564
81.027
94.552
108.077
120.573
133.053
146.532
159.043
171.554
184.097
196.608
209.104
221.568
234.064
246.513
260.007
272.487
284.983
297.478
309.974
322.407
334.872
347.399
359.925
372.437
384.964
398.458
410.953
424.479
436.959
449.439
461.919
474.415
486.895
499.406
512.884
525.365
537.891
551.401
564.911
578.389
591.915
605.471
618.95
632.475
646
659.51
673.019
686.498
700.07
713.595
727.105
740.615
754.109
766.651
779.116
792.625
805.106
817.664
830.191
842.686
855.166
868.692
881.187
893.714
907.271
919.719
932.262
945.787
958.267
970.794
983.243
995.708
1008.2
1020.68
1033.16
1046.72
1059.18
1071.68
1084.21
1096.72
1109.2
1121.69
1134.21
1146.7
1160.23
1172.75
1185.23
1198.74
1212.22
1225.75
1239.27
1252.8
1266.32
1279.83
1293.39
Temperature Data
0
0
0
0
0
0
0
0
0
0
0
0
0
0
0
0
0
0
0
0
0
0
0
0
0
0
0
0
0
0
0
0
0
0
0
0
0
0
0
0
0
0
0
0
0
0
0
0
0
0
0
0
0
0
0
0
0
0
0
0
0
0
0
0
0
0
0
0
0
0
0
0
0
0
0
0
0
0
0
0
0
0
0
0
0
0
0
0
0
0
0
0
0
0
0
0
0
0
0
0
0
Angle Data
0
0
0
0
0
0
0
0
0
0
0
0
0
0
0
0
0
0
0
0
0
0
0
0
0
0
0
0
0
0
0
0
0
0
0
0
0
0
0
0
0
0
0
0
0
0
0
0
0
0
0
0
0
0
0
0
0
0
0
0
0
0
0
0
0
0
0
0
0
0
0
0
0
0
0
0
0
0
0
0
0
0
0
0
0
0
0
0
0
0
0
0
0
0
0
0
0
0
0
0
0
Bx Data
0
0
0
0
0
0
0
0
0
0
0
0
0
0
0
0
0
0
0
0
0
0
0
0
0
0
0
0
0
0
0
0
0
0
0
0
0
0
0
0
0
0
0
0
0
0
0
0
0
0
0
0
0
0
0
0
0
0
0
0
0
0
0
0
0
0
0
0
0
0
0
0
0
0
0
0
0
0
0
0
0
0
0
0
0
0
0
0
0
0
0
0
0
0
0
0
0
0
0
0
0
Hint Data
0
0
0
0
0
0
0
0
0
0
0
0
0
0
0
0
0
0
0
0
0
0
0
0
0
0
0
0
0
0
0
0
0
0
0
0
0
0
0
0
0
0
0
0
0
0
0
0
0
0
0
0
0
0
0
0
0
0
0
0
0
0
0
0
0
0
0
0
0
0
0
0
0
0
0
0
0
0
0
0
0
0
0
0
0
0
0
0
0
0
0
0
0
0
0
0
0
0
0
0
0
Torque Data
0.027158825745
-0.00852346
-0.014424375
-0.0204921
-0.0142096715806
-0.00191926216965
-0.0157355160768
-0.00250338173371
-0.00100135399184
-0.0052356250956
-0.0115965930249
-0.0041389245232
-0.0111006319896
-0.0073432118804
-0.0087164492513
-0.0082682497552
-0.00549301717784
-0.00223623976356
-0.00176485619364
-0.00184172356296
-0.00106985519334
-0.00089641197016
-0.00082071747867
-0.00041958603763
-0.00012157915875
3.60394653776E-08
0.000261111149027
0.0002718083719
0.00043453898187
0.000422015192
0.00085832822264
0.00074386896728
0.00086367707322
0.0017595651906
0.0015735914712
0.0019169055584
0.005245278678
0.0042677682832
0.007553200708
0.0057745594958
-0.0035095550952
0.00017166340735
0.00333788002716
0.0166894727174
0.018954426362
0.0313760684328
0.0317574
0.048601575
0.028252625
0.0616312125
0.057287484985
0.03789665
-0.01668925
-0.0343323
0.0199317800682
0.0172734032767
0.00371931266356
0.0023841760559
0.00476834138978
-0.00115870627524
-0.00396727408179
0.0121164053816
0.0038051446322
0.00421998312
0.0101469477935
0.006308423829
0.00609381546254
0.0024507979433
0.00169391853696
0.0010871597583
0.00106987573548
0.00092742153147
0.0005310485509
0.00053760364251
0.000297370244923
-4.9233129484E-08
-0.00027660456544
-0.00073794632268
-0.00107831200726
-0.0013494715912
-0.00139179992562
-0.00233177852572
-0.0021529446048
-0.0015259105176
-0.0054551291004
-0.0078679199042
-0.0132562788412
-0.0132562340729
-0.0131322850948
-0.0124503417163
-0.0189591821928
-0.017638317588
-0.0105858846864
-0.0187160846178
-0.0274660081055
-0.0385524571794
-0.0270844
-0.0337957875
-0.0038147
-0.054681275
0.0097122675825
dMdH Data
-2.81478866235704E-08
-0.00000003133904
-0.000000031976
-2.31972288443385E-08
-3.02013583891329E-08
-2.71365829073367E-08
-3.95443163545308E-08
-0.0000000262384
-0.000000042348
-0.00000001059
-3.62240000000001E-08
-3.00453990920181E-08
-3.49486989739795E-08
-0.000000028418
-2.8512570251405E-08
-2.32177213873434E-08
-1.74279302882788E-08
-1.44203837966739E-08
1.61112266611207E-08
3.92307446161716E-08
9.31229799353583E-09
2.30251052050498E-08
3.73600000000002E-08
1.60771858524605E-07
3.08548187837383E-07
1.8026922519267E-06
3.65842543447684E-06
1.17829258927429E-07
3.42528000000001E-08
1.40018240291845E-08
5.38163663711716E-08
-1.44928000000001E-08
4.1562679976963E-09
-1.95936081278374E-08
-0.0000000317478
-2.87298254034919E-08
-3.00033999320014E-08
-0.000000040448
-2.14284285685713E-08
-4.65350692986141E-08
-3.09853802923941E-08
-3.11032441297652E-08
-3.01608761389727E-08
-3.26306610452884E-08
-3.07042456339651E-08
-3.0368171781497E-08
-0.0000000271256
-0.00000003346
-0.0000000316272
-2.75983354800357E-08
-3.34578420687605E-08
-0.0000000291968
-0.0000000344528
-3.30253357973136E-08
-3.0257915873346E-08
-3.47989216086272E-08
-2.97322378579028E-08
-0.0000000400272
-0.00000001071
-4.7791911676467E-08
-0.000000034602
-3.27153456930862E-08
-3.0752615052301E-08
-4.50711971521139E-08
-0.0000000195874
-3.85262311573869E-08
-1.45455127269236E-08
-6.20338657533368E-08
-2.49255976191238E-08
-1.58005056161798E-08
-3.47029552472839E-08
4.87032622434123E-08
2.9951837688209E-08
6.1782356263269E-08
2.91268777868272E-07
1.56598299628691E-06
3.87396757026602E-06
1.00297580954819E-07
1.33614964876062E-08
-1.30873718061529E-08
-1.30399999999998E-08
1.11203558513871E-08
-4.8988080953524E-08
-2.3277534449311E-08
-0.000000026202
-4.83290334193316E-08
-0.000000032964
-3.08893822123558E-08
-3.90467809356187E-08
-0.000000031626
-0.000000046348
-1.56416871662566E-08
-3.7223906626241E-08
-3.93062288996624E-08
-2.12883406134498E-08
-3.55230125523013E-08
-0.00000003025768
-0.00000002972392
-0.00000003187704
-2.83304606240713E-08
-2.83304606240713E-08
dMdT Data
0
0
0
0
0
0
0
0
0
0
0
0
0
0
0
0
0
0
0
0
0
0
0
0
0
0
0
0
0
0
0
0
0
0
0
0
0
0
0
0
0
0
0
0
0
0
0
0
0
0
0
0
0
0
0
0
0
0
0
0
0
0
0
0
0
0
0
0
0
0
0
0
0
0
0
0
0
0
0
0
0
0
0
0
0
0
0
0
0
0
0
0
0
0
0
0
0
0
0
0
0
 
*********************************************** Results ***************************************
 
TotalArea 1.42691467799216
AreaFirstQuad 1.15328448777019
AreaSecondQuad 0.233301492725674
AreaThirdQuad 0
AreaFourthQuad 4.03286974962974E-02
Coercivity 13137.333328314
PositiveCoercivity 0
NegativeCoercivity 13137.333328314
Retentivity 1.79030359926631E-04
PositiveRetentivity 4.24101052371572E-04
NegativeRetentivity 6.60403325183104E-05
Magnetization 0.0002780333
PositiveMagnetization 0.000507937
NegativeMagnetization -0.0000481296
Flatness -1.01279759914172
Squareness 0.643916969394065
SStar 1.42750527527657
SFD1 1.22394769730026
SFD2 0.561739187239764
Slope 0
Intercept 0
SlopeAtHc -0.00000003187704
dH1 -2942.07554754184
dH2 7379.754946345
InitialSlope -2.81478866235704E-08
FieldAtHalfMs 0
FieldAtMs -14759.3
MomentMean 2.44974764356436E-04
MomentRMS 1.56162297037656E-04
SFD3 1.11832254124515
dH3 -1554.44266459073
UserField1 0
UserField2 0
CenterField 0
ExchangeField 0
ExchangeMoment 0
ExRegionOneIntercept 0
ExRegionOneSlope 0
ExRegionTwoIntercept 0
ExRegionTwoSlope 0
NegativeIntercept 0
NegativeSlope 0
AutoCenterOffset 0
PinningField 0
PinningMoment 0
PinRegionOneIntercept 0
PinRegionOneSlope 0
PinRegionTwoIntercept 0
PinRegionTwoSlope 0
PositiveIntercept 0
PositiveSlope 0
TotalOffset 0
BHMax 0
BCoercivity 0
BRetentivity 0
BNegativeCoercivity 0
BPositiveCoercivity 0
BNegativeRetentivity 0
BPositiveRetentivity 0
MomentYMean -2.84091128712871E-06
MomentYRMS 1.93145072102663E-06
YOffCorrection 0
Mrt 0
Ms1 0
Ms2 0
Ms3 0
Hc2 0
Hex2 0
HsatValue 0
HsatIntercept 0
HsatSlope 0
CenterH 0
Span .0005560666
SpanAsPercentOfRange -37.0711066666667
RMSAsPercentOfRange -10.4108198025104
SpanAsPercentOfMean 226.989339681915
RMSAsPercentOfMean 63.746279110791
