Version 1.25
******************************************** Units *******************************************
System CGS
TemperatureUnit K
MomentUnit emu
AppliedFieldUnit G
 
******************************************** Setup ********************************************
 
Experiment CustomField
Minor False
Acquisition PointByPoint
EditedPoint No
MaxField 15000
FieldIncrement 681.818181818182
Points 101
MinField 0
RampRate 0
AverageTime 5
TimeInterval 10
TimeConstant 1
TimeConstantIndex 2
Sensitivity -0.0015
SensitivityIndex 5
SensitivityY -4
SensitivityIndexY 0
SaturationField 8000
ExperimentTime 505
Use735Domains False
AutoRangeEnabled False
NumberOfVertices 11
VertexPts
0
8
17
33
42
50
58
67
83
92
100
VertexField
15000
5000
500
-500
-5000
-15000
-5000
-500
500
5000
15000
StartAngle 0
EndAngle 0
AngleIncrement 0
StartTemp 0
FinishTemp 0
TempIncrement 0
TempPoints 0
LengthofSetPointsArray 101
SetPointArray
15000
13750
12500
11250
10000
8750
7500
6250
5000
4500
4000
3500
3000
2500
2000
1500
1000
500
437.5
375
312.5
250
187.5
125
62.5
0
-62.5
-125
-187.5
-250
-312.5
-375
-437.5
-500
-1000
-1500
-2000
-2500
-3000
-3500
-4000
-4500
-5000
-6250
-7500
-8750
-10000
-11250
-12500
-13750
-15000
-13750
-12500
-11250
-10000
-8750
-7500
-6250
-5000
-4500
-4000
-3500
-3000
-2500
-2000
-1500
-1000
-500
-437.5
-375
-312.5
-250
-187.5
-125
-62.5
0
62.5
125
187.5
250
312.5
375
437.5
500
1000
1500
2000
2500
3000
3500
4000
4500
5000
6250
7500
8750
10000
11250
12500
13750
15000
FieldDomainFile c:\Ideasvsm\Default UserID\Experiments\Jason_1p5T_cus\fdomain.ini
TempDomainFile c:\Ideasvsm\Default UserID\Experiments\Jason_1p5T_cus\tdomain.ini
NumSelectedResults 0
ResultsSelected 
UserName1 
UserValue1 
UserName2 
UserValue2 
LinearBackgroundCorrection Off
MaxLinearFieldCorrection 
MinLinearFieldCorrection 
AutoLinearCorrection Off
FitOneRegion Off
BackgroundMode Off
BackgroundFilename 
AutoCenter Off
OffsetCorrection 
SmoothDeriv Off
DerivOrder 0
DerivPoints 0
MinExFieldOne 
MaxExFieldOne 
MinExFieldTwo 
MaxExFieldTwo 
MinPinFieldOne 
MaxPinFieldOne 
MinPinFieldTwo 
MaxPinFieldTwo 
HCenterStart 
Mass 
Volume 
Density 
MolarWeight 
NumberOfMoles 
Demagnetization 
SampleArea 
Thickness 
MomentScaling 0
XAxis 0
YAxis 0
SimpleSpinValve False
HsatMax 0
HsatMin 0
FieldAutoRange True
 
*************************************************** Experiment Data ********************************************
 
DataPoints 77
MomentX Data
0.0000296489
0.0000621453
0.000097079
0.000138857
0.000174895
0.000219091
0.000244873
0.0002961
0.000331429
0.000346293
0.000363686
0.000382544
0.000394926
0.000411025
0.000429043
0.000447203
0.00045799
0.000472891
0.00047284
0.00047192
0.000472441
0.000472528
0.000472197
0.000470765
0.000465126
0.000437614
0.00013209
0.0000988338
0.0000909648
0.000087062
0.0000870677
0.0000867655
0.0000859685
0.0000854726
0.000100094
0.000117287
0.00013248
0.000149496
0.000167372
0.000183227
0.000204779
0.000216297
0.000230268
0.000281016
0.000315626
0.00034702
0.000397986
0.00043187
0.000470593
0.000507074
0.000535761
0.000505865
0.000465239
0.000428041
0.00039037
0.000346413
0.000305616
0.000261362
0.000211343
0.00020157
0.000185369
0.0001649
0.000146721
0.000128543
0.000114674
0.0000944812
0.0000809439
0.0000634044
0.0000626264
0.0000593281
0.0000591639
0.0000581043
0.0000573062
0.0000572784
0.0000598615
0.0000836539
0.000388708
MomentY Data
0.00000499725
0.00000450134
0.00000156403
0.00000164032
0.00000079155
0.000000505447
0.000000953674
0.00000226974
0.00000347137
0.00000397682
0.0000020504
0.00000197411
-0.00000038147
-0.00000115395
-0.00000170708
-0.00000227928
-0.00000376701
-0.00000462532
-0.00000527382
-0.00000359535
-0.00000347137
-0.00000374794
-0.000002985
-0.00000427246
-0.00000170708
-0.00000207901
-0.000000181198
-0.00000112534
-0.00000138283
-0.00000179291
-0.00000306129
-0.00000448227
-0.00000366211
-0.00000352859
-0.00000402451
-0.000000505447
-0.00000319481
-0.00000131607
0.000000400543
0.00000187874
-0.00000309944
0.00000247955
0.00000104904
-0.00000160217
-0.00000161171
-0.00000123024
-0.00000170708
-0.00000100136
-0.00000236511
-0.00000117302
-0.00000510216
-0.000000915527
-0.00000360489
-0.00000497818
-0.000000553131
-0.00000153542
-0.00000203133
-0.0000025177
0.00000123024
-0.00000226021
0.0000000476837
0.000000324249
-0.00000104904
-0.000000772476
-0.00000199318
-0.00000431061
-0.00000401497
-0.00000387192
-0.00000356674
-0.00000379562
-0.00000407219
-0.00000427246
-0.00000267982
-0.0000014019
-0.00000201225
-0.00000296593
-0.00000486374
Field Data
14752.1
13750
12500
11250
9999.98
8749.97
7499.95
6249.95
4999.97
4499.98
3999.97
3499.97
2999.98
2499.97
1999.98
1499.98
999.972
499.969
437.485
374.99
312.49
249.99
187.491
124.994
62.4929
-0.00740221
-62.5063
-125.007
-187.508
-250.009
-312.513
-375.007
-437.506
-500.007
-1000.02
-1500.03
-2000.03
-2500.03
-3000.03
-3500.04
-4000.04
-4500.03
-5000.04
-6250.06
-7500.07
-8750.05
-10000
-11250
-12500
-13750
-14757.9
-13750
-12500
-11250
-9999.99
-8749.97
-7499.96
-6249.97
-4999.95
-4499.97
-3999.97
-3500
-2999.98
-2499.99
-1999.97
-1499.97
-999.967
-499.968
-437.495
-374.991
-312.49
-249.988
-187.492
-124.991
-62.493
0.00827813
62.503
Time Data
0
13.479
26.973
40.483
54.024
67.487
80.981
94.49
108.031
120.511
133.054
146.532
159.044
171.57
184.066
196.546
209.089
221.616
234.142
246.607
260.117
272.612
285.077
297.588
310.115
322.657
335.122
347.633
360.113
372.578
385.089
398.599
411.11
423.59
436.086
448.581
461.093
473.604
486.068
498.502
513.041
525.537
538.032
551.526
565.052
578.546
592.071
605.628
619.137
632.616
646.094
659.62
673.176
686.701
700.195
713.721
727.215
740.724
754.234
767.744
780.224
793.765
807.274
819.77
832.266
844.777
857.273
869.768
882.249
894.775
908.27
920.796
933.323
945.835
958.299
970.842
983.353
Temperature Data
0
0
0
0
0
0
0
0
0
0
0
0
0
0
0
0
0
0
0
0
0
0
0
0
0
0
0
0
0
0
0
0
0
0
0
0
0
0
0
0
0
0
0
0
0
0
0
0
0
0
0
0
0
0
0
0
0
0
0
0
0
0
0
0
0
0
0
0
0
0
0
0
0
0
0
0
0
Angle Data
0
0
0
0
0
0
0
0
0
0
0
0
0
0
0
0
0
0
0
0
0
0
0
0
0
0
0
0
0
0
0
0
0
0
0
0
0
0
0
0
0
0
0
0
0
0
0
0
0
0
0
0
0
0
0
0
0
0
0
0
0
0
0
0
0
0
0
0
0
0
0
0
0
0
0
0
0
Bx Data
0
0
0
0
0
0
0
0
0
0
0
0
0
0
0
0
0
0
0
0
0
0
0
0
0
0
0
0
0
0
0
0
0
0
0
0
0
0
0
0
0
0
0
0
0
0
0
0
0
0
0
0
0
0
0
0
0
0
0
0
0
0
0
0
0
0
0
0
0
0
0
0
0
0
0
0
0
Hint Data
0
0
0
0
0
0
0
0
0
0
0
0
0
0
0
0
0
0
0
0
0
0
0
0
0
0
0
0
0
0
0
0
0
0
0
0
0
0
0
0
0
0
0
0
0
0
0
0
0
0
0
0
0
0
0
0
0
0
0
0
0
0
0
0
0
0
0
0
0
0
0
0
0
0
0
0
0
Torque Data
0.073719931725
0.061893425
0.019550375
0.0184536
0.007915484169
0.00442264608659
0.0071525073163
0.014185761513
0.0173567458589
0.0178956104636
0.008201538488
0.0069093257767
-0.0011444023706
-0.0028848403815
-0.0034141258584
-0.0034188744144
-0.00376690452372
-0.00231251661508
-0.0023072171427
-0.0013482202965
-0.0010847684113
-0.0009369475206
-0.000559660635
-0.00053403186524
-0.000106680379732
1.53892686121E-08
1.13260165474E-05
0.00014067537738
0.00025929168764
0.00044824363619
0.00095669292177
0.00168088262589
0.00160219509766
0.00176431970013
0.0040245904902
0.00075818566341
0.0063897158443
0.0032902144821
-0.00120164101629
-0.0065756651496
0.0123978839776
-0.0111580493865
-0.0052452419616
0.0100136586302
0.0120879378197
0.010764661512
0.0170708
0.0112653
0.029563875
0.016129025
0.075297167064
0.01258849625
0.045061125
0.056004525
0.00553130446869
0.0134348789374
0.0152348937468
0.015735549469
-0.006151138488
0.0101708771937
-0.000190733369489
-0.0011348715
0.0031470990192
0.00193118227524
0.0039863002046
0.0064657856817
0.00401483750599
0.00193583609856
0.0015604309163
0.00142332333942
0.0012725186531
0.00106806373048
0.00050244481144
0.0001752248829
0.00012575153925
-2.45523541109E-08
-0.00030399834122
dMdH Data
-3.24283005688055E-08
-0.00000002794696
-0.0000000334224
-2.88299387209805E-08
-3.53565171478628E-08
-2.06252699956801E-08
-0.0000000409816
-2.82636522184355E-08
-2.97285945718914E-08
-3.47853042939141E-08
-0.000000037716
-2.47644952899057E-08
-3.21973560528789E-08
-3.60367207344147E-08
-3.63200000000001E-08
-2.15736548215229E-08
-2.98018211890729E-08
8.16208949491775E-10
1.47211776942149E-08
-8.33599999999941E-09
-1.39200000000023E-09
5.29608473735592E-09
2.29130998287917E-08
9.02224120855471E-08
4.40189871523503E-07
4.888470209932E-06
5.32093240555706E-07
1.25901985568231E-07
6.24438008991855E-08
-9.11941635736229E-11
4.83566422376567E-09
1.27522040352646E-08
7.93427305163111E-09
-2.92420397069676E-08
-3.43853122937541E-08
-0.000000030386
-0.000000034032
-0.000000035752
-3.17093658126838E-08
-0.000000043104
-2.30364607292146E-08
-2.79414411711765E-08
-4.0597750435993E-08
-2.76877784977721E-08
-2.51156018496296E-08
-4.07744309772391E-08
-0.0000000271072
-0.0000000309784
-0.0000000291848
-2.84621490227205E-08
-2.96616727849986E-08
-0.0000000325008
-0.0000000297584
-3.01365589075287E-08
-3.51650373594022E-08
-3.26373389012888E-08
-3.54034832278658E-08
-4.00145597670437E-08
-1.95467818712749E-08
-0.000000032402
-4.09404564273857E-08
-3.63565457381705E-08
-3.63567271345426E-08
-2.77368905243791E-08
-0.0000000403856
-2.70744375533747E-08
-3.50790701581403E-08
-1.24533798600997E-08
-5.27694227569435E-08
-2.62715796547257E-09
-1.69530575021599E-08
-1.27704173067077E-08
-4.44792883313867E-10
4.1330922589523E-08
3.80670615255464E-07
4.88127782430276E-06
4.88127782430276E-06
dMdT Data
0
0
0
0
0
0
0
0
0
0
0
0
0
0
0
0
0
0
0
0
0
0
0
0
0
0
0
0
0
0
0
0
0
0
0
0
0
0
0
0
0
0
0
0
0
0
0
0
0
0
0
0
0
0
0
0
0
0
0
0
0
0
0
0
0
0
0
0
0
0
0
0
0
0
0
0
0
 
*********************************************** Results ***************************************
 
TotalArea 0.908551192311183
AreaFirstQuad 0.720939864984204
AreaSecondQuad 0.187611327326978
AreaThirdQuad 0
AreaFourthQuad 0
Coercivity 0
PositiveCoercivity 0
NegativeCoercivity 0
Retentivity 1.76983254809355E-04
PositiveRetentivity 4.37617258377869E-04
NegativeRetentivity 8.36507487591597E-05
Magnetization 0.000535761
PositiveMagnetization 0.000535761
NegativeMagnetization 0.0000296489
Flatness -1.47264781546293
Squareness 0.330339936668318
SStar 0
SFD1 0
SFD2 0
Slope 0
Intercept 0
SlopeAtHc 4.88127782430276E-06
dH1 -2868.8736179656
dH2 124.99095
InitialSlope -3.24283005688055E-08
FieldAtHalfMs 0
FieldAtMs -14757.9
MomentMean 2.54006588311688E-04
MomentRMS 1.59225617049313E-04
SFD3 0
dH3 12744.7709430451
UserField1 0
UserField2 0
CenterField 0
ExchangeField 0
ExchangeMoment 0
ExRegionOneIntercept 0
ExRegionOneSlope 0
ExRegionTwoIntercept 0
ExRegionTwoSlope 0
NegativeIntercept 0
NegativeSlope 0
AutoCenterOffset 0
PinningField 0
PinningMoment 0
PinRegionOneIntercept 0
PinRegionOneSlope 0
PinRegionTwoIntercept 0
PinRegionTwoSlope 0
PositiveIntercept 0
PositiveSlope 0
TotalOffset 0
BHMax 0
BCoercivity 0
BRetentivity 0
BNegativeCoercivity 0
BPositiveCoercivity 0
BNegativeRetentivity 0
BPositiveRetentivity 0
MomentYMean -1.50816808181818E-06
MomentYRMS 2.406900884618E-06
YOffCorrection 0
Mrt 0
Ms1 0
Ms2 0
Ms3 0
Hc2 0
Hex2 0
HsatValue 0
HsatIntercept 0
HsatSlope 0
CenterH 0
Span .0005061121
SpanAsPercentOfRange -33.7408066666667
RMSAsPercentOfRange -10.6150411366209
SpanAsPercentOfMean 199.251564049573
RMSAsPercentOfMean 62.685624852348
