Version 1.25
******************************************** Units *******************************************
System CGS
TemperatureUnit K
MomentUnit emu
AppliedFieldUnit G
 
******************************************** Setup ********************************************
 
Experiment CustomField
Minor False
Acquisition PointByPoint
EditedPoint No
MaxField 15000
FieldIncrement 681.818181818182
Points 101
MinField 0
RampRate 0
AverageTime 5
TimeInterval 10
TimeConstant 1
TimeConstantIndex 2
Sensitivity -0.0015
SensitivityIndex 5
SensitivityY -4
SensitivityIndexY 0
SaturationField 8000
ExperimentTime 505
Use735Domains False
AutoRangeEnabled False
NumberOfVertices 11
VertexPts
0
8
17
33
42
50
58
67
83
92
100
VertexField
15000
5000
500
-500
-5000
-15000
-5000
-500
500
5000
15000
StartAngle 0
EndAngle 0
AngleIncrement 0
StartTemp 0
FinishTemp 0
TempIncrement 0
TempPoints 0
LengthofSetPointsArray 101
SetPointArray
15000
13750
12500
11250
10000
8750
7500
6250
5000
4500
4000
3500
3000
2500
2000
1500
1000
500
437.5
375
312.5
250
187.5
125
62.5
0
-62.5
-125
-187.5
-250
-312.5
-375
-437.5
-500
-1000
-1500
-2000
-2500
-3000
-3500
-4000
-4500
-5000
-6250
-7500
-8750
-10000
-11250
-12500
-13750
-15000
-13750
-12500
-11250
-10000
-8750
-7500
-6250
-5000
-4500
-4000
-3500
-3000
-2500
-2000
-1500
-1000
-500
-437.5
-375
-312.5
-250
-187.5
-125
-62.5
0
62.5
125
187.5
250
312.5
375
437.5
500
1000
1500
2000
2500
3000
3500
4000
4500
5000
6250
7500
8750
10000
11250
12500
13750
15000
FieldDomainFile c:\Ideasvsm\Default UserID\Experiments\Jason_1p5T_cus\fdomain.ini
TempDomainFile c:\Ideasvsm\Default UserID\Experiments\Jason_1p5T_cus\tdomain.ini
NumSelectedResults 0
ResultsSelected 
UserName1 
UserValue1 
UserName2 
UserValue2 
LinearBackgroundCorrection Off
MaxLinearFieldCorrection 
MinLinearFieldCorrection 
AutoLinearCorrection Off
FitOneRegion Off
BackgroundMode Off
BackgroundFilename 
AutoCenter Off
OffsetCorrection 
SmoothDeriv Off
DerivOrder 0
DerivPoints 0
MinExFieldOne 
MaxExFieldOne 
MinExFieldTwo 
MaxExFieldTwo 
MinPinFieldOne 
MaxPinFieldOne 
MinPinFieldTwo 
MaxPinFieldTwo 
HCenterStart 
Mass 
Volume 
Density 
MolarWeight 
NumberOfMoles 
Demagnetization 
SampleArea 
Thickness 
MomentScaling 0
XAxis 0
YAxis 0
SimpleSpinValve False
HsatMax 0
HsatMin 0
FieldAutoRange True
 
*************************************************** Experiment Data ********************************************
 
DataPoints 101
MomentX Data
-0.0000655686
-0.0000315743
0.00000367155
0.0000485521
0.0000813229
0.000123825
0.000167043
0.000201247
0.000238763
0.000256464
0.000274817
0.000291703
0.00030896
0.000324435
0.000340945
0.000359771
0.000375394
0.000387819
0.000388691
0.000388635
0.000391642
0.000391904
0.000389497
0.000391156
0.000384989
0.000360414
0.0000703095
0.0000176801
0.00000670377
0.00000526798
0.00000389102
0.00000536845
0.00000785253
0.00000718257
0.0000192556
0.0000391572
0.0000534327
0.0000703715
0.0000901971
0.000110043
0.000120397
0.000141212
0.000156766
0.00019881
0.000226475
0.000268612
0.00032133
0.000352093
0.000388136
0.000431818
0.000460322
0.000430462
0.000392059
0.00035424
0.000318083
0.000270985
0.000234228
0.000199811
0.000152057
0.000131655
0.00011858
0.000102056
0.0000850136
0.0000695003
0.0000517814
0.0000353712
0.0000178042
0.00000724133
0.00000340463
0.00000199669
0.00000112806
0.00000176436
0.00000143563
0.00000140674
0.00000641842
0.0000272415
0.000315369
0.000373145
0.000383557
0.000387323
0.000385678
0.000384667
0.000384781
0.000383136
0.0003662
0.000350772
0.000334049
0.000314812
0.000301786
0.000278171
0.000266189
0.00024922
0.000225749
0.000184845
0.000159841
0.000104165
0.0000688042
0.0000260858
-0.00000319549
-0.0000443406
-0.00007456
MomentY Data
0.000000925064
0.00000125885
-0.000004282
-0.00000379562
-0.000000209808
0.000000352859
0.000000286102
0.000000295639
-0.00000245094
0.000000391006
-0.0000044632
-0.00000185966
-0.00000100136
-0.000000677109
-0.00000358582
-0.00000442505
-0.0000067234
-0.00000386238
-0.000004282
-0.00000447273
-0.00000473022
-0.0000049305
-0.00000527382
-0.00000353813
-0.00000391006
-0.00000302315
-0.00000326157
-0.00000220299
-0.00000357628
-0.00000406265
-0.00000243187
-0.00000205994
-0.00000274658
-0.00000299454
-0.00000324249
-0.00000248909
-0.0000037384
0.000000143051
-0.00000259399
-0.00000133514
-0.00000123024
-0.0000017643
-0.00000320435
-0.00000154495
-0.000000371933
-0.000000858307
-0.00000134468
0.00000260353
-0.00000265121
-0.00000432014
-0.00000384331
-0.00000154495
0.000000629425
-0.00000214577
-0.00000385284
-0.000000610352
-0.00000246048
-0.00000322342
-0.00000311852
-0.000002985
-0.000000829697
-0.00000210762
0.00000132561
0.00000121117
-0.00000102043
-0.00000162125
-0.00000314713
-0.00000313759
-0.00000289917
-0.00000319481
-0.0000025177
-0.00000294685
-0.00000204086
-0.00000288963
-0.00000332832
-0.00000318527
-0.00000379562
-0.00000273705
-0.00000411987
-0.00000404358
-0.0000033474
-0.00000290871
-0.00000379562
-0.00000395775
-0.00000201225
-0.00000184059
-0.0000049305
-0.00000162125
-0.00000236511
-0.000000972748
-0.00000323296
-0.00000100136
0.000000810623
0
-0.000000038147
0.00000082016
-0.0000000953674
0.00000212669
0.000000743866
0.00000162125
0.00000409126
Field Data
14755.2
13750
12500
11250
9999.98
8749.97
7499.96
6249.96
4999.97
4499.98
3999.97
3499.96
2999.98
2499.97
1999.98
1499.98
999.974
499.974
437.493
374.987
312.491
249.991
187.49
124.991
62.4948
-0.0108689
-62.508
-125.008
-187.511
-250.009
-312.505
-375.009
-437.503
-500.007
-1000.02
-1500.03
-2000.03
-2500.03
-3000.03
-3500.03
-4000.05
-4500.04
-5000.04
-6250.08
-7500.05
-8750.05
-10000
-11250
-12500
-13750
-14760.1
-13750
-12500
-11250
-10000
-8749.97
-7499.95
-6249.97
-4999.96
-4499.96
-3999.98
-3500
-2999.98
-2499.99
-1999.97
-1499.97
-999.969
-499.977
-437.489
-374.991
-312.493
-249.991
-187.492
-124.994
-62.4954
0.00962968
62.5059
125.009
187.509
250.006
312.503
375.008
437.506
500.008
1000.02
1500.03
2000.03
2500.03
3000.05
3500.03
4000.04
4500.05
5000.04
6250.05
7500.06
8750.05
10000
11250
12500
13750
14761.2
Time Data
0
13.494
26.988
40.529
54.07
67.626
81.12
94.692
108.218
120.698
133.225
146.734
159.199
171.679
184.221
196.655
209.135
221.63
234.11
246.606
260.147
272.643
285.154
297.634
310.13
322.625
335.121
347.601
360.112
372.592
385.073
398.582
411.093
423.589
436.085
448.565
461.045
473.587
487.082
499.64
513.165
525.645
538.125
551.619
565.16
578.639
592.148
605.611
619.105
632.631
646.187
659.712
673.269
686.763
700.273
713.845
727.308
740.848
755.388
768.882
781.346
794.856
807.336
819.801
832.281
844.745
857.241
869.752
882.201
894.681
908.222
920.733
933.244
945.74
958.22
970.763
983.29
995.801
1008.28
1020.79
1033.3
1046.83
1059.32
1072.87
1085.39
1097.9
1110.4
1122.93
1135.41
1148.93
1162.43
1174.91
1187.43
1200.96
1214.53
1228.06
1241.64
1255.15
1268.65
1282.17
1295.68
Temperature Data
0
0
0
0
0
0
0
0
0
0
0
0
0
0
0
0
0
0
0
0
0
0
0
0
0
0
0
0
0
0
0
0
0
0
0
0
0
0
0
0
0
0
0
0
0
0
0
0
0
0
0
0
0
0
0
0
0
0
0
0
0
0
0
0
0
0
0
0
0
0
0
0
0
0
0
0
0
0
0
0
0
0
0
0
0
0
0
0
0
0
0
0
0
0
0
0
0
0
0
0
0
Angle Data
0
0
0
0
0
0
0
0
0
0
0
0
0
0
0
0
0
0
0
0
0
0
0
0
0
0
0
0
0
0
0
0
0
0
0
0
0
0
0
0
0
0
0
0
0
0
0
0
0
0
0
0
0
0
0
0
0
0
0
0
0
0
0
0
0
0
0
0
0
0
0
0
0
0
0
0
0
0
0
0
0
0
0
0
0
0
0
0
0
0
0
0
0
0
0
0
0
0
0
0
0
Bx Data
0
0
0
0
0
0
0
0
0
0
0
0
0
0
0
0
0
0
0
0
0
0
0
0
0
0
0
0
0
0
0
0
0
0
0
0
0
0
0
0
0
0
0
0
0
0
0
0
0
0
0
0
0
0
0
0
0
0
0
0
0
0
0
0
0
0
0
0
0
0
0
0
0
0
0
0
0
0
0
0
0
0
0
0
0
0
0
0
0
0
0
0
0
0
0
0
0
0
0
0
0
Hint Data
0
0
0
0
0
0
0
0
0
0
0
0
0
0
0
0
0
0
0
0
0
0
0
0
0
0
0
0
0
0
0
0
0
0
0
0
0
0
0
0
0
0
0
0
0
0
0
0
0
0
0
0
0
0
0
0
0
0
0
0
0
0
0
0
0
0
0
0
0
0
0
0
0
0
0
0
0
0
0
0
0
0
0
0
0
0
0
0
0
0
0
0
0
0
0
0
0
0
0
0
0
Torque Data
0.0136495043328
0.0173091875
-0.053525
-0.042700725
-0.00209807580384
0.00308750566423
0.00214575355592
0.00184773192444
-0.0122546264718
0.00175951917988
-0.017852666104
-0.0065087356136
-0.0030040599728
-0.00169275218673
-0.0071715682836
-0.006637486499
-0.0067232251916
-0.00193108957812
-0.001873345026
-0.00167721560451
-0.00147815117802
-0.0012325806255
-0.0009887885118
-0.00044223440683
-0.000244358417688
3.2858315035E-08
0.00020387421756
0.00027539137392
0.00067059183908
0.00101569906385
0.00075997153435
0.00077249603946
0.00120163698974
0.00149729096178
0.0032425548498
0.0037337096727
0.007476912152
-0.00035763179153
0.0077820478197
0.0046730300542
0.004921021512
0.007939420572
0.016021878174
0.009656061096
0.00278951609665
0.00751022916535
0.0134468
-0.0292897125
0.033140125
0.059401925
0.056727639931
0.0212430625
-0.0078678125
0.0241399125
0.0385284
0.00534056168944
0.018453476976
0.0201462782974
0.0155924752592
0.0134323806
0.00331877140606
0.00737667
-0.0039768034878
-0.0030279128883
0.0020408293871
0.0024318263625
0.00314703243897
0.00156872283543
0.00126835498413
0.00119802499671
0.0007867636261
0.00073668597835
0.00038264492312
0.00036118641222
0.000208004689728
-3.06731308136E-08
-0.000237248644158
-0.00034215588345
-0.00077251270383
-0.00101091926148
-0.0010460725422
-0.00109078951968
-0.00166060652372
-0.001978906662
-0.002012290245
-0.0027609402177
-0.009861147915
-0.0040531736375
-0.0070954482555
-0.00340464718244
-0.0129319693184
-0.004506170068
0.00405314742492
0
-0.00028610478882
0.007176441008
-0.000953674
0.0239252625
0.009298325
0.0222921875
0.060391907112
dMdH Data
-3.38184440907282E-08
-0.00000002819668
-0.00000003590444
-2.62162205404713E-08
-3.40014079887361E-08
-3.45741234070128E-08
-0.0000000273632
-3.00130401043208E-08
-3.5402708054161E-08
-3.67052658946822E-08
-3.37713245735085E-08
-3.45153806152246E-08
-3.09493810123797E-08
-3.30206604132083E-08
-0.000000037652
-3.12456250524993E-08
-2.48500000000001E-08
-1.39562426977795E-08
8.95913992256106E-10
-4.81150793650788E-08
-4.19200000000009E-09
3.8511383817859E-08
-2.65444247107952E-08
9.86779996223763E-08
3.93164339050854E-07
4.64188507366541E-06
0.0000008420704
1.75612850583172E-07
2.29733751480047E-08
2.20327700972862E-08
-2.36373672084986E-08
-3.97490959132077E-08
1.07186740048637E-08
-2.41454322187623E-08
-3.9802403951921E-08
-0.000000028551
-0.0000000338776
-0.0000000396512
-0.0000000396918
-2.07071717131315E-08
-4.16308326166523E-08
-0.000000031108
-3.36341237080414E-08
-2.21325311807483E-08
-0.0000000337096
-4.21760870434817E-08
-0.0000000246104
-0.0000000288344
-0.0000000349456
-2.82189882189882E-08
-2.95614295614295E-08
-0.0000000307224
-0.0000000302552
-0.0000000289256
-3.76774957401022E-08
-2.94051295179277E-08
-2.75340405446487E-08
-3.8202894376845E-08
-0.000000040804
-2.61510460418417E-08
-3.30493219728789E-08
-3.40834366625335E-08
-3.10272205444109E-08
-3.54363825446982E-08
-0.0000000328204
-3.51339297321405E-08
-2.11260780172483E-08
-6.13989886058123E-08
-2.25277608883484E-08
-1.38985247527921E-08
1.01804742248248E-08
-5.2597641562265E-09
-4.62254792153349E-10
8.01886762263475E-08
3.33142470399672E-07
4.61031512000155E-06
9.24370151240498E-07
1.66591999999999E-07
6.02588924268372E-08
-2.63212634206449E-08
-1.61747060235178E-08
1.82405836986793E-09
-2.63191577869506E-08
-3.38711870915098E-08
-3.08553828923422E-08
-0.000000033446
-0.000000038474
-2.60509579616815E-08
-4.7231889275571E-08
-2.39635207295854E-08
-3.3937321253575E-08
-4.69429388587772E-08
-3.27229382164943E-08
-2.00030399756802E-08
-4.45411563292507E-08
-2.82897715908636E-08
-0.00000003417472
-0.000000023425032
-0.000000032916088
-2.98846914556962E-08
-2.98846914556962E-08
dMdT Data
0
0
0
0
0
0
0
0
0
0
0
0
0
0
0
0
0
0
0
0
0
0
0
0
0
0
0
0
0
0
0
0
0
0
0
0
0
0
0
0
0
0
0
0
0
0
0
0
0
0
0
0
0
0
0
0
0
0
0
0
0
0
0
0
0
0
0
0
0
0
0
0
0
0
0
0
0
0
0
0
0
0
0
0
0
0
0
0
0
0
0
0
0
0
0
0
0
0
0
0
0
 
*********************************************** Results ***************************************
 
TotalArea 0.245115927040135
AreaFirstQuad 0.183195336227287
AreaSecondQuad 2.16152498008329E-02
AreaThirdQuad 0
AreaFourthQuad 4.03053410120166E-02
Coercivity 133.312806360045
PositiveCoercivity 12363.5865257303
NegativeCoercivity 12630.2121384503
Retentivity 1.66589990659635E-04
PositiveRetentivity 3.60418273263885E-04
NegativeRetentivity 2.72382919446156E-05
Magnetization 0.000267441
PositiveMagnetization 0.000460322
NegativeMagnetization -0.00007456
Flatness 0.767383620845323
Squareness 0.622903708330565
SStar 45.3178881842134
SFD1 21.4380712148646
SFD2 56.0662025208113
Slope 0
Intercept 0
SlopeAtHc -0.00000002819668
dH1 -2724.65663024006
dH2 7474.3428
InitialSlope -3.38184440907282E-08
FieldAtHalfMs 0
FieldAtMs -14760.1
MomentMean 1.92764105346535E-04
MomentRMS 1.56168815811847E-04
SFD3 37.1497183468094
dH3 -4819.22040193837
UserField1 0
UserField2 0
CenterField 0
ExchangeField 0
ExchangeMoment 0
ExRegionOneIntercept 0
ExRegionOneSlope 0
ExRegionTwoIntercept 0
ExRegionTwoSlope 0
NegativeIntercept 0
NegativeSlope 0
AutoCenterOffset 0
PinningField 0
PinningMoment 0
PinRegionOneIntercept 0
PinRegionOneSlope 0
PinRegionTwoIntercept 0
PinRegionTwoSlope 0
PositiveIntercept 0
PositiveSlope 0
TotalOffset 0
BHMax 0
BCoercivity 0
BRetentivity 0
BNegativeCoercivity 0
BPositiveCoercivity 0
BNegativeRetentivity 0
BPositiveRetentivity 0
MomentYMean -2.09260686534653E-06
MomentYRMS 1.96062918214358E-06
YOffCorrection 0
Mrt 0
Ms1 0
Ms2 0
Ms3 0
Hc2 0
Hex2 0
HsatValue 0
HsatIntercept 0
HsatSlope 0
CenterH 0
Span .000534882
SpanAsPercentOfRange -35.6588
RMSAsPercentOfRange -10.4112543874565
SpanAsPercentOfMean 277.480083254315
RMSAsPercentOfMean 81.0155062484793
