Version 1.25
******************************************** Units *******************************************
System CGS
TemperatureUnit K
MomentUnit emu
AppliedFieldUnit G
 
******************************************** Setup ********************************************
 
Experiment CustomField
Minor False
Acquisition PointByPoint
EditedPoint No
MaxField 15000
FieldIncrement 681.818181818182
Points 101
MinField 0
RampRate 0
AverageTime 5
TimeInterval 10
TimeConstant 1
TimeConstantIndex 2
Sensitivity -0.0015
SensitivityIndex 5
SensitivityY -4
SensitivityIndexY 0
SaturationField 8000
ExperimentTime 505
Use735Domains False
AutoRangeEnabled False
NumberOfVertices 11
VertexPts
0
8
17
33
42
50
58
67
83
92
100
VertexField
15000
5000
500
-500
-5000
-15000
-5000
-500
500
5000
15000
StartAngle 0
EndAngle 0
AngleIncrement 0
StartTemp 0
FinishTemp 0
TempIncrement 0
TempPoints 0
LengthofSetPointsArray 101
SetPointArray
15000
13750
12500
11250
10000
8750
7500
6250
5000
4500
4000
3500
3000
2500
2000
1500
1000
500
437.5
375
312.5
250
187.5
125
62.5
0
-62.5
-125
-187.5
-250
-312.5
-375
-437.5
-500
-1000
-1500
-2000
-2500
-3000
-3500
-4000
-4500
-5000
-6250
-7500
-8750
-10000
-11250
-12500
-13750
-15000
-13750
-12500
-11250
-10000
-8750
-7500
-6250
-5000
-4500
-4000
-3500
-3000
-2500
-2000
-1500
-1000
-500
-437.5
-375
-312.5
-250
-187.5
-125
-62.5
0
62.5
125
187.5
250
312.5
375
437.5
500
1000
1500
2000
2500
3000
3500
4000
4500
5000
6250
7500
8750
10000
11250
12500
13750
15000
FieldDomainFile c:\Ideasvsm\Default UserID\Experiments\Jason_1p5T_cus\fdomain.ini
TempDomainFile c:\Ideasvsm\Default UserID\Experiments\Jason_1p5T_cus\tdomain.ini
NumSelectedResults 0
ResultsSelected 
UserName1 
UserValue1 
UserName2 
UserValue2 
LinearBackgroundCorrection Off
MaxLinearFieldCorrection 
MinLinearFieldCorrection 
AutoLinearCorrection Off
FitOneRegion Off
BackgroundMode Off
BackgroundFilename 
AutoCenter Off
OffsetCorrection 
SmoothDeriv Off
DerivOrder 0
DerivPoints 0
MinExFieldOne 
MaxExFieldOne 
MinExFieldTwo 
MaxExFieldTwo 
MinPinFieldOne 
MaxPinFieldOne 
MinPinFieldTwo 
MaxPinFieldTwo 
HCenterStart 
Mass 
Volume 
Density 
MolarWeight 
NumberOfMoles 
Demagnetization 
SampleArea 
Thickness 
MomentScaling 0
XAxis 0
YAxis 0
SimpleSpinValve False
HsatMax 0
HsatMin 0
FieldAutoRange True
 
*************************************************** Experiment Data ********************************************
 
DataPoints 101
MomentX Data
-0.0000771015
-0.0000408333
-0.00000459395
0.0000365294
0.0000794098
0.000116193
0.000165431
0.000195414
0.000243181
0.000255807
0.000274911
0.000296969
0.000308941
0.000326196
0.000346015
0.00036378
0.000377968
0.000395207
0.000396005
0.000396593
0.000396625
0.000399389
0.00039685
0.000397596
0.000391193
0.000370227
0.0000902009
0.0000294513
0.0000269477
0.00002787
0.0000268761
0.0000294645
0.0000317751
0.0000306422
0.000049056
0.000061105
0.0000775183
0.0000938591
0.000110868
0.000129581
0.000149068
0.000163736
0.000182162
0.000230238
0.000265779
0.000312668
0.000339981
0.00038655
0.00042148
0.0004592
0.000488934
0.00045587
0.000418873
0.000379955
0.000345592
0.000301223
0.000259872
0.000216691
0.00017933
0.000160252
0.000140486
0.000120923
0.000102694
0.0000909242
0.0000718036
0.0000539382
0.0000393288
0.0000269513
0.0000263688
0.0000248105
0.0000241935
0.0000212166
0.0000229609
0.0000244819
0.0000277428
0.0000474173
0.000320576
0.000392378
0.00039347
0.000394348
0.000392837
0.000392534
0.000391188
0.000389237
0.00037284
0.000358604
0.000342989
0.000323123
0.000308027
0.000287866
0.000265262
0.000254635
0.000235742
0.000189539
0.000154714
0.000116057
0.0000746271
0.0000356171
-0.0000037676
-0.0000418399
-0.0000697047
MomentY Data
0.0000110054
0.0000104904
0.00000827789
0.00000582695
0.0000094223
0.00000513077
0.00000555992
0.00000658035
0.00000808716
0.00000692368
0.00000570297
0.00000769615
0.00000621796
0.00000750542
0.0000058651
0.00000405312
0.00000307083
0.0000036335
0.00000394821
0.00000228882
0.00000278473
0.0000021553
0.00000315666
0.00000477791
0.00000414848
0.00000142097
0.00000304222
0.00000382423
0.000002985
0.0000034523
0.00000330925
0.0000039959
0.000000486374
0.00000419617
0.00000421524
0.00000267982
0.00000264168
0.00000657082
0.00000772476
0.00000484467
0.00000452042
0.00000650406
0.0000073719
0.00000782967
0.00000694275
0.00000395775
0.00000595093
0.00000622749
0.00000378609
0.00000609398
0.00000000953674
0.000000905991
0.00000442505
0.00000166893
0.0000011158
0.00000213623
0.00000585556
0.0000034523
0.00000379562
0.000000371933
0.00000330925
0.00000508308
0.00000453949
0.00000409126
0.00000162125
0.000000982285
0.00000200272
-0.0000000476837
0.0000025177
0.00000178337
0.00000271797
0.00000358582
0.00000398636
0.00000226021
0.00000328064
0.000001688
-0.000000238419
-0.00000188828
-0.000000534058
-0.00000131607
0.00000119209
0.00000172615
-0.0000000858307
-0.00000263214
-0.00000285149
-0.00000226021
-0.00000408173
-0.000000448227
0.00000131607
0.00000200272
0.0000026226
0.00000261307
0.00000255585
0.00000232697
0.000000476837
0.0000024128
0.00000341415
0.00000491142
0.00000403404
0.000000562668
0.00000631332
Field Data
14750.5
13750
12500
11250
9999.99
8749.97
7499.97
6249.96
4999.97
4499.97
3999.97
3499.99
2999.99
2499.98
1999.97
1499.97
999.969
499.969
437.488
374.992
312.495
249.99
187.488
124.992
62.4912
-0.012113
-62.508
-125.007
-187.502
-250.009
-312.515
-375.006
-437.508
-500.01
-1000.02
-1500.03
-2000.03
-2500.03
-3000.04
-3500.03
-4000.05
-4500.03
-5000.03
-6250.05
-7500.06
-8750.03
-10000
-11250
-12500
-13750
-14756.1
-13750
-12500
-11250
-9999.99
-8749.97
-7499.97
-6249.96
-4999.98
-4499.96
-3999.97
-3500
-2999.97
-2499.98
-1999.97
-1499.97
-999.974
-499.971
-437.489
-374.989
-312.493
-249.993
-187.494
-124.992
-62.4931
0.0106406
62.514
125.006
187.507
250.006
312.506
375.006
437.506
500.006
1000.02
1500.03
2000.03
2500.03
3000.04
3500.03
4000.04
4500.04
5000.04
6250.06
7500.06
8750.03
10000
11250
12500
13750
14758.9
Time Data
0
13.556
27.066
40.638
54.163
67.704
81.214
94.755
108.233
120.745
133.272
146.812
159.292
171.773
184.253
196.78
209.275
221.786
234.282
246.762
260.288
272.752
285.248
297.697
310.192
322.704
335.215
347.726
360.191
372.702
385.213
398.692
411.203
423.699
436.194
448.69
461.17
473.666
486.161
498.719
512.229
524.74
537.236
550.761
564.255
577.734
591.259
604.738
618.247
631.757
645.251
658.776
673.347
686.857
700.398
713.907
727.448
741.956
756.48
769.007
781.534
795.059
807.539
820.097
832.608
845.12
857.631
870.127
882.669
895.196
908.721
921.201
933.697
946.162
958.673
971.168
983.649
996.129
1008.62
1021.15
1033.68
1047.2
1059.73
1072.23
1084.75
1097.28
1109.81
1122.33
1134.84
1147.36
1160.87
1173.35
1185.83
1199.38
1212.86
1226.45
1239.97
1253.47
1267.02
1281.59
1295.12
Temperature Data
0
0
0
0
0
0
0
0
0
0
0
0
0
0
0
0
0
0
0
0
0
0
0
0
0
0
0
0
0
0
0
0
0
0
0
0
0
0
0
0
0
0
0
0
0
0
0
0
0
0
0
0
0
0
0
0
0
0
0
0
0
0
0
0
0
0
0
0
0
0
0
0
0
0
0
0
0
0
0
0
0
0
0
0
0
0
0
0
0
0
0
0
0
0
0
0
0
0
0
0
0
Angle Data
0
0
0
0
0
0
0
0
0
0
0
0
0
0
0
0
0
0
0
0
0
0
0
0
0
0
0
0
0
0
0
0
0
0
0
0
0
0
0
0
0
0
0
0
0
0
0
0
0
0
0
0
0
0
0
0
0
0
0
0
0
0
0
0
0
0
0
0
0
0
0
0
0
0
0
0
0
0
0
0
0
0
0
0
0
0
0
0
0
0
0
0
0
0
0
0
0
0
0
0
0
Bx Data
0
0
0
0
0
0
0
0
0
0
0
0
0
0
0
0
0
0
0
0
0
0
0
0
0
0
0
0
0
0
0
0
0
0
0
0
0
0
0
0
0
0
0
0
0
0
0
0
0
0
0
0
0
0
0
0
0
0
0
0
0
0
0
0
0
0
0
0
0
0
0
0
0
0
0
0
0
0
0
0
0
0
0
0
0
0
0
0
0
0
0
0
0
0
0
0
0
0
0
0
0
Hint Data
0
0
0
0
0
0
0
0
0
0
0
0
0
0
0
0
0
0
0
0
0
0
0
0
0
0
0
0
0
0
0
0
0
0
0
0
0
0
0
0
0
0
0
0
0
0
0
0
0
0
0
0
0
0
0
0
0
0
0
0
0
0
0
0
0
0
0
0
0
0
0
0
0
0
0
0
0
0
0
0
0
0
0
0
0
0
0
0
0
0
0
0
0
0
0
0
0
0
0
0
0
Torque Data
0.1623351527
0.144243
0.103473625
0.0655531875
0.094222905777
0.0448940835769
0.0416992332024
0.041126924286
0.0404355573852
0.0311563522896
0.0228117089109
0.0269364480385
0.0186538178204
0.0187633998916
0.011730024047
0.0060795584064
0.00307073480427
0.0018166373615
0.00172729449648
0.00085828918944
0.00087021420135
0.000538803447
0.00059183587008
0.00059720052672
0.000259243493376
-1.721220961E-08
-0.00019016308776
-0.00047805551961
-0.00055969347
-0.0008631060707
-0.00103419026375
-0.0014984864754
-0.000212792515992
-0.0020981269617
-0.0042153243048
-0.0040198103946
-0.0052834392504
-0.0164272471246
-0.0231745889904
-0.0169564903401
-0.018081906021
-0.0292684651218
-0.036859721157
-0.0489358289835
-0.052071041565
-0.0346304312325
-0.0595093
-0.0700592625
-0.047326125
-0.083792225
-0.000140725089114
-0.01245737625
-0.055313125
-0.0187754625
-0.011157988842
-0.0186919484131
-0.0439165243332
-0.021576736908
-0.0189780240876
-0.00167368362268
-0.0132369007225
-0.01779078
-0.0136183338153
-0.0102280681748
-0.0032424513625
-0.00147339803145
-0.00200266792928
2.38404671727E-05
-0.0011014660553
-0.00066874413293
-0.00084934659921
-0.00089642989926
-0.00074741858184
-0.00028250816832
-0.000205017363584
1.79613328E-08
-0.000014904525366
-0.00023604632968
-0.000100139613406
-0.00032902539642
0.00037253527754
0.0006473166069
-3.75514462342E-05
-0.00131608579284
-0.0028515470298
-0.0033903828063
-0.0081635824519
-0.00112058094681
0.0039482626428
0.0070095800816
0.010490504904
0.0117589195228
0.012779352234
0.0145437021182
0.00357630611022
0.021112072384
0.0341415
0.055253475
0.0504255
0.007736685
0.093177658548
dMdH Data
-3.62500749625187E-08
-0.00000002899148
-0.00000003289868
-3.43040455676354E-08
-2.94260891825731E-08
-0.0000000393904
-2.39862081103351E-08
-3.82139057112457E-08
-0.000000025252
-0.000000038208
-4.41177647105884E-08
-0.000000023944
-3.45093098138037E-08
-3.96372072558549E-08
-0.00000003553
-2.83759432481135E-08
-0.000000034478
-1.27718826523261E-08
-9.40860215053745E-09
-5.1202457717996E-10
-4.42204623630108E-08
4.06227000735972E-08
-1.19367639528927E-08
1.02446688682385E-07
3.35438219090883E-07
4.48071246672601E-06
9.72009152146434E-07
4.00608048643892E-08
-1.47551474234886E-08
1.59008735161425E-08
-4.14203645324927E-08
-3.69684170106557E-08
1.81258199737608E-08
-3.68268634627307E-08
-2.4097518049639E-08
-0.0000000328266
-0.0000000326816
-3.40171196576068E-08
-3.74267485349707E-08
-3.89724411023559E-08
-2.93371734869395E-08
-0.000000036852
-3.84601846370458E-08
-2.84325725394197E-08
-3.7512100290407E-08
-2.18509244221861E-08
-0.0000000372552
-0.000000027944
-0.000000030176
-2.95537222940066E-08
-3.28635324520426E-08
-0.0000000295976
-0.0000000311344
-2.74901800785594E-08
-3.54946320858866E-08
-0.0000000330808
-3.45445236438109E-08
-2.98892782284516E-08
-3.81544738210472E-08
-3.95327906558131E-08
-3.91283477008621E-08
-3.64558126512409E-08
-2.3540070801416E-08
-3.82404351912962E-08
-0.0000000357308
-2.921903375227E-08
-2.47548514708912E-08
-9.32268493326077E-09
-0.0000000249328
-9.87263184843827E-09
-0.0000000476304
2.79092465479448E-08
2.43352212729193E-08
5.21753182856018E-08
3.14773160952226E-07
4.37030429439605E-06
1.14897906932087E-06
1.74717204524729E-08
1.40482247715964E-08
-2.41759999999999E-08
-0.000000004848
-0.000000021536
-3.12159999999997E-08
-3.27930817937098E-08
-2.84714305713886E-08
-0.00000003123
-0.000000039732
-3.01913961720765E-08
-4.03228064561291E-08
-4.52070958580829E-08
-0.000000021254
-0.000000037786
-3.69618086110622E-08
-0.00000002786
-3.09263422322136E-08
-3.31447154731714E-08
-0.000000031208
-0.00000003150776
-0.00000003045784
-2.76189909802756E-08
-2.76189909802756E-08
dMdT Data
0
0
0
0
0
0
0
0
0
0
0
0
0
0
0
0
0
0
0
0
0
0
0
0
0
0
0
0
0
0
0
0
0
0
0
0
0
0
0
0
0
0
0
0
0
0
0
0
0
0
0
0
0
0
0
0
0
0
0
0
0
0
0
0
0
0
0
0
0
0
0
0
0
0
0
0
0
0
0
0
0
0
0
0
0
0
0
0
0
0
0
0
0
0
0
0
0
0
0
0
0
 
*********************************************** Results ***************************************
 
TotalArea 0.161786546978462
AreaFirstQuad 7.14722780649103E-02
AreaSecondQuad 0.093967388556177
AreaThirdQuad 0
AreaFourthQuad -3.65311964262715E-03
Coercivity 10.0312248094378
PositiveCoercivity 12380.423108466
NegativeCoercivity 12360.3606588471
Retentivity 1.61408556269222E-04
PositiveRetentivity 3.70231063163148E-04
NegativeRetentivity 4.74139506247036E-05
Magnetization 0.00028301775
PositiveMagnetization 0.000488934
NegativeMagnetization -0.0000771015
Flatness -1.0852116337847
Squareness 0.570312484885567
SStar 490.096006115539
SFD1 251.424064948965
SFD2 744.992644663778
Slope 0
Intercept 0
SlopeAtHc -0.00000003289868
dH1 -2512.06009319633
dH2 7473.1887
InitialSlope -3.62500749625187E-08
FieldAtHalfMs 0
FieldAtMs -14756.1
MomentMean 2.06670396534653E-04
MomentRMS 1.55680506306466E-04
SFD3 479.795054728127
dH3 -4802.90083162494
UserField1 0
UserField2 0
CenterField 0
ExchangeField 0
ExchangeMoment 0
ExRegionOneIntercept 0
ExRegionOneSlope 0
ExRegionTwoIntercept 0
ExRegionTwoSlope 0
NegativeIntercept 0
NegativeSlope 0
AutoCenterOffset 0
PinningField 0
PinningMoment 0
PinRegionOneIntercept 0
PinRegionOneSlope 0
PinRegionTwoIntercept 0
PinRegionTwoSlope 0
PositiveIntercept 0
PositiveSlope 0
TotalOffset 0
BHMax 0
BCoercivity 0
BRetentivity 0
BNegativeCoercivity 0
BPositiveCoercivity 0
BNegativeRetentivity 0
BPositiveRetentivity 0
MomentYMean 3.4472019439604E-06
MomentYRMS 2.84570508121811E-06
YOffCorrection 0
Mrt 0
Ms1 0
Ms2 0
Ms3 0
Hc2 0
Hex2 0
HsatValue 0
HsatIntercept 0
HsatSlope 0
CenterH 0
Span .0005660355
SpanAsPercentOfRange -37.7357
RMSAsPercentOfRange -10.3787004204311
SpanAsPercentOfMean 273.883202186187
RMSAsPercentOfMean 75.327917745763
