Version 1.25
******************************************** Units *******************************************
System CGS
TemperatureUnit K
MomentUnit emu
AppliedFieldUnit G
 
******************************************** Setup ********************************************
 
Experiment CustomField
Minor False
Acquisition PointByPoint
EditedPoint No
MaxField 15000
FieldIncrement 681.818181818182
Points 101
MinField 0
RampRate 0
AverageTime 5
TimeInterval 10
TimeConstant 1
TimeConstantIndex 2
Sensitivity -0.0015
SensitivityIndex 5
SensitivityY -4
SensitivityIndexY 0
SaturationField 8000
ExperimentTime 505
Use735Domains False
AutoRangeEnabled False
NumberOfVertices 11
VertexPts
0
8
17
33
42
50
58
67
83
92
100
VertexField
15000
5000
500
-500
-5000
-15000
-5000
-500
500
5000
15000
StartAngle 0
EndAngle 0
AngleIncrement 0
StartTemp 0
FinishTemp 0
TempIncrement 0
TempPoints 0
LengthofSetPointsArray 101
SetPointArray
15000
13750
12500
11250
10000
8750
7500
6250
5000
4500
4000
3500
3000
2500
2000
1500
1000
500
437.5
375
312.5
250
187.5
125
62.5
0
-62.5
-125
-187.5
-250
-312.5
-375
-437.5
-500
-1000
-1500
-2000
-2500
-3000
-3500
-4000
-4500
-5000
-6250
-7500
-8750
-10000
-11250
-12500
-13750
-15000
-13750
-12500
-11250
-10000
-8750
-7500
-6250
-5000
-4500
-4000
-3500
-3000
-2500
-2000
-1500
-1000
-500
-437.5
-375
-312.5
-250
-187.5
-125
-62.5
0
62.5
125
187.5
250
312.5
375
437.5
500
1000
1500
2000
2500
3000
3500
4000
4500
5000
6250
7500
8750
10000
11250
12500
13750
15000
FieldDomainFile c:\Ideasvsm\Default UserID\Experiments\Jason_1p5T_cus\fdomain.ini
TempDomainFile c:\Ideasvsm\Default UserID\Experiments\Jason_1p5T_cus\tdomain.ini
NumSelectedResults 0
ResultsSelected 
UserName1 
UserValue1 
UserName2 
UserValue2 
LinearBackgroundCorrection Off
MaxLinearFieldCorrection 
MinLinearFieldCorrection 
AutoLinearCorrection Off
FitOneRegion Off
BackgroundMode Off
BackgroundFilename 
AutoCenter Off
OffsetCorrection 
SmoothDeriv Off
DerivOrder 0
DerivPoints 0
MinExFieldOne 
MaxExFieldOne 
MinExFieldTwo 
MaxExFieldTwo 
MinPinFieldOne 
MaxPinFieldOne 
MinPinFieldTwo 
MaxPinFieldTwo 
HCenterStart 
Mass 
Volume 
Density 
MolarWeight 
NumberOfMoles 
Demagnetization 
SampleArea 
Thickness 
MomentScaling 0
XAxis 0
YAxis 0
SimpleSpinValve False
HsatMax 0
HsatMin 0
FieldAutoRange True
 
*************************************************** Experiment Data ********************************************
 
DataPoints 101
MomentX Data
-0.0000750458
-0.0000429443
-0.00000412171
0.0000388277
0.0000703194
0.000112385
0.000156267
0.000197409
0.000234453
0.000259026
0.000272824
0.00028921
0.000306801
0.000324647
0.000339473
0.000355728
0.000374185
0.000386725
0.000388218
0.000390446
0.000391929
0.000392838
0.000393226
0.000393038
0.000387365
0.000360791
0.0000541554
0.0000249974
0.0000148374
0.000011934
0.0000127188
0.0000118832
0.0000152047
0.0000162729
0.0000311937
0.0000431477
0.0000612018
0.0000786943
0.0000994102
0.000119259
0.000138505
0.00015474
0.000169492
0.000206604
0.00024722
0.000286505
0.000331651
0.000368366
0.000407798
0.000448279
0.0004799
0.000446513
0.000408457
0.000366458
0.000330389
0.000289046
0.000246802
0.000205203
0.000163353
0.000139454
0.00012907
0.000111131
0.0000910935
0.0000765039
0.0000590187
0.000039925
0.0000240476
0.0000134575
0.0000117103
0.00000801798
0.00000803879
0.00000622147
0.00000467107
0.00000637154
0.00000989678
0.0000324652
0.000339531
0.000373454
0.000380636
0.000385265
0.000384265
0.000383616
0.000381906
0.000381389
0.000365131
0.000349672
0.000333479
0.000313304
0.000296315
0.000277948
0.000249434
0.000235823
0.000228979
0.000176758
0.00014297
0.000109671
0.000060669
0.0000177638
-0.0000192234
-0.0000564004
-0.0000877368
MomentY Data
0.00000314713
0.000000267029
-0.00000102997
-0.00000184059
-0.000000896454
0.0000004673
0.00000100136
0.000000362396
0.000000715256
0.00000328064
0.00000112534
0.000000371933
-0.00000247955
0.00000084877
-0.00000336647
-0.00000491142
-0.00000227928
-0.000000238419
-0.00000257492
-0.00000307083
-0.00000370979
-0.00000354767
-0.00000328064
-0.00000079155
-0.00000497818
-0.00000383377
-0.00000123978
-0.00000188828
-0.0000017643
-0.00000287056
-0.00000302315
-0.00000144958
-0.000000524521
-0.00000174522
-0.00000339508
-0.000000610352
-0.000000686646
0.00000203133
0.000000934601
0.00000043869
0.000000257492
0.00000113487
0.00000102043
0.00000206947
0.00000212669
-0.000000286102
-0.00000144958
-0.000000295639
-0.00000124931
-0.000000514984
-0.00000328064
-0.00000311852
-0.00000396729
-0.00000195503
-0.00000145912
-0.000000171661
-0.00000116348
0.00000151634
-0.00000000953674
0.00000299454
0.00000178337
0.00000267982
0.000000724792
0.00000123024
0.000000295639
-0.00000151634
-0.00000104904
0.000000200272
-0.00000179291
-0.00000229836
-0.00000210762
-0.000000267029
-0.00000144005
-0.000000944138
-0.000000524521
-0.000000896454
-0.00000102043
-0.00000174522
0.0000000190735
0.000000591278
-0.000000400543
-0.00000167847
-0.00000267029
-0.00000254631
-0.000000495911
-0.000000419617
-0.00000106812
0.00000396729
0.00000253677
0.00000144005
0.00000502586
0.00000304222
0.000000543594
0.000000772476
0.000000457764
0.00000200272
0.00000637054
0.00000508308
0.00000248909
0.0000030899
0.00000468254
Field Data
14754.4
13750
12500
11250
9999.99
8749.97
7499.97
6249.96
4999.97
4499.97
3999.97
3499.96
2999.96
2499.98
1999.98
1499.97
999.968
499.971
437.489
374.99
312.486
249.991
187.487
124.993
62.4958
-0.00597714
-62.5124
-125.009
-187.503
-250.006
-312.511
-375.009
-437.508
-500.012
-1000.02
-1500.03
-2000.03
-2500.03
-3000.04
-3500.03
-4000.05
-4500.03
-5000.05
-6250.05
-7500.06
-8750.03
-10000
-11250
-12500
-13750
-14759.3
-13750
-12500
-11250
-9999.98
-8749.97
-7499.96
-6249.96
-4999.96
-4499.97
-3999.97
-3500
-2999.97
-2499.98
-1999.97
-1499.97
-999.967
-499.972
-437.492
-374.987
-312.487
-249.988
-187.49
-124.996
-62.4905
0.0115765
62.5078
125.007
187.51
250.009
312.506
375.009
437.508
500.006
1000.02
1500.03
2000.03
2500.03
3000.03
3500.03
4000.04
4500.03
5000.04
6250.06
7500.05
8750.03
10000
11250
12500
13750
14760.1
Time Data
0
13.495
26.989
40.545
54.039
67.549
81.043
94.537
108.031
120.542
133.054
146.548
159.044
171.508
183.957
197.451
209.947
222.474
234.969
247.48
260.959
273.455
285.935
298.399
310.91
323.391
335.933
348.398
360.909
373.389
385.9
399.472
411.968
424.464
437.006
449.471
461.966
474.462
486.973
499.453
513.01
525.459
537.97
551.433
564.974
578.499
592.024
605.503
619.028
632.538
646.063
659.573
673.082
686.592
700.117
713.689
727.184
740.724
754.219
766.699
779.179
792.688
805.2
817.711
830.238
842.718
855.229
867.694
880.158
892.669
906.226
918.69
931.17
943.666
956.177
968.689
981.169
993.602
1006.1
1018.59
1031.07
1044.57
1057.06
1069.56
1082.07
1094.57
1107.11
1119.59
1132.08
1144.56
1158.07
1170.55
1183.07
1196.61
1210.1
1223.64
1237.17
1250.68
1264.16
1277.71
1291.22
Temperature Data
0
0
0
0
0
0
0
0
0
0
0
0
0
0
0
0
0
0
0
0
0
0
0
0
0
0
0
0
0
0
0
0
0
0
0
0
0
0
0
0
0
0
0
0
0
0
0
0
0
0
0
0
0
0
0
0
0
0
0
0
0
0
0
0
0
0
0
0
0
0
0
0
0
0
0
0
0
0
0
0
0
0
0
0
0
0
0
0
0
0
0
0
0
0
0
0
0
0
0
0
0
Angle Data
0
0
0
0
0
0
0
0
0
0
0
0
0
0
0
0
0
0
0
0
0
0
0
0
0
0
0
0
0
0
0
0
0
0
0
0
0
0
0
0
0
0
0
0
0
0
0
0
0
0
0
0
0
0
0
0
0
0
0
0
0
0
0
0
0
0
0
0
0
0
0
0
0
0
0
0
0
0
0
0
0
0
0
0
0
0
0
0
0
0
0
0
0
0
0
0
0
0
0
0
0
Bx Data
0
0
0
0
0
0
0
0
0
0
0
0
0
0
0
0
0
0
0
0
0
0
0
0
0
0
0
0
0
0
0
0
0
0
0
0
0
0
0
0
0
0
0
0
0
0
0
0
0
0
0
0
0
0
0
0
0
0
0
0
0
0
0
0
0
0
0
0
0
0
0
0
0
0
0
0
0
0
0
0
0
0
0
0
0
0
0
0
0
0
0
0
0
0
0
0
0
0
0
0
0
Hint Data
0
0
0
0
0
0
0
0
0
0
0
0
0
0
0
0
0
0
0
0
0
0
0
0
0
0
0
0
0
0
0
0
0
0
0
0
0
0
0
0
0
0
0
0
0
0
0
0
0
0
0
0
0
0
0
0
0
0
0
0
0
0
0
0
0
0
0
0
0
0
0
0
0
0
0
0
0
0
0
0
0
0
0
0
0
0
0
0
0
0
0
0
0
0
0
0
0
0
0
0
0
Torque Data
0.046434014872
0.00367164875
-0.012874625
-0.0207066375
-0.00896453103546
0.004088860981
0.0075101699592
0.00226496050416
0.00357625854232
0.0147627815808
0.0045013262398
0.00130175062268
-0.007438550818
0.0021219080246
-0.0067328726706
-0.0073669826574
-0.00227920706304
-0.000119202585849
-0.00112649917588
-0.0011515305417
-0.00115925743794
-0.00088688557097
-0.00061507735168
-0.00009893820915
-0.000311115341644
2.29149800178E-08
0.000077501623272
0.00023605199452
0.0003308115429
0.00071765722336
0.00094476762965
0.00054360554622
0.000229482133668
0.00087263094264
0.0033951479016
0.00091554631056
0.00137331259938
-0.0050783859399
-0.00280384038404
-0.0015354281607
-0.0010299808746
-0.0051069490461
-0.0051022010215
-0.0129342909735
-0.0159503026014
0.00250340108306
0.0144958
0.00332593875
0.015616375
0.00708103
0.048419949952
0.04287965
0.049591125
0.0219940875
0.0145911708176
0.00150202860017
0.0087260534608
-0.0094770643464
4.76833185304E-05
-0.0134753401638
-0.0071334264989
-0.00937937
-0.00217435425624
-0.0030755753952
-0.00059126913083
0.0022744645098
0.00104900538168
-0.000100130392384
0.00078438378172
0.00086185512132
0.00065860385094
0.000066754045652
0.0002699949745
0.000118013473448
3.27775795505E-05
-1.0377799731E-08
-0.000063784834354
-0.00021816471654
0.000003576471985
0.000147824821502
-0.000125172090758
-0.00062944135623
-0.00116827323732
-0.00127317027786
-0.00049592091822
-0.00062943808851
-0.0021362720436
0.0099183440187
0.0076103861031
0.0050402182015
0.0201036410344
0.0136900812666
0.00271799174376
0.00482802134856
0.0034332528882
0.0175238600816
0.0637054
0.05718465
0.031113625
0.042486125
0.069114758654
dMdH Data
-3.19608721624851E-08
-0.000000031058072
-0.000000034359528
-2.51931584547324E-08
-3.36519415689349E-08
-0.0000000351056
-3.29133366933065E-08
-2.96354370834967E-08
-0.000000049146
-0.000000027596
-3.27713445731085E-08
-0.000000035182
-3.56934277371095E-08
-0.000000029652
-3.25093498130037E-08
-3.69138523445907E-08
-2.50801504809028E-08
-2.38948817259376E-08
-3.56485703771262E-08
-2.37264815051834E-08
-1.45451636130891E-08
-6.20760271342607E-09
3.00828879572405E-09
9.07720665885838E-08
4.25171910559853E-07
4.90566546556013E-06
4.66553380503899E-07
1.62575607258297E-07
4.64521702958258E-08
-1.25557955363571E-08
1.33700278408909E-08
-5.31448503176051E-08
-1.70901062332011E-08
-2.98411225420393E-08
-2.3907521849563E-08
-0.0000000361082
-0.000000034985
-4.14309713805724E-08
-3.96983939678793E-08
-3.84904603815847E-08
-3.24712988519541E-08
-2.95028198872045E-08
-0.0000000296896
-3.24925400596795E-08
-3.1428754290103E-08
-3.61176668240038E-08
-0.000000029372
-0.0000000315456
-0.0000000323848
-3.13296344000793E-08
-3.30793619340137E-08
-0.0000000304448
-0.0000000335992
-2.88547383241868E-08
-3.30741354069167E-08
-3.37949296405629E-08
-0.0000000332792
-0.00000003348
-4.77989559791196E-08
-0.000000020768
-3.58801528091686E-08
-4.00725956442613E-08
-2.91797835956719E-08
-3.49697006059879E-08
-0.0000000381874
-3.17546094723432E-08
-2.1180411804118E-08
-2.79641485275288E-08
-5.90723942084633E-08
3.32959999999982E-10
-2.90775852413638E-08
-2.48071938302026E-08
2.72101321726886E-08
5.63988768988329E-08
3.61082723387598E-07
4.91334968424132E-06
5.42774947519328E-07
1.14906484488745E-07
7.40651850429602E-08
-1.60007680368653E-08
-1.0383501591924E-08
-2.7360437767004E-08
-8.27226471247094E-09
-3.25150895774918E-08
-3.0917381652367E-08
-3.23859999999999E-08
-4.03500000000001E-08
-3.39779999999999E-08
-3.67340000000001E-08
-5.70268594628108E-08
-2.7222544450889E-08
-1.36877262454751E-08
-4.17761315818947E-08
-2.703061624493E-08
-2.66396262340197E-08
-3.92025408609807E-08
-0.00000003432416
-0.00000002958976
-0.0000000297416
-3.1023067023067E-08
-3.1023067023067E-08
dMdT Data
0
0
0
0
0
0
0
0
0
0
0
0
0
0
0
0
0
0
0
0
0
0
0
0
0
0
0
0
0
0
0
0
0
0
0
0
0
0
0
0
0
0
0
0
0
0
0
0
0
0
0
0
0
0
0
0
0
0
0
0
0
0
0
0
0
0
0
0
0
0
0
0
0
0
0
0
0
0
0
0
0
0
0
0
0
0
0
0
0
0
0
0
0
0
0
0
0
0
0
0
0
 
*********************************************** Results ***************************************
 
TotalArea 0.231484568975643
AreaFirstQuad 0.142145972501639
AreaSecondQuad 5.49706454866079E-02
AreaThirdQuad 0
AreaFourthQuad 3.43679509873961E-02
Coercivity 264.852827158265
PositiveCoercivity 11850.3360622053
NegativeCoercivity 12380.0417165218
Retentivity 1.6416626069309E-04
PositiveRetentivity 3.60793541312033E-04
NegativeRetentivity 3.24610199258527E-05
Magnetization 0.0002838184
PositiveMagnetization 0.0004799
NegativeMagnetization -0.0000877368
Flatness 0.912770871714714
Squareness 0.578420076686679
SStar 19.0398160062391
SFD1 11.2626043374433
SFD2 28.2186468620703
Slope 0
Intercept 0
SlopeAtHc -0.000000034359528
dH1 -2718.07977277853
dH2 7473.7884
InitialSlope -3.19608721624851E-08
FieldAtHalfMs 0
FieldAtMs -14759.3
MomentMean 1.95642805148515E-04
MomentRMS 1.57619718334422E-04
SFD3 19.6044447603404
dH3 -4927.43979248591
UserField1 0
UserField2 0
CenterField 0
ExchangeField 0
ExchangeMoment 0
ExRegionOneIntercept 0
ExRegionOneSlope 0
ExRegionTwoIntercept 0
ExRegionTwoSlope 0
NegativeIntercept 0
NegativeSlope 0
AutoCenterOffset 0
PinningField 0
PinningMoment 0
PinRegionOneIntercept 0
PinRegionOneSlope 0
PinRegionTwoIntercept 0
PinRegionTwoSlope 0
PositiveIntercept 0
PositiveSlope 0
TotalOffset 0
BHMax 0
BCoercivity 0
BRetentivity 0
BNegativeCoercivity 0
BPositiveCoercivity 0
BNegativeRetentivity 0
BPositiveRetentivity 0
MomentYMean -3.03853982574257E-07
MomentYRMS 2.24284098276385E-06
YOffCorrection 0
Mrt 0
Ms1 0
Ms2 0
Ms3 0
Hc2 0
Hex2 0
HsatValue 0
HsatIntercept 0
HsatSlope 0
CenterH 0
Span .0005676368
SpanAsPercentOfRange -37.8424533333333
RMSAsPercentOfRange -10.5079812222948
SpanAsPercentOfMean 290.139368820182
RMSAsPercentOfMean 80.5650472118157
