Version 1.25
******************************************** Units *******************************************
System CGS
TemperatureUnit K
MomentUnit emu
AppliedFieldUnit G
 
******************************************** Setup ********************************************
 
Experiment CustomField
Minor False
Acquisition PointByPoint
EditedPoint No
MaxField 15000
FieldIncrement 681.818181818182
Points 101
MinField 0
RampRate 0
AverageTime 5
TimeInterval 10
TimeConstant 1
TimeConstantIndex 2
Sensitivity -0.0015
SensitivityIndex 5
SensitivityY -4
SensitivityIndexY 0
SaturationField 8000
ExperimentTime 505
Use735Domains False
AutoRangeEnabled False
NumberOfVertices 11
VertexPts
0
8
17
33
42
50
58
67
83
92
100
VertexField
15000
5000
500
-500
-5000
-15000
-5000
-500
500
5000
15000
StartAngle 0
EndAngle 0
AngleIncrement 0
StartTemp 0
FinishTemp 0
TempIncrement 0
TempPoints 0
LengthofSetPointsArray 101
SetPointArray
15000
13750
12500
11250
10000
8750
7500
6250
5000
4500
4000
3500
3000
2500
2000
1500
1000
500
437.5
375
312.5
250
187.5
125
62.5
0
-62.5
-125
-187.5
-250
-312.5
-375
-437.5
-500
-1000
-1500
-2000
-2500
-3000
-3500
-4000
-4500
-5000
-6250
-7500
-8750
-10000
-11250
-12500
-13750
-15000
-13750
-12500
-11250
-10000
-8750
-7500
-6250
-5000
-4500
-4000
-3500
-3000
-2500
-2000
-1500
-1000
-500
-437.5
-375
-312.5
-250
-187.5
-125
-62.5
0
62.5
125
187.5
250
312.5
375
437.5
500
1000
1500
2000
2500
3000
3500
4000
4500
5000
6250
7500
8750
10000
11250
12500
13750
15000
FieldDomainFile c:\Ideasvsm\Default UserID\Experiments\Jason_1p5T_cus\fdomain.ini
TempDomainFile c:\Ideasvsm\Default UserID\Experiments\Jason_1p5T_cus\tdomain.ini
NumSelectedResults 0
ResultsSelected 
UserName1 
UserValue1 
UserName2 
UserValue2 
LinearBackgroundCorrection Off
MaxLinearFieldCorrection 
MinLinearFieldCorrection 
AutoLinearCorrection Off
FitOneRegion Off
BackgroundMode Off
BackgroundFilename 
AutoCenter Off
OffsetCorrection 
SmoothDeriv Off
DerivOrder 0
DerivPoints 0
MinExFieldOne 
MaxExFieldOne 
MinExFieldTwo 
MaxExFieldTwo 
MinPinFieldOne 
MaxPinFieldOne 
MinPinFieldTwo 
MaxPinFieldTwo 
HCenterStart 
Mass 
Volume 
Density 
MolarWeight 
NumberOfMoles 
Demagnetization 
SampleArea 
Thickness 
MomentScaling 0
XAxis 0
YAxis 0
SimpleSpinValve False
HsatMax 0
HsatMin 0
FieldAutoRange True
 
*************************************************** Experiment Data ********************************************
 
DataPoints 101
MomentX Data
-0.0000439013
-0.0000112009
0.0000252787
0.0000648541
0.000103521
0.000138634
0.000187725
0.000228124
0.000264974
0.000281818
0.00029648
0.000314701
0.000331999
0.000348902
0.000365221
0.000383815
0.000394808
0.000413699
0.000414263
0.00041564
0.000414967
0.000415675
0.000415742
0.000414276
0.000411885
0.000385687
0.0000775713
0.0000479555
0.00003571
0.0000345252
0.0000332339
0.0000351737
0.00003389
0.000036305
0.0000512397
0.0000656418
0.0000843799
0.000101727
0.0001203
0.000137469
0.000153213
0.000166127
0.000190593
0.000227883
0.000279895
0.000308388
0.000346659
0.00038259
0.000424782
0.000467915
0.000496374
0.000464122
0.000424984
0.000381866
0.000350335
0.000306286
0.000262367
0.000226234
0.000177677
0.000164311
0.00014223
0.000127094
0.00010864
0.0000935187
0.0000727152
0.000056622
0.0000444582
0.0000299787
0.0000277956
0.0000244157
0.0000211106
0.000023078
0.0000214855
0.0000228062
0.0000258807
0.0000477452
0.00035516
0.000389477
0.000398429
0.000399604
0.000401657
0.000396717
0.000398338
0.00039521
0.000380461
0.00036511
0.000343302
0.00032808
0.000305681
0.000289092
0.000273642
0.000258754
0.000239929
0.000192134
0.000161252
0.0000984555
0.000076721
0.0000337444
-0.00000365977
-0.0000395585
-0.0000683426
MomentY Data
0.00000372887
-0.00000219345
-0.00000247002
0.000000934601
-0.00000207901
0.000000696182
0.000000133514
-0.00000124931
-0.000000934601
-0.00000244141
0.0000000858307
-0.00000378609
-0.00000116348
0.00000121117
-0.00000361443
-0.00000313759
-0.00000349045
-0.0000026989
-0.0000064373
-0.0000049305
-0.00000403404
-0.00000418663
-0.00000426292
-0.00000489235
-0.00000433922
-0.00000335693
-0.00000188828
0.0000000572205
-0.00000115395
-0.00000117302
-0.00000133514
-0.00000203133
-0.00000306129
-0.00000172615
-0.00000374794
-0.000000896454
-0.00000166893
-0.00000038147
0.000000104904
-0.000000600815
0.00000137329
-0.00000136375
-0.000000190735
-0.000000143051
-0.000000238419
-0.00000102043
-0.0000000190735
-0.00000291824
-0.00000197411
-0.00000214577
-0.00000447273
-0.00000110626
-0.00000344276
-0.000000543594
-0.000000524521
-0.000000181198
-0.000000209808
0.00000329018
0.00000290871
0.000001297
-0.00000131607
-0.0000025177
0.00000102043
0.00000275612
-0.00000243187
0.000000123978
-0.00000079155
-0.000000267029
-0.000000286102
-0.00000110626
-0.000000810623
-0.000000190735
0.00000038147
0.000000228882
0.00000227928
-0.000000934601
-0.00000201225
-0.00000259399
-0.0000039959
-0.00000470161
-0.000000934601
-0.00000407219
-0.00000211716
-0.00000212669
-0.000000944138
-0.00000230789
0.000000581741
0.00000339508
0.00000149727
0.00000183105
0.00000161171
0.00000354767
0.0000000858307
0.000000715256
0.00000113487
0.00000145912
0.00000148773
0.00000520706
0.00000210762
0.0000014019
0.00000553131
Field Data
14758.3
13750
12500
11250
9999.98
8749.95
7499.97
6249.96
4999.97
4499.97
3999.98
3499.97
2999.98
2499.97
1999.97
1499.97
999.974
499.972
437.492
374.991
312.491
249.991
187.491
124.992
62.4885
-0.00544675
-62.5108
-125.011
-187.504
-250.005
-312.504
-375.011
-437.506
-500.003
-1000.01
-1500.03
-2000.03
-2500.03
-3000.04
-3500.03
-4000.04
-4500.04
-5000.05
-6250.06
-7500.05
-8750.03
-10000
-11250
-12500
-13750
-14756.3
-13750
-12500
-11250
-9999.99
-8749.97
-7499.97
-6249.96
-4999.96
-4499.98
-3999.97
-3500
-2999.97
-2499.97
-1999.97
-1499.98
-999.973
-499.972
-437.487
-374.985
-312.493
-249.986
-187.494
-124.99
-62.4895
0.00878611
62.5093
125.009
187.508
250.01
312.509
375.008
437.509
500.007
1000.02
1500.02
2000.03
2500.03
3000.04
3500.04
4000.04
4500.04
5000.04
6250.05
7500.06
8750.05
10000
11250
12500
13750
14758.8
Time Data
0
13.525
27.035
40.529
54.069
67.595
81.151
94.661
108.139
120.604
133.1
146.64
159.136
171.585
184.096
196.576
209.088
221.599
234.095
246.637
260.162
272.627
285.123
297.649
310.13
322.594
335.105
347.617
360.112
372.624
385.119
398.645
411.171
423.636
437.146
449.626
462.075
474.555
487.066
499.562
513.102
525.629
538.156
552.742
566.221
579.715
594.27
607.795
621.274
635.797
649.276
662.801
676.326
689.836
703.361
716.855
730.427
743.968
758.508
770.988
783.515
796.993
809.489
821.984
834.48
846.929
859.456
872.981
885.461
897.988
911.529
924.009
936.489
948.985
962.51
975.006
987.517
1000.03
1012.51
1024.96
1037.47
1050.99
1063.55
1076.05
1088.51
1101.02
1113.55
1126.09
1138.57
1151.05
1164.56
1177.06
1189.59
1203.08
1216.59
1230.11
1243.67
1257.2
1270.71
1284.22
1297.71
Temperature Data
0
0
0
0
0
0
0
0
0
0
0
0
0
0
0
0
0
0
0
0
0
0
0
0
0
0
0
0
0
0
0
0
0
0
0
0
0
0
0
0
0
0
0
0
0
0
0
0
0
0
0
0
0
0
0
0
0
0
0
0
0
0
0
0
0
0
0
0
0
0
0
0
0
0
0
0
0
0
0
0
0
0
0
0
0
0
0
0
0
0
0
0
0
0
0
0
0
0
0
0
0
Angle Data
0
0
0
0
0
0
0
0
0
0
0
0
0
0
0
0
0
0
0
0
0
0
0
0
0
0
0
0
0
0
0
0
0
0
0
0
0
0
0
0
0
0
0
0
0
0
0
0
0
0
0
0
0
0
0
0
0
0
0
0
0
0
0
0
0
0
0
0
0
0
0
0
0
0
0
0
0
0
0
0
0
0
0
0
0
0
0
0
0
0
0
0
0
0
0
0
0
0
0
0
0
Bx Data
0
0
0
0
0
0
0
0
0
0
0
0
0
0
0
0
0
0
0
0
0
0
0
0
0
0
0
0
0
0
0
0
0
0
0
0
0
0
0
0
0
0
0
0
0
0
0
0
0
0
0
0
0
0
0
0
0
0
0
0
0
0
0
0
0
0
0
0
0
0
0
0
0
0
0
0
0
0
0
0
0
0
0
0
0
0
0
0
0
0
0
0
0
0
0
0
0
0
0
0
0
Hint Data
0
0
0
0
0
0
0
0
0
0
0
0
0
0
0
0
0
0
0
0
0
0
0
0
0
0
0
0
0
0
0
0
0
0
0
0
0
0
0
0
0
0
0
0
0
0
0
0
0
0
0
0
0
0
0
0
0
0
0
0
0
0
0
0
0
0
0
0
0
0
0
0
0
0
0
0
0
0
0
0
0
0
0
0
0
0
0
0
0
0
0
0
0
0
0
0
0
0
0
0
0
Torque Data
0.055031782121
-0.0301599375
-0.03087525
0.01051426125
-0.0207900584198
0.0060915576909
0.00100135099458
-0.0078081375276
-0.00467297696197
-0.0109862717577
0.000343321083386
-0.0132512014173
-0.0034904167304
0.0030278886649
-0.0072287515671
-0.0047062908723
-0.0034903592483
-0.0013493744308
-0.0028162672516
-0.0018488931255
-0.00126060119364
-0.00104661982033
-0.00079925913372
-0.0006115046112
-0.00027115134897
1.82843584775E-08
0.000118037893424
-7.1531919255E-06
0.0002163702408
0.0002932608651
0.00041723659056
0.00076177109463
0.00133933274274
0.00086308017845
0.0037479774794
0.00134470789362
0.0033379100679
0.0009536864441
-0.00031471619616
0.00210287052445
-0.0054932149316
0.00613692955
0.00095368453675
0.00089407733306
0.00178815442095
0.0089287931129
0.000190735
0.0328302
0.024676375
0.0295043375
0.066000945699
0.015211075
0.0430345
0.0061154325
0.00524520475479
0.00158547706406
0.00157355370576
-0.0205634933928
-0.0145434336516
-0.00583647406
0.0052642405179
0.00881195
-0.0030612593871
-0.0068902173164
0.0048636670439
-0.00018596452044
0.00079152862815
0.000133507023188
0.000125165905674
0.0004148309061
0.000253314013139
0.00004768107971
-0.00007152333618
-0.00002860796118
-0.00014243106756
-8.21150719211E-09
-0.000125784338925
-0.00032427209591
-0.0007492632172
-0.0011754495161
-0.000292071223909
-0.00152710382752
-0.00092627655444
-0.00106335988683
-0.00094415688276
-0.0034618811578
0.00116349945223
0.0084878018524
0.0044918698908
0.006408748242
0.0064469044684
0.0159646569068
0.000429156933228
0.0044703857628
0.0085115930922
0.012767372956
0.0148773
0.058579425
0.02634525
0.019276125
0.081635498028
dMdH Data
-3.24312208668055E-08
-0.00000002918368
-0.00000003166032
-3.09330250715988E-08
-2.80897258465797E-08
-3.9273428374854E-08
-3.23189414484684E-08
-2.94802358418867E-08
-3.36879999999999E-08
-2.93245864917299E-08
-3.64412711745765E-08
-3.45966919338386E-08
-3.38053238935222E-08
-0.000000032638
-3.71880000000001E-08
-2.19861758894071E-08
-3.77818488726045E-08
-9.02688860435324E-09
-2.203164749364E-08
1.07679999999995E-08
-1.13279999999997E-08
-1.07199999999953E-09
2.34563753020047E-08
3.82538577839636E-08
4.19208601191443E-07
4.92942898454862E-06
4.73851283675892E-07
1.95949946393996E-07
1.89564966960529E-08
2.06611305780892E-08
-3.1033324267682E-08
2.05408432674613E-08
-3.86418548090308E-08
-2.98689818342543E-08
-2.88030478780849E-08
-0.0000000374762
-0.0000000346942
-3.71452570948581E-08
-3.43386867737355E-08
-3.14873702525949E-08
-0.000000025828
-4.89310213795724E-08
-2.98317613459092E-08
-4.1609932879463E-08
-2.27947647162354E-08
-3.06175348208357E-08
-0.0000000287448
-0.0000000337536
-0.0000000345064
-2.82808307661731E-08
-3.20500844678525E-08
-0.0000000313104
-0.0000000344944
-2.52245982032144E-08
-3.52386361818211E-08
-0.0000000351352
-2.890616875065E-08
-0.0000000388456
-2.67330693227729E-08
-4.41611167776645E-08
-3.02738164289857E-08
-3.69057856528608E-08
-0.0000000302426
-0.000000041607
-3.21870437408748E-08
-2.43272594183681E-08
-2.89589420821158E-08
-3.4937985116428E-08
-5.40766695465745E-08
-5.2888369711323E-08
3.14748748140208E-08
-2.54832618575178E-08
2.11298476897478E-08
4.91916064671483E-08
3.49841593440137E-07
4.91859635812028E-06
5.49074635558251E-07
1.43234291748668E-07
1.87993984192508E-08
3.28485255764086E-08
-7.90412646602344E-08
2.59355850306393E-08
-5.00496015872504E-08
-2.94972330719401E-08
-3.07020000000001E-08
-4.36151276974461E-08
-3.04439999999999E-08
-4.47971040579189E-08
-3.31779999999999E-08
-0.0000000309
-0.000000029776
-0.00000003765
-3.82356941144471E-08
-2.47054023567811E-08
-5.02376019008152E-08
-1.73882955318213E-08
-0.00000003438128
-0.000000029923336
-0.000000028718984
-2.8533009516257E-08
-2.8533009516257E-08
dMdT Data
0
0
0
0
0
0
0
0
0
0
0
0
0
0
0
0
0
0
0
0
0
0
0
0
0
0
0
0
0
0
0
0
0
0
0
0
0
0
0
0
0
0
0
0
0
0
0
0
0
0
0
0
0
0
0
0
0
0
0
0
0
0
0
0
0
0
0
0
0
0
0
0
0
0
0
0
0
0
0
0
0
0
0
0
0
0
0
0
0
0
0
0
0
0
0
0
0
0
0
0
0
 
*********************************************** Results ***************************************
 
TotalArea 0.521398080598064
AreaFirstQuad 0.375842441289008
AreaSecondQuad 9.47142591536316E-02
AreaThirdQuad 0
AreaFourthQuad 5.08413801554242E-02
Coercivity 494.248951162781
PositiveCoercivity 12377.6951206243
NegativeCoercivity 13366.1930229498
Retentivity 1.68973578535586E-04
PositiveRetentivity 3.85689283324449E-04
NegativeRetentivity 4.77421262532775E-05
Magnetization 0.0002823583
PositiveMagnetization 0.000496374
NegativeMagnetization -0.0000683426
Flatness 0.792633242933479
Squareness 0.598436732816374
SStar 12.7147490768447
SFD1 6.6458129206605
SFD2 15.120181302193
Slope 0
Intercept 0
SlopeAtHc -0.00000002918368
dH1 -2790.43711449773
dH2 7473.13375
InitialSlope -3.24312208668055E-08
FieldAtHalfMs 0
FieldAtMs -14756.3
MomentMean 2.15190821089109E-04
MomentRMS 1.57520215217346E-04
SFD3 9.3833941779354
dH3 -4143.48377962873
UserField1 0
UserField2 0
CenterField 0
ExchangeField 0
ExchangeMoment 0
ExRegionOneIntercept 0
ExRegionOneSlope 0
ExRegionTwoIntercept 0
ExRegionTwoSlope 0
NegativeIntercept 0
NegativeSlope 0
AutoCenterOffset 0
PinningField 0
PinningMoment 0
PinRegionOneIntercept 0
PinRegionOneSlope 0
PinRegionTwoIntercept 0
PinRegionTwoSlope 0
PositiveIntercept 0
PositiveSlope 0
TotalOffset 0
BHMax 0
BCoercivity 0
BRetentivity 0
BNegativeCoercivity 0
BPositiveCoercivity 0
BNegativeRetentivity 0
BPositiveRetentivity 0
MomentYMean -8.72375827722772E-07
MomentYRMS 2.29931197724088E-06
YOffCorrection 0
Mrt 0
Ms1 0
Ms2 0
Ms3 0
Hc2 0
Hex2 0
HsatValue 0
HsatIntercept 0
HsatSlope 0
CenterH 0
Span .0005647166
SpanAsPercentOfRange -37.6477733333333
RMSAsPercentOfRange -10.5013476811564
SpanAsPercentOfMean 262.425970188643
RMSAsPercentOfMean 73.2002482355499
