Version 1.25
******************************************** Units *******************************************
System CGS
TemperatureUnit K
MomentUnit emu
AppliedFieldUnit G
 
******************************************** Setup ********************************************
 
Experiment CustomField
Minor False
Acquisition PointByPoint
EditedPoint No
MaxField 15000
FieldIncrement 681.818181818182
Points 101
MinField 0
RampRate 0
AverageTime 5
TimeInterval 10
TimeConstant 1
TimeConstantIndex 2
Sensitivity -0.0015
SensitivityIndex 5
SensitivityY -4
SensitivityIndexY 0
SaturationField 8000
ExperimentTime 505
Use735Domains False
AutoRangeEnabled False
NumberOfVertices 11
VertexPts
0
8
17
33
42
50
58
67
83
92
100
VertexField
15000
5000
500
-500
-5000
-15000
-5000
-500
500
5000
15000
StartAngle 0
EndAngle 0
AngleIncrement 0
StartTemp 0
FinishTemp 0
TempIncrement 0
TempPoints 0
LengthofSetPointsArray 101
SetPointArray
15000
13750
12500
11250
10000
8750
7500
6250
5000
4500
4000
3500
3000
2500
2000
1500
1000
500
437.5
375
312.5
250
187.5
125
62.5
0
-62.5
-125
-187.5
-250
-312.5
-375
-437.5
-500
-1000
-1500
-2000
-2500
-3000
-3500
-4000
-4500
-5000
-6250
-7500
-8750
-10000
-11250
-12500
-13750
-15000
-13750
-12500
-11250
-10000
-8750
-7500
-6250
-5000
-4500
-4000
-3500
-3000
-2500
-2000
-1500
-1000
-500
-437.5
-375
-312.5
-250
-187.5
-125
-62.5
0
62.5
125
187.5
250
312.5
375
437.5
500
1000
1500
2000
2500
3000
3500
4000
4500
5000
6250
7500
8750
10000
11250
12500
13750
15000
FieldDomainFile c:\Ideasvsm\Default UserID\Experiments\Jason_1p5T_cus\fdomain.ini
TempDomainFile c:\Ideasvsm\Default UserID\Experiments\Jason_1p5T_cus\tdomain.ini
NumSelectedResults 0
ResultsSelected 
UserName1 
UserValue1 
UserName2 
UserValue2 
LinearBackgroundCorrection Off
MaxLinearFieldCorrection 
MinLinearFieldCorrection 
AutoLinearCorrection Off
FitOneRegion Off
BackgroundMode Off
BackgroundFilename 
AutoCenter Off
OffsetCorrection 
SmoothDeriv Off
DerivOrder 0
DerivPoints 0
MinExFieldOne 
MaxExFieldOne 
MinExFieldTwo 
MaxExFieldTwo 
MinPinFieldOne 
MaxPinFieldOne 
MinPinFieldTwo 
MaxPinFieldTwo 
HCenterStart 
Mass 
Volume 
Density 
MolarWeight 
NumberOfMoles 
Demagnetization 
SampleArea 
Thickness 
MomentScaling 0
XAxis 0
YAxis 0
SimpleSpinValve False
HsatMax 0
HsatMin 0
FieldAutoRange True
 
*************************************************** Experiment Data ********************************************
 
DataPoints 101
MomentX Data
-0.0000903081
-0.000062888
-0.0000230372
0.0000202687
0.0000518038
0.0000908327
0.000137585
0.000173963
0.000218917
0.000231759
0.00025473
0.000268915
0.000285386
0.000303295
0.000320638
0.000334632
0.000353869
0.000367353
0.000365848
0.000367425
0.000370239
0.000368196
0.000366893
0.000365788
0.000362419
0.000342187
0.0000897511
-0.000000164107
-0.00000946925
-0.0000114489
-0.0000105817
-0.00000961493
-0.00000806649
-0.00000763877
0.00000510323
0.0000201355
0.000037374
0.0000551104
0.0000738642
0.0000932117
0.000107315
0.000129923
0.000139892
0.00018844
0.000228156
0.000256355
0.000305435
0.000341231
0.000384806
0.000421178
0.000452259
0.000419443
0.000383005
0.000341706
0.000303561
0.000268943
0.000215845
0.000180685
0.000147266
0.000126521
0.000104806
0.0000894565
0.0000731369
0.0000524996
0.0000354912
0.0000190724
0.00000491979
-0.00000427695
-0.0000105179
-0.0000121926
-0.000012204
-0.0000121741
-0.0000125989
-0.0000131326
-0.0000067339
0.0000118544
0.000254073
0.000357694
0.00036639
0.000367165
0.000366738
0.000365132
0.000364454
0.00036458
0.000347911
0.000330593
0.000318666
0.000300335
0.000279504
0.000261934
0.000244048
0.000225699
0.000208735
0.0001629
0.000130009
0.0000993641
0.0000499824
0.0000124787
-0.0000281058
-0.0000713192
-0.000100103
MomentY Data
0.0000106239
0.00000911713
0.0000115204
0.00000802994
0.00000816345
0.00000742912
0.00000869751
0.00000989914
0.00000873566
0.00000616074
0.00000769615
0.00000786781
0.00000823975
0.00000854492
0.00000433922
0.00000370979
0.00000350952
0.0000042057
0.00000422478
0.0000051403
0.000000638962
-0.00000124931
0.00000130653
0.00000231743
0.00000439644
0.00000219345
0.0000036335
0.00000598907
0.00000449181
0.00000481606
0.00000684738
0.00000497818
0.00000494957
0.00000361443
0.00000149727
0.0000028038
0.00000326157
0.00000288963
0.00000352859
0.00000302315
0.0000039196
0.00000649452
0.00000488281
0.00000576973
0.00000314713
0.00000235558
0.00000435829
0.000000324249
0.00000349998
-0.000000219345
0.000000209808
0.00000112534
-0.00000153542
0.00000412941
0.00000450134
0.00000347137
0.0000011158
0.00000409126
0.0000012207
0.00000110626
0.00000116348
0.00000226021
0.00000431061
0.00000203133
0.000000114441
0.000000581741
0.00000164986
0.00000286102
0.00000193596
0.00000268936
0.00000489235
0.00000324249
0.00000387192
0.00000139236
0.00000226974
0.00000128746
0.000000810623
0.00000116348
0.000000915527
0.00000305176
0.00000306129
0.00000253677
-0.00000100136
0.00000079155
0.000000648499
0.00000152588
0.00000114441
0.00000437737
0.00000382423
0.00000729561
0.00000367165
0.00000413895
0.00000437737
0.00000415802
0.00000383377
0.00000536919
0.00000452995
0.00000265121
0.00000575066
0.00000679016
0.00000789642
Field Data
14746.4
13750
12500
11250
9999.99
8749.97
7499.97
6249.96
4999.97
4499.96
3999.97
3499.98
2999.98
2499.98
1999.97
1499.97
999.967
499.971
437.489
374.989
312.493
249.989
187.491
124.993
62.4886
-0.0059438
-62.5046
-125.011
-187.506
-250.007
-312.506
-375.003
-437.508
-500.006
-1000.02
-1500.02
-2000.03
-2500.04
-3000.03
-3500.04
-4000.04
-4500.03
-5000.04
-6250.07
-7500.07
-8750.03
-10000
-11250
-12500
-13750
-14753.7
-13750
-12500
-11250
-9999.98
-8749.98
-7499.96
-6249.97
-4999.97
-4499.97
-3999.98
-3500
-2999.97
-2499.97
-1999.97
-1499.97
-999.971
-499.969
-437.489
-374.989
-312.49
-249.985
-187.492
-124.992
-62.4924
0.00932953
62.5067
125.009
187.509
250.003
312.505
375.009
437.506
500.009
1000.02
1500.03
2000.03
2500.02
3000.05
3500.03
4000.03
4500.04
5000.04
6250.05
7500.05
8750.03
10000
11250
12500
13750
14757.2
Time Data
0
13.494
26.973
40.513
53.976
67.47
80.98
94.521
108.031
120.558
133.053
146.563
159.059
171.57
185.048
197.56
210.024
222.52
234.984
248.51
261.988
274.484
286.948
299.46
312.002
324.498
336.978
349.52
362.032
374.558
387.038
400.548
413.044
425.54
438.035
450.515
462.995
475.507
488.018
500.529
514.054
526.566
539.061
552.602
566.143
579.653
593.147
606.641
620.12
633.629
647.155
660.68
674.205
687.684
701.178
715.717
729.227
742.768
756.262
768.757
781.269
794.809
807.321
819.785
832.328
844.823
857.288
869.799
882.326
894.869
908.378
920.905
933.432
945.896
958.408
970.872
983.368
995.91
1008.41
1020.87
1033.38
1046.88
1059.39
1071.84
1084.38
1096.86
1109.34
1121.88
1134.35
1146.81
1161.35
1173.83
1186.29
1199.8
1213.3
1226.84
1240.35
1253.87
1267.38
1280.91
1294.45
Temperature Data
0
0
0
0
0
0
0
0
0
0
0
0
0
0
0
0
0
0
0
0
0
0
0
0
0
0
0
0
0
0
0
0
0
0
0
0
0
0
0
0
0
0
0
0
0
0
0
0
0
0
0
0
0
0
0
0
0
0
0
0
0
0
0
0
0
0
0
0
0
0
0
0
0
0
0
0
0
0
0
0
0
0
0
0
0
0
0
0
0
0
0
0
0
0
0
0
0
0
0
0
0
Angle Data
0
0
0
0
0
0
0
0
0
0
0
0
0
0
0
0
0
0
0
0
0
0
0
0
0
0
0
0
0
0
0
0
0
0
0
0
0
0
0
0
0
0
0
0
0
0
0
0
0
0
0
0
0
0
0
0
0
0
0
0
0
0
0
0
0
0
0
0
0
0
0
0
0
0
0
0
0
0
0
0
0
0
0
0
0
0
0
0
0
0
0
0
0
0
0
0
0
0
0
0
0
Bx Data
0
0
0
0
0
0
0
0
0
0
0
0
0
0
0
0
0
0
0
0
0
0
0
0
0
0
0
0
0
0
0
0
0
0
0
0
0
0
0
0
0
0
0
0
0
0
0
0
0
0
0
0
0
0
0
0
0
0
0
0
0
0
0
0
0
0
0
0
0
0
0
0
0
0
0
0
0
0
0
0
0
0
0
0
0
0
0
0
0
0
0
0
0
0
0
0
0
0
0
0
0
Hint Data
0
0
0
0
0
0
0
0
0
0
0
0
0
0
0
0
0
0
0
0
0
0
0
0
0
0
0
0
0
0
0
0
0
0
0
0
0
0
0
0
0
0
0
0
0
0
0
0
0
0
0
0
0
0
0
0
0
0
0
0
0
0
0
0
0
0
0
0
0
0
0
0
0
0
0
0
0
0
0
0
0
0
0
0
0
0
0
0
0
0
0
0
0
0
0
0
0
0
0
0
0
Torque Data
0.15666427896
0.1253605375
0.144005
0.090336825
0.0816344183655
0.0650045771264
0.0652310640747
0.0618692290344
0.0436780379302
0.0277230835704
0.0307843691155
0.0275371776438
0.024719085205
0.0213621291016
0.0086783098234
0.0055645737063
0.00350940418584
0.0021027280347
0.00184829477742
0.0019275559567
0.000199671152266
-0.00031231375759
0.00024496261623
0.00028966252799
0.000274727380584
-1.303742811E-08
-0.0002271104641
-0.00074869962977
-0.00084224132586
-0.00120404871242
-0.00213984733428
-0.00186683243454
-0.00216547647156
-0.00180723668658
-0.0014972999454
-0.004205756076
-0.0065232378471
-0.0072241905852
-0.0105858758577
-0.010581145926
-0.015678556784
-0.0292255348356
-0.0244142453124
-0.0360612163811
-0.0236036952991
-0.0206113956674
-0.0435829
-0.00364780125
-0.04374975
0.00301599375
-0.0030954442896
-0.015473425
0.01919275
-0.0464558625
-0.0450133099732
-0.0303744180726
-0.008368455368
-0.0255702522622
-0.006103463379
-0.0049781368122
-0.0046538967304
-0.007910735
-0.0129317006817
-0.0050782640601
-0.00022887856677
-0.00087259404777
-0.00164981215406
-0.00143042130838
-0.00084696120444
-0.00100848041704
-0.0015288104515
-0.00081057386265
-0.00072595402464
-0.00017403386112
-0.000141841499976
1.20113966938E-08
5.06693686741E-05
0.00014544547132
0.000171669552243
0.00076294915528
0.00095666843145
0.00095131158093
-0.00043810100816
0.00039578212395
0.00064851196998
0.0022888657764
0.0022888543323
0.0109435125474
0.0114728812115
0.0255348538683
0.0146867101495
0.018625440558
0.0218870250948
0.025987832901
0.0287534666885
0.0469805735757
0.0452995
0.0298261125
0.07188325
0.0933647
0.116529049224
dMdH Data
-2.75191690084304E-08
-0.00000003188064
-0.00000003464472
-2.52278781769746E-08
-3.1222620438073E-08
-0.00000003740184
-2.91021671826625E-08
-3.59634877079017E-08
-2.56834863302734E-08
-4.59429188583771E-08
-2.83705674113482E-08
-0.000000032942
-0.000000035818
-3.46853062938742E-08
-2.79880000000001E-08
-3.8473769157385E-08
-2.6968215745726E-08
2.4086937037867E-08
-0.000000025232
-4.50268817204304E-08
3.26859081018818E-08
2.08486671573486E-08
1.76805657781057E-08
5.39002054255376E-08
3.23740262265904E-07
4.03906124304797E-06
1.43849601000858E-06
1.48894199535963E-07
3.16738932177085E-08
-1.38754220067521E-08
-1.54690625150007E-08
-2.47730581553476E-08
-6.843738999648E-09
-2.54832864679789E-08
-0.00000003006454
-3.44763104737905E-08
-3.54720905581888E-08
-3.75083501670033E-08
-3.86942261154777E-08
-0.0000000282066
-4.52169043380868E-08
-1.9937601247975E-08
-3.88374679007704E-08
-0.0000000317728
-2.25599219175013E-08
-3.92649423586166E-08
-0.0000000286368
-0.00000003486
-0.0000000290976
-3.09664242303477E-08
-3.26950283949387E-08
-0.0000000291504
-0.0000000330392
-3.0515511751812E-08
-0.0000000276944
-4.24777203564743E-08
-2.81282250258002E-08
-0.0000000267352
-0.00000004149
-4.34308686173723E-08
-3.07002280091204E-08
-3.26372417654941E-08
-0.0000000412746
-0.0000000340168
-0.0000000328376
-2.83052766105532E-08
-1.83934064263743E-08
-9.98871638924456E-08
-0.0000000267952
-1.82402918446689E-10
4.78361731061534E-10
-6.79756132686863E-09
-0.0000000085392
1.02379855231073E-07
2.97404570077983E-07
3.87566065865555E-06
1.65787499020036E-06
1.39136000000001E-07
1.24011905142895E-08
-6.83178138299576E-09
-2.56943555612445E-08
-1.08485207289949E-08
2.01590323664429E-09
-3.33372665801352E-08
-3.46353072938541E-08
-0.000000023854
-3.66627332546651E-08
-4.16595004299741E-08
-3.51414056562263E-08
-3.57720000000001E-08
-3.66972660546789E-08
-0.000000033928
-3.66677066583467E-08
-0.0000000263128
-2.45163122609962E-08
-3.95063081513957E-08
-0.00000003000296
-0.0000000324676
-0.00000003457072
-2.85780381254964E-08
-2.85780381254964E-08
dMdT Data
0
0
0
0
0
0
0
0
0
0
0
0
0
0
0
0
0
0
0
0
0
0
0
0
0
0
0
0
0
0
0
0
0
0
0
0
0
0
0
0
0
0
0
0
0
0
0
0
0
0
0
0
0
0
0
0
0
0
0
0
0
0
0
0
0
0
0
0
0
0
0
0
0
0
0
0
0
0
0
0
0
0
0
0
0
0
0
0
0
0
0
0
0
0
0
0
0
0
0
0
0
 
*********************************************** Results ***************************************
 
TotalArea 0.119680041006908
AreaFirstQuad 7.18346866377503E-02
AreaSecondQuad 2.99676942940368E-02
AreaThirdQuad 1.80033873082596E-03
AreaFourthQuad 1.60773213442953E-02
Coercivity 5979.97066711716
PositiveCoercivity -124.896917653676
NegativeCoercivity 11835.0444165807
Retentivity 1.65168649446115E-04
PositiveRetentivity 3.42188924247371E-04
NegativeRetentivity 1.18516253551413E-05
Magnetization 0.000276181
PositiveMagnetization 0.000452259
NegativeMagnetization -0.000100103
Flatness 0.217512550931494
Squareness 0.598044939536444
SStar 1.79724445672605
SFD1 1.42645155361618
SFD2 1.24956076140793
Slope 0
Intercept 0
SlopeAtHc -0.00000003464472
dH1 -2550.16778157133
dH2 7472.3367
InitialSlope -2.75191690084304E-08
FieldAtHalfMs 0
FieldAtMs -14753.7
MomentMean 1.75173296267327E-04
MomentRMS 1.55839201690273E-04
SFD3 1.91164019372843
dH3 -5451.581617461
UserField1 0
UserField2 0
CenterField 0
ExchangeField 0
ExchangeMoment 0
ExRegionOneIntercept 0
ExRegionOneSlope 0
ExRegionTwoIntercept 0
ExRegionTwoSlope 0
NegativeIntercept 0
NegativeSlope 0
AutoCenterOffset 0
PinningField 0
PinningMoment 0
PinRegionOneIntercept 0
PinRegionOneSlope 0
PinRegionTwoIntercept 0
PinRegionTwoSlope 0
PositiveIntercept 0
PositiveSlope 0
TotalOffset 0
BHMax 0
BCoercivity 0
BRetentivity 0
BNegativeCoercivity 0
BPositiveCoercivity 0
BNegativeRetentivity 0
BPositiveRetentivity 0
MomentYMean 3.81800173267327E-06
MomentYRMS 2.70236466304892E-06
YOffCorrection 0
Mrt 0
Ms1 0
Ms2 0
Ms3 0
Hc2 0
Hex2 0
HsatValue 0
HsatIntercept 0
HsatSlope 0
CenterH 0
Span .000552362
SpanAsPercentOfRange -36.8241333333333
RMSAsPercentOfRange -10.3892801126849
SpanAsPercentOfMean 315.323175261289
RMSAsPercentOfMean 88.9628756271456
