Version 1.25
******************************************** Units *******************************************
System CGS
TemperatureUnit K
MomentUnit emu
AppliedFieldUnit G
 
******************************************** Setup ********************************************
 
Experiment CustomField
Minor False
Acquisition PointByPoint
EditedPoint No
MaxField 15000
FieldIncrement 681.818181818182
Points 101
MinField 0
RampRate 0
AverageTime 5
TimeInterval 10
TimeConstant 1
TimeConstantIndex 2
Sensitivity -0.0015
SensitivityIndex 5
SensitivityY -4
SensitivityIndexY 0
SaturationField 8000
ExperimentTime 505
Use735Domains False
AutoRangeEnabled False
NumberOfVertices 11
VertexPts
0
8
17
33
42
50
58
67
83
92
100
VertexField
15000
5000
500
-500
-5000
-15000
-5000
-500
500
5000
15000
StartAngle 0
EndAngle 0
AngleIncrement 0
StartTemp 0
FinishTemp 0
TempIncrement 0
TempPoints 0
LengthofSetPointsArray 101
SetPointArray
15000
13750
12500
11250
10000
8750
7500
6250
5000
4500
4000
3500
3000
2500
2000
1500
1000
500
437.5
375
312.5
250
187.5
125
62.5
0
-62.5
-125
-187.5
-250
-312.5
-375
-437.5
-500
-1000
-1500
-2000
-2500
-3000
-3500
-4000
-4500
-5000
-6250
-7500
-8750
-10000
-11250
-12500
-13750
-15000
-13750
-12500
-11250
-10000
-8750
-7500
-6250
-5000
-4500
-4000
-3500
-3000
-2500
-2000
-1500
-1000
-500
-437.5
-375
-312.5
-250
-187.5
-125
-62.5
0
62.5
125
187.5
250
312.5
375
437.5
500
1000
1500
2000
2500
3000
3500
4000
4500
5000
6250
7500
8750
10000
11250
12500
13750
15000
FieldDomainFile c:\Ideasvsm\Default UserID\Experiments\Jason_1p5T_cus\fdomain.ini
TempDomainFile c:\Ideasvsm\Default UserID\Experiments\Jason_1p5T_cus\tdomain.ini
NumSelectedResults 0
ResultsSelected 
UserName1 
UserValue1 
UserName2 
UserValue2 
LinearBackgroundCorrection Off
MaxLinearFieldCorrection 
MinLinearFieldCorrection 
AutoLinearCorrection Off
FitOneRegion Off
BackgroundMode Off
BackgroundFilename 
AutoCenter Off
OffsetCorrection 
SmoothDeriv Off
DerivOrder 0
DerivPoints 0
MinExFieldOne 
MaxExFieldOne 
MinExFieldTwo 
MaxExFieldTwo 
MinPinFieldOne 
MaxPinFieldOne 
MinPinFieldTwo 
MaxPinFieldTwo 
HCenterStart 
Mass 
Volume 
Density 
MolarWeight 
NumberOfMoles 
Demagnetization 
SampleArea 
Thickness 
MomentScaling 0
XAxis 0
YAxis 0
SimpleSpinValve False
HsatMax 0
HsatMin 0
FieldAutoRange True
 
*************************************************** Experiment Data ********************************************
 
DataPoints 101
MomentX Data
-0.0000210047
0.00000815343
0.0000434627
0.0000843943
0.000122575
0.000156546
0.000193152
0.000235775
0.000273764
0.000289826
0.000308544
0.000318566
0.000339983
0.000355475
0.000368419
0.000384665
0.000398583
0.000409127
0.000407559
0.000409755
0.0004101
0.000410982
0.000409573
0.00040713
0.000401733
0.000383232
0.000275193
0.0000422136
0.000034839
0.0000354486
0.000036824
0.0000354108
0.0000365411
0.0000371577
0.0000480038
0.000061759
0.000075653
0.0000945631
0.000109425
0.000126394
0.000148826
0.000159486
0.000183752
0.000215234
0.000247164
0.000280021
0.000326723
0.00036448
0.000403627
0.00044147
0.000470606
0.000439918
0.000400539
0.000367541
0.000325603
0.000286281
0.000247248
0.000209321
0.000170069
0.000152363
0.000134435
0.000117723
0.000101254
0.0000857353
0.0000704423
0.0000544834
0.0000395783
0.000027223
0.0000263454
0.0000274226
0.0000275613
0.0000255116
0.0000270256
0.000027824
0.000033128
0.0000499141
0.000146714
0.00039004
0.000397252
0.000396472
0.000397141
0.000397548
0.000395405
0.000394391
0.000382714
0.000366563
0.000350894
0.000338376
0.000316291
0.000298761
0.000282209
0.00027003
0.000254577
0.000215105
0.000179968
0.00013546
0.0000913653
0.0000618879
0.0000172709
-0.0000159904
-0.0000436064
MomentY Data
0.00000599861
0.00000193596
-0.0000011158
0.000000600815
-0.0000015831
0.000000982285
-0.000000238419
-0.00000307083
0.00000141144
-0.000000143051
-0.000000514984
-0.0000011158
-0.00000143051
-0.00000210762
-0.00000333786
-0.00000387192
-0.00000437737
-0.00000323296
-0.00000405312
-0.00000492096
-0.00000315666
-0.0000024128
-0.00000323296
-0.00000329018
-0.00000112534
-0.00000207901
-0.00000329971
-0.00000159264
-0.000000782013
-0.00000144958
-0.00000043869
-0.00000414848
-0.00000268936
-0.00000352859
-0.00000364304
-0.00000278473
-0.000004282
-0.00000175476
-0.00000102043
-0.000000905991
0.0000004673
0.0000018692
-0.00000177383
0.000000190735
0.000000419617
0.00000235558
0.00000123024
0.000000209808
-0.000000896454
-0.00000163078
-0.00000468254
-0.00000303268
-0.00000370979
0.000000305176
-0.00000112534
0.000000247955
-0.00000120163
0.000000724792
-0.00000123024
0.000000200272
0.0000000190735
0.000000457764
0.000000829697
0.00000442505
-0.00000359535
-0.0000021553
-0.00000207901
-0.00000344276
-0.00000482559
-0.00000416756
-0.00000217438
-0.00000254631
-0.00000307083
-0.00000349045
-0.00000295639
-0.0000028801
-0.00000395775
-0.00000439644
-0.0000042057
-0.00000527382
-0.00000301361
-0.00000326157
-0.00000388145
-0.00000518799
-0.00000488281
-0.00000409126
-0.00000337601
0.000000677109
0.000000133514
-0.000000810623
-0.000000991821
-0.00000164032
-0.00000301361
-0.00000190735
-0.00000144958
0.000000839233
0.000000553131
0.000000648499
0.00000209808
-0.00000264168
0.000000543594
Field Data
14755.2
13750
12500
11250
9999.98
8749.97
7499.95
6249.97
4999.95
4499.97
3999.98
3499.97
2999.96
2499.97
1999.97
1499.97
999.975
499.971
437.489
374.989
312.495
249.99
187.491
124.991
62.4952
-0.0084483
-62.5083
-125.008
-187.508
-250.01
-312.511
-375.005
-437.504
-500.006
-1000.01
-1500.03
-2000.03
-2500.03
-3000.03
-3500.03
-4000.04
-4500.03
-5000.03
-6250.06
-7500.04
-8750.04
-10000
-11250
-12500
-13750
-14759.8
-13750
-12500
-11250
-9999.98
-8749.97
-7499.96
-6249.97
-4999.96
-4499.96
-3999.97
-3500
-2999.98
-2499.98
-1999.98
-1499.98
-999.971
-499.97
-437.488
-374.988
-312.493
-249.988
-187.491
-124.989
-62.4913
0.00952095
62.5124
125.01
187.511
250.004
312.505
375.005
437.504
500.003
1000.02
1500.03
2000.03
2500.03
3000.03
3500.04
4000.04
4500.03
5000.04
6250.08
7500.05
8750.04
10000
11250
12500
13750
14760.1
Time Data
0
13.494
26.988
40.576
54.038
67.47
80.995
94.489
109.044
121.509
133.989
147.467
159.932
172.443
184.939
197.435
209.883
222.426
234.953
247.448
260.943
273.391
285.872
298.367
310.847
323.296
335.823
348.288
360.783
373.263
385.79
399.284
411.764
424.213
436.74
449.205
461.731
474.196
486.692
499.187
512.713
525.224
537.704
551.182
564.708
578.202
591.743
605.237
618.731
632.225
645.766
659.291
672.77
686.264
699.758
713.283
726.762
740.224
753.797
766.292
778.803
792.282
804.793
817.32
829.831
843.341
855.806
868.301
880.828
893.324
907.847
920.374
932.87
945.397
957.893
970.373
982.837
995.317
1007.81
1020.31
1032.82
1046.33
1058.81
1071.29
1083.8
1096.33
1108.82
1121.27
1133.78
1146.29
1159.84
1172.35
1184.83
1198.34
1211.83
1225.34
1238.87
1252.42
1265.92
1279.46
1292.98
Temperature Data
0
0
0
0
0
0
0
0
0
0
0
0
0
0
0
0
0
0
0
0
0
0
0
0
0
0
0
0
0
0
0
0
0
0
0
0
0
0
0
0
0
0
0
0
0
0
0
0
0
0
0
0
0
0
0
0
0
0
0
0
0
0
0
0
0
0
0
0
0
0
0
0
0
0
0
0
0
0
0
0
0
0
0
0
0
0
0
0
0
0
0
0
0
0
0
0
0
0
0
0
0
Angle Data
0
0
0
0
0
0
0
0
0
0
0
0
0
0
0
0
0
0
0
0
0
0
0
0
0
0
0
0
0
0
0
0
0
0
0
0
0
0
0
0
0
0
0
0
0
0
0
0
0
0
0
0
0
0
0
0
0
0
0
0
0
0
0
0
0
0
0
0
0
0
0
0
0
0
0
0
0
0
0
0
0
0
0
0
0
0
0
0
0
0
0
0
0
0
0
0
0
0
0
0
0
Bx Data
0
0
0
0
0
0
0
0
0
0
0
0
0
0
0
0
0
0
0
0
0
0
0
0
0
0
0
0
0
0
0
0
0
0
0
0
0
0
0
0
0
0
0
0
0
0
0
0
0
0
0
0
0
0
0
0
0
0
0
0
0
0
0
0
0
0
0
0
0
0
0
0
0
0
0
0
0
0
0
0
0
0
0
0
0
0
0
0
0
0
0
0
0
0
0
0
0
0
0
0
0
Hint Data
0
0
0
0
0
0
0
0
0
0
0
0
0
0
0
0
0
0
0
0
0
0
0
0
0
0
0
0
0
0
0
0
0
0
0
0
0
0
0
0
0
0
0
0
0
0
0
0
0
0
0
0
0
0
0
0
0
0
0
0
0
0
0
0
0
0
0
0
0
0
0
0
0
0
0
0
0
0
0
0
0
0
0
0
0
0
0
0
0
0
0
0
0
0
0
0
0
0
0
0
0
Torque Data
0.088510690272
0.02661945
-0.0139475
0.00675916875
-0.015830968338
0.00859496428145
-0.00178813057905
-0.0191925953751
0.007057129428
-0.00064372520847
-0.00205992570032
-0.003905266526
-0.0042914727796
-0.0052689867714
-0.0066756198642
-0.0058077638424
-0.00437726056575
-0.00161638624416
-0.00177319541568
-0.00184530586944
-0.0009864404667
-0.000603175872
-0.00060615090336
-0.00041124288838
-0.000070328348368
1.7564100183E-08
0.000206259262593
0.00019909274112
0.000146633693604
0.0003624094958
0.00013709545059
0.0015557007424
0.00117660575744
0.00176431617154
0.0036430764304
0.0041771785419
0.00856412846
0.0043869526428
0.0030613206129
0.00317099567973
-0.001869218692
-0.008411456076
0.0088692032149
-0.0011921051941
-0.00314714428468
-0.0206114192232
-0.0123024
-0.00236034
0.011205675
0.022423225
0.069113353892
0.04169935
0.046372375
-0.00343323
0.0112533774932
-0.00216959881135
0.0090121769348
-0.00452992825624
0.0061511507904
-0.00090121598912
-0.000076293427795
-0.001602174
-0.00248907440606
-0.011062536499
0.007190628093
0.003232906894
0.00207894970871
0.0017212767172
0.00211113771792
0.00156278498928
0.00067947852934
0.00063654694428
0.00057575298753
0.00043626785505
0.000184748654407
-2.7421288095E-08
-0.0002474084511
-0.0005495989644
-0.0007886150127
-0.00131847609528
-0.00094176819305
-0.00122310505785
-0.0016981499008
-0.00259401056397
-0.0048829076562
-0.0061370127378
-0.0067521212803
0.00169279281327
0.00040054600542
-0.00283721292492
-0.00396732367284
-0.0073814892096
-0.0150681705444
-0.011921090088
-0.010871922479
0.00734332231932
0.00553131
0.00729561375
0.026226
-0.0363231
0.0080235017994
dMdH Data
-2.90072920811779E-08
-0.000000028247416
-0.00000003274528
-3.05440712948593E-08
-2.71765825873393E-08
-2.92843314506968E-08
-3.40989455831293E-08
-3.039071374858E-08
-3.21252850114005E-08
-3.74367487349746E-08
-2.00435991280174E-08
-4.28331433371332E-08
-3.09846196923939E-08
-0.000000025888
-3.24920000000001E-08
-2.78362783627836E-08
-2.10878312973497E-08
2.50952274254989E-08
-3.51359999999998E-08
-5.52052997087738E-09
-1.41108711303097E-08
2.25443607097716E-08
3.90879999999996E-08
8.63578032443785E-08
2.95998721725816E-07
1.72862810168876E-06
3.72768829290381E-06
0.0000001179936
-9.75328789478729E-09
-2.20060479032335E-08
2.26133708836048E-08
-1.80850893614297E-08
-9.86528431090201E-09
-2.16920264637883E-08
-2.75092996280149E-08
-0.000000027788
-0.0000000378202
-0.0000000297238
-0.000000033938
-4.48631027379452E-08
-2.13204264085282E-08
-0.000000048532
-2.51849955601065E-08
-2.55444087105394E-08
-0.0000000262856
-3.73627956094596E-08
-0.0000000302056
-0.0000000313176
-0.0000000302744
-2.8853238265003E-08
-3.03901762725292E-08
-0.0000000315032
-0.0000000263984
-3.35498632021887E-08
-3.14573483412133E-08
-3.12261501907985E-08
-3.03418427347419E-08
-3.14013487892097E-08
-0.000000035412
-3.58567171343427E-08
-3.34260055603336E-08
-3.29366825326987E-08
-0.0000000310374
-0.000000030586
-0.0000000319178
-2.98096634260583E-08
-2.47105505788988E-08
-1.4045645145802E-08
0.0000000172352
2.219377550204E-09
-3.27925765938725E-08
2.42251628078148E-08
1.27739912322805E-08
8.48671231101304E-08
2.68574072225846E-07
1.54872705819781E-06
3.8933655052354E-06
1.1539015375754E-07
-1.24813979165671E-08
1.07038287387404E-08
6.51200000000018E-09
-3.42885486167782E-08
-1.6224259588153E-08
-2.33532059909964E-08
-3.23013539729205E-08
-0.000000031338
-0.000000025036
-0.00000004417
-3.50592988140238E-08
-3.31039999999999E-08
-2.43584871697434E-08
-3.09053818923621E-08
-3.15765895491345E-08
-2.81102746465915E-08
-3.56066848534788E-08
-3.52768888604436E-08
-0.00000002358192
-0.0000000356936
-0.00000002660904
-2.73398673398673E-08
-2.73398673398673E-08
dMdT Data
0
0
0
0
0
0
0
0
0
0
0
0
0
0
0
0
0
0
0
0
0
0
0
0
0
0
0
0
0
0
0
0
0
0
0
0
0
0
0
0
0
0
0
0
0
0
0
0
0
0
0
0
0
0
0
0
0
0
0
0
0
0
0
0
0
0
0
0
0
0
0
0
0
0
0
0
0
0
0
0
0
0
0
0
0
0
0
0
0
0
0
0
0
0
0
0
0
0
0
0
0
 
*********************************************** Results ***************************************
 
TotalArea 0.427670042957835
AreaFirstQuad 0.314249922253472
AreaSecondQuad 8.12417009662511E-02
AreaThirdQuad 0
AreaFourthQuad 3.21784197381114E-02
Coercivity 441.010354302673
PositiveCoercivity 13149.0613716241
NegativeCoercivity 14031.0820802294
Retentivity 1.66661478883157E-04
PositiveRetentivity 3.83234500686001E-04
NegativeRetentivity 4.9911542919687E-05
Magnetization 0.0002571062
PositiveMagnetization 0.000470606
NegativeMagnetization -0.0000436064
Flatness 0.781524924876514
Squareness 0.648220380851014
SStar 14.0280452120338
SFD1 7.01513359068369
SFD2 16.7344239248518
Slope 0
Intercept 0
SlopeAtHc -2.90072920811779E-08
dH1 -2652.73619600532
dH2 7380.05422415
InitialSlope -2.90072920811779E-08
FieldAtHalfMs 0
FieldAtMs -14759.8
MomentMean 2.14774382475248E-04
MomentRMS 1.50943841272585E-04
SFD3 8.88557491554581
dH3 -3477.62018738513
UserField1 0
UserField2 0
CenterField 0
ExchangeField 0
ExchangeMoment 0
ExRegionOneIntercept 0
ExRegionOneSlope 0
ExRegionTwoIntercept 0
ExRegionTwoSlope 0
NegativeIntercept 0
NegativeSlope 0
AutoCenterOffset 0
PinningField 0
PinningMoment 0
PinRegionOneIntercept 0
PinRegionOneSlope 0
PinRegionTwoIntercept 0
PinRegionTwoSlope 0
PositiveIntercept 0
PositiveSlope 0
TotalOffset 0
BHMax 0
BCoercivity 0
BRetentivity 0
BNegativeCoercivity 0
BPositiveCoercivity 0
BNegativeRetentivity 0
BPositiveRetentivity 0
MomentYMean -1.65353907425743E-06
MomentYRMS 2.15369608816517E-06
YOffCorrection 0
Mrt 0
Ms1 0
Ms2 0
Ms3 0
Hc2 0
Hex2 0
HsatValue 0
HsatIntercept 0
HsatSlope 0
CenterH 0
Span .0005142124
SpanAsPercentOfRange -34.2808266666667
RMSAsPercentOfRange -10.0629227515057
SpanAsPercentOfMean 239.419801409166
RMSAsPercentOfMean 70.2801886952141
