Version 1.25
******************************************** Units *******************************************
System CGS
TemperatureUnit K
MomentUnit emu
AppliedFieldUnit G
 
******************************************** Setup ********************************************
 
Experiment CustomField
Minor False
Acquisition PointByPoint
EditedPoint No
MaxField 15000
FieldIncrement 681.818181818182
Points 101
MinField 0
RampRate 0
AverageTime 5
TimeInterval 10
TimeConstant 1
TimeConstantIndex 2
Sensitivity -0.0015
SensitivityIndex 5
SensitivityY -4
SensitivityIndexY 0
SaturationField 8000
ExperimentTime 505
Use735Domains False
AutoRangeEnabled False
NumberOfVertices 11
VertexPts
0
8
17
33
42
50
58
67
83
92
100
VertexField
15000
5000
500
-500
-5000
-15000
-5000
-500
500
5000
15000
StartAngle 0
EndAngle 0
AngleIncrement 0
StartTemp 0
FinishTemp 0
TempIncrement 0
TempPoints 0
LengthofSetPointsArray 101
SetPointArray
15000
13750
12500
11250
10000
8750
7500
6250
5000
4500
4000
3500
3000
2500
2000
1500
1000
500
437.5
375
312.5
250
187.5
125
62.5
0
-62.5
-125
-187.5
-250
-312.5
-375
-437.5
-500
-1000
-1500
-2000
-2500
-3000
-3500
-4000
-4500
-5000
-6250
-7500
-8750
-10000
-11250
-12500
-13750
-15000
-13750
-12500
-11250
-10000
-8750
-7500
-6250
-5000
-4500
-4000
-3500
-3000
-2500
-2000
-1500
-1000
-500
-437.5
-375
-312.5
-250
-187.5
-125
-62.5
0
62.5
125
187.5
250
312.5
375
437.5
500
1000
1500
2000
2500
3000
3500
4000
4500
5000
6250
7500
8750
10000
11250
12500
13750
15000
FieldDomainFile c:\Ideasvsm\Default UserID\Experiments\Jason_1p5T_cus\fdomain.ini
TempDomainFile c:\Ideasvsm\Default UserID\Experiments\Jason_1p5T_cus\tdomain.ini
NumSelectedResults 0
ResultsSelected 
UserName1 
UserValue1 
UserName2 
UserValue2 
LinearBackgroundCorrection Off
MaxLinearFieldCorrection 
MinLinearFieldCorrection 
AutoLinearCorrection Off
FitOneRegion Off
BackgroundMode Off
BackgroundFilename 
AutoCenter Off
OffsetCorrection 
SmoothDeriv Off
DerivOrder 0
DerivPoints 0
MinExFieldOne 
MaxExFieldOne 
MinExFieldTwo 
MaxExFieldTwo 
MinPinFieldOne 
MaxPinFieldOne 
MinPinFieldTwo 
MaxPinFieldTwo 
HCenterStart 
Mass 
Volume 
Density 
MolarWeight 
NumberOfMoles 
Demagnetization 
SampleArea 
Thickness 
MomentScaling 0
XAxis 0
YAxis 0
SimpleSpinValve False
HsatMax 0
HsatMin 0
FieldAutoRange True
 
*************************************************** Experiment Data ********************************************
 
DataPoints 101
MomentX Data
-0.0000632484
-0.0000343626
0.0000069886
0.0000458152
0.0000808138
0.000120076
0.000161681
0.000208204
0.000241644
0.000256859
0.000275416
0.000291275
0.000309777
0.00032629
0.000345041
0.000356936
0.000371335
0.000382537
0.000384562
0.000384928
0.000386147
0.000385208
0.000383744
0.000381883
0.000375646
0.000357682
0.000247384
0.0000172646
0.0000106981
0.00000954404
0.00000907624
0.00000999826
0.00000787087
0.00000887855
0.0000237659
0.0000379636
0.0000513724
0.0000656867
0.0000907141
0.000101762
0.000121453
0.000128381
0.000155459
0.000199971
0.000234696
0.000265677
0.000313492
0.000353542
0.000393627
0.00043038
0.000456391
0.000428867
0.000390099
0.000354362
0.000306887
0.000277601
0.000229355
0.000192302
0.000156134
0.000132019
0.000117161
0.0000980123
0.0000807875
0.000067081
0.0000479394
0.0000311045
0.0000195432
0.00000713738
0.00000512222
0.00000586678
0.00000481608
0.00000352485
0.00000684948
0.00000595827
0.0000124409
0.0000306143
0.000125514
0.000371647
0.000378663
0.000377253
0.000379721
0.00037987
0.000376202
0.000376647
0.000363539
0.000347655
0.000332197
0.000312955
0.000299893
0.000279644
0.000265294
0.000241907
0.000223585
0.000186446
0.00013731
0.000112571
0.000072118
0.0000331056
-0.00000755967
-0.0000455285
-0.0000752261
MomentY Data
0.000000591278
0.000000333786
-0.00000138283
-0.00000552177
-0.000000123978
-0.00000181198
-0.00000142097
-0.00000235558
-0.00000128746
-0.0000020504
-0.00000249863
-0.000000715256
-0.00000204086
-0.00000254631
-0.0000042057
-0.0000033474
-0.00000418663
-0.00000507355
-0.00000507355
-0.00000473976
-0.00000579834
-0.00000380516
-0.00000378609
-0.00000468254
-0.00000458717
-0.00000331879
-0.00000309944
-0.00000170708
-0.00000246048
-0.00000161171
-0.00000288963
-0.00000306129
-0.00000234604
-0.00000264168
-0.00000449181
-0.00000463486
-0.00000230789
-0.00000142097
-0.000000686646
-0.00000183105
-0.00000000953674
-0.00000209808
-0.000000133514
-0.000000944138
-0.00000172615
-0.00000182152
-0.00000124931
-0.00000104904
0.00000126839
-0.00000272751
-0.00000460625
-0.0000026226
-0.00000252724
-0.000000200272
-0.000000209808
0.00000144958
-0.00000149727
-0.00000125885
-0.00000108719
-0.00000082016
0.000000190735
0.00000128746
-0.000000343323
0.00000155449
-0.00000300407
-0.00000367165
-0.00000402451
-0.00000385284
-0.00000424385
-0.00000458717
-0.00000228882
-0.000000886917
-0.00000196457
-0.00000195503
-0.00000301361
-0.00000222206
-0.00000108719
-0.00000107765
-0.00000193596
-0.00000284195
-0.0000034523
-0.0000024128
-0.00000452995
-0.00000386238
-0.0000024128
-0.00000299454
-0.0000044632
-0.00000107765
-0.00000188828
-0.00000178337
-0.00000250816
-0.0000000858307
-0.000000638962
0.0000000858307
0.00000143051
0.00000131607
0.00000235558
-0.00000141144
-0.00000407219
-0.000000753403
0.000000457764
Field Data
14749.6
13750
12500
11250
9999.99
8749.97
7499.98
6249.97
4999.96
4499.97
3999.97
3499.96
2999.97
2499.97
1999.97
1499.97
999.972
499.969
437.487
374.994
312.491
249.99
187.491
124.994
62.4911
-0.005591
-62.5091
-125.007
-187.507
-250.005
-312.508
-375.008
-437.504
-500.009
-1000.02
-1500.02
-2000.03
-2500.03
-3000.03
-3500.04
-4000.03
-4500.04
-5000.03
-6250.07
-7500.06
-8750.05
-10000
-11250
-12500
-13750
-14753.9
-13750
-12500
-11250
-9999.98
-8749.97
-7499.96
-6249.96
-4999.96
-4499.96
-3999.98
-3500
-2999.98
-2499.98
-1999.98
-1499.97
-999.973
-499.972
-437.491
-374.987
-312.49
-249.99
-187.488
-124.992
-62.4918
0.0120151
62.504
125.007
187.511
250.008
312.512
375.003
437.505
500.006
1000.02
1500.03
2000.03
2500.03
3000.02
3500.04
4000.04
4500.05
5000.03
6250.06
7500.06
8750.02
10000
11250
12500
13750
14756.4
Time Data
0
13.525
27.066
40.591
54.054
67.58
81.058
94.568
108.046
120.526
133.069
146.547
159.043
171.539
184.034
196.53
209.01
221.506
235
247.511
261.036
274.577
287.057
299.506
311.986
324.498
337.009
349.52
361.985
374.512
387.054
400.548
413.044
425.539
438.035
450.531
463.027
475.553
488.08
500.576
515.115
527.595
540.091
553.663
567.173
580.698
594.239
607.749
621.243
634.784
648.325
661.881
676.389
689.93
703.486
716.965
730.506
744
757.541
770.036
782.548
796.073
808.584
821.018
833.544
846.071
858.551
871.063
883.574
896.085
909.579
922.091
935.6
948.08
960.607
973.103
985.599
998.126
1010.61
1023.09
1035.57
1049.04
1061.56
1074
1086.56
1099.04
1111.54
1124.03
1136.53
1149.01
1162.55
1175.02
1187.53
1201.08
1214.64
1228.15
1241.66
1255.18
1268.69
1282.25
1295.73
Temperature Data
0
0
0
0
0
0
0
0
0
0
0
0
0
0
0
0
0
0
0
0
0
0
0
0
0
0
0
0
0
0
0
0
0
0
0
0
0
0
0
0
0
0
0
0
0
0
0
0
0
0
0
0
0
0
0
0
0
0
0
0
0
0
0
0
0
0
0
0
0
0
0
0
0
0
0
0
0
0
0
0
0
0
0
0
0
0
0
0
0
0
0
0
0
0
0
0
0
0
0
0
0
Angle Data
0
0
0
0
0
0
0
0
0
0
0
0
0
0
0
0
0
0
0
0
0
0
0
0
0
0
0
0
0
0
0
0
0
0
0
0
0
0
0
0
0
0
0
0
0
0
0
0
0
0
0
0
0
0
0
0
0
0
0
0
0
0
0
0
0
0
0
0
0
0
0
0
0
0
0
0
0
0
0
0
0
0
0
0
0
0
0
0
0
0
0
0
0
0
0
0
0
0
0
0
0
Bx Data
0
0
0
0
0
0
0
0
0
0
0
0
0
0
0
0
0
0
0
0
0
0
0
0
0
0
0
0
0
0
0
0
0
0
0
0
0
0
0
0
0
0
0
0
0
0
0
0
0
0
0
0
0
0
0
0
0
0
0
0
0
0
0
0
0
0
0
0
0
0
0
0
0
0
0
0
0
0
0
0
0
0
0
0
0
0
0
0
0
0
0
0
0
0
0
0
0
0
0
0
0
Hint Data
0
0
0
0
0
0
0
0
0
0
0
0
0
0
0
0
0
0
0
0
0
0
0
0
0
0
0
0
0
0
0
0
0
0
0
0
0
0
0
0
0
0
0
0
0
0
0
0
0
0
0
0
0
0
0
0
0
0
0
0
0
0
0
0
0
0
0
0
0
0
0
0
0
0
0
0
0
0
0
0
0
0
0
0
0
0
0
0
0
0
0
0
0
0
0
0
0
0
0
0
0
Torque Data
0.0087211139888
0.0045895575
-0.017285375
-0.0621199125
-0.00123977876022
-0.0158547706406
-0.0106572465806
-0.0147223043326
-0.0064372485016
-0.009226738488
-0.0099944450411
-0.00250336738976
-0.0061225187742
-0.0063656986107
-0.008411273829
-0.005020999578
-0.00418651277436
-0.00253661771995
-0.00221961216885
-0.00177738156144
-0.00181192906494
-0.0009512519484
-0.00070985780019
-0.00058528940476
-0.000286657299187
1.855535489E-08
0.000193743204904
0.00021339694956
0.00046135722336
0.00040293555855
0.00090303249204
0.00114800824032
0.00102640188416
0.00132086377512
0.0044918998362
0.0069523826972
0.0046158492367
0.0035524676291
0.00205995859938
0.006408748242
3.81472461022E-05
0.0094414439232
0.00066757400542
0.00590092858966
0.012946228569
0.015938391076
0.0124931
0.0118017
-0.015854875
0.0375032625
0.067960151875
0.03606075
0.0315905
0.00225306
0.00209807580384
-0.0126837815126
0.0112294651092
0.007867762146
0.0054359065124
0.0036906871936
-0.0007629361853
-0.00450611
0.00102996213354
-0.0038861939102
0.0060080799186
0.0055073648505
0.00402440133823
0.00192631212048
0.00185664618035
0.00172012911679
0.0007152333618
0.00022172038083
0.00036833330016
0.00024436310976
0.000188325913398
-2.6698273106E-08
-0.00006795372376
-0.00013471379355
-0.00036301379556
-0.0007105102356
-0.0010788851776
-0.0009048072384
-0.00198187577475
-0.00193121317428
-0.002412848256
-0.0044918998362
-0.008926533896
-0.0026941573295
-0.0056648777656
-0.0062418663348
-0.0100327403264
-0.000386242441535
-0.00319482916886
0.000536447024842
0.0107289108306
0.0115156388214
0.0235558
-0.0158787
-0.050902375
-0.01035929125
0.0067549486896
dMdH Data
-2.88973589435774E-08
-0.00000003308096
-0.00000003106128
-2.79986560107519E-08
-3.14092574518808E-08
-3.32842662741302E-08
-3.7218102255182E-08
-2.67517859857121E-08
-3.04306086121723E-08
-0.000000037114
-3.1717365652687E-08
-3.70047400948019E-08
-0.000000033026
-3.75019999999999E-08
-2.37900000000001E-08
-2.87981151924607E-08
-2.24038655768066E-08
-3.24093338881599E-08
-5.85665594546529E-09
-1.95030638529351E-08
1.50237596198459E-08
2.34243747899968E-08
2.97774293166068E-08
9.97873698660387E-08
2.87439218181967E-07
1.76466892442791E-06
3.68203411634631E-06
0.000000105064
1.84655508976287E-08
7.48444074684414E-09
-0.00000001475232
3.40404185867895E-08
-1.61215902727782E-08
-2.97740449710106E-08
-0.0000000283954
-2.68170636587268E-08
-0.0000000286286
-0.0000000500548
-2.20953580928382E-08
-3.93827876557531E-08
-1.38557228855423E-08
-5.41570831416628E-08
-3.56084605292631E-08
-2.77802222417779E-08
-2.47849982799863E-08
-3.82535301412056E-08
-0.00000003204
-0.000000032068
-0.0000000294024
-2.59099511903576E-08
-2.74170734136867E-08
-0.0000000310144
-0.0000000285896
-3.79793923297227E-08
-2.34286125710994E-08
-3.85964912280702E-08
-0.0000000296424
-0.0000000289344
-0.00000004823
-2.97171886875475E-08
-3.82989319572783E-08
-3.44482220711172E-08
-0.000000027413
-0.0000000382832
-3.36691266174676E-08
-2.31227387364324E-08
-2.48115903768192E-08
-3.22523647188745E-08
1.19121976193524E-08
-1.68120069763349E-08
-0.00000002065968
5.3192377843909E-08
-1.42602726574501E-08
1.03721748090406E-07
2.90756651748767E-07
1.51858994640447E-06
3.93793897892901E-06
1.12248816075771E-07
-2.25610829319812E-08
3.94854729297332E-08
2.38434334544112E-09
-5.8686122044094E-08
7.11988608182204E-09
-2.62152659725527E-08
-3.1767364652707E-08
-0.000000030916
-0.000000038484
-2.61245224904498E-08
-4.04963801447942E-08
-0.0000000287
-4.67730645387092E-08
-3.66454658186328E-08
-2.97104869483132E-08
-0.0000000393088
-1.97918333386668E-08
-3.23629178066849E-08
-0.00000003120992
-0.000000032532216
-0.000000030375064
-2.95087440381558E-08
-2.95087440381558E-08
dMdT Data
0
0
0
0
0
0
0
0
0
0
0
0
0
0
0
0
0
0
0
0
0
0
0
0
0
0
0
0
0
0
0
0
0
0
0
0
0
0
0
0
0
0
0
0
0
0
0
0
0
0
0
0
0
0
0
0
0
0
0
0
0
0
0
0
0
0
0
0
0
0
0
0
0
0
0
0
0
0
0
0
0
0
0
0
0
0
0
0
0
0
0
0
0
0
0
0
0
0
0
0
0
 
*********************************************** Results ***************************************
 
TotalArea 0.310820999797999
AreaFirstQuad 0.210114834279116
AreaSecondQuad 5.58023586415053E-02
AreaThirdQuad 0
AreaFourthQuad 4.49038068773788E-02
Coercivity 221.816179529063
PositiveCoercivity 12267.6251135182
NegativeCoercivity 12711.2574725764
Retentivity 1.63536400271458E-04
PositiveRetentivity 3.57683607072669E-04
NegativeRetentivity 3.06108065297536E-05
Magnetization 0.00026580855
PositiveMagnetization 0.000456391
NegativeMagnetization -0.0000752261
Flatness 0.920998235793235
Squareness 0.615241309098062
SStar 23.2865635870833
SFD1 13.3353799937326
SFD2 33.2626899046076
Slope 0
Intercept 0
SlopeAtHc -0.00000003308096
dH1 -2736.18686324901
dH2 7378.2027955
InitialSlope -2.88973589435774E-08
FieldAtHalfMs 0
FieldAtMs -14753.9
MomentMean 1.91335974752475E-04
MomentRMS 1.53631147070455E-04
SFD3 22.5800126052915
dH3 -4786.79595029478
UserField1 0
UserField2 0
CenterField 0
ExchangeField 0
ExchangeMoment 0
ExRegionOneIntercept 0
ExRegionOneSlope 0
ExRegionTwoIntercept 0
ExRegionTwoSlope 0
NegativeIntercept 0
NegativeSlope 0
AutoCenterOffset 0
PinningField 0
PinningMoment 0
PinRegionOneIntercept 0
PinRegionOneSlope 0
PinRegionTwoIntercept 0
PinRegionTwoSlope 0
PositiveIntercept 0
PositiveSlope 0
TotalOffset 0
BHMax 0
BCoercivity 0
BRetentivity 0
BNegativeCoercivity 0
BPositiveCoercivity 0
BNegativeRetentivity 0
BPositiveRetentivity 0
MomentYMean -2.05115515584158E-06
MomentYRMS 1.78502048579433E-06
YOffCorrection 0
Mrt 0
Ms1 0
Ms2 0
Ms3 0
Hc2 0
Hex2 0
HsatValue 0
HsatIntercept 0
HsatSlope 0
CenterH 0
Span .0005316171
SpanAsPercentOfRange -35.44114
RMSAsPercentOfRange -10.2420764713637
SpanAsPercentOfMean 277.844822798083
RMSAsPercentOfMean 80.2939161175531
