Version 1.25
******************************************** Units *******************************************
System CGS
TemperatureUnit K
MomentUnit emu
AppliedFieldUnit G
 
******************************************** Setup ********************************************
 
Experiment CustomField
Minor False
Acquisition PointByPoint
EditedPoint No
MaxField 15000
FieldIncrement 681.818181818182
Points 101
MinField 0
RampRate 0
AverageTime 5
TimeInterval 10
TimeConstant 1
TimeConstantIndex 2
Sensitivity -0.0015
SensitivityIndex 5
SensitivityY -4
SensitivityIndexY 0
SaturationField 8000
ExperimentTime 505
Use735Domains False
AutoRangeEnabled False
NumberOfVertices 11
VertexPts
0
8
17
33
42
50
58
67
83
92
100
VertexField
15000
5000
500
-500
-5000
-15000
-5000
-500
500
5000
15000
StartAngle 0
EndAngle 0
AngleIncrement 0
StartTemp 0
FinishTemp 0
TempIncrement 0
TempPoints 0
LengthofSetPointsArray 101
SetPointArray
15000
13750
12500
11250
10000
8750
7500
6250
5000
4500
4000
3500
3000
2500
2000
1500
1000
500
437.5
375
312.5
250
187.5
125
62.5
0
-62.5
-125
-187.5
-250
-312.5
-375
-437.5
-500
-1000
-1500
-2000
-2500
-3000
-3500
-4000
-4500
-5000
-6250
-7500
-8750
-10000
-11250
-12500
-13750
-15000
-13750
-12500
-11250
-10000
-8750
-7500
-6250
-5000
-4500
-4000
-3500
-3000
-2500
-2000
-1500
-1000
-500
-437.5
-375
-312.5
-250
-187.5
-125
-62.5
0
62.5
125
187.5
250
312.5
375
437.5
500
1000
1500
2000
2500
3000
3500
4000
4500
5000
6250
7500
8750
10000
11250
12500
13750
15000
FieldDomainFile c:\Ideasvsm\Default UserID\Experiments\Jason_1p5T_cus\fdomain.ini
TempDomainFile c:\Ideasvsm\Default UserID\Experiments\Jason_1p5T_cus\tdomain.ini
NumSelectedResults 0
ResultsSelected 
UserName1 
UserValue1 
UserName2 
UserValue2 
LinearBackgroundCorrection Off
MaxLinearFieldCorrection 
MinLinearFieldCorrection 
AutoLinearCorrection Off
FitOneRegion Off
BackgroundMode Off
BackgroundFilename 
AutoCenter Off
OffsetCorrection 
SmoothDeriv Off
DerivOrder 0
DerivPoints 0
MinExFieldOne 
MaxExFieldOne 
MinExFieldTwo 
MaxExFieldTwo 
MinPinFieldOne 
MaxPinFieldOne 
MinPinFieldTwo 
MaxPinFieldTwo 
HCenterStart 
Mass 
Volume 
Density 
MolarWeight 
NumberOfMoles 
Demagnetization 
SampleArea 
Thickness 
MomentScaling 0
XAxis 0
YAxis 0
SimpleSpinValve False
HsatMax 0
HsatMin 0
FieldAutoRange True
 
*************************************************** Experiment Data ********************************************
 
DataPoints 101
MomentX Data
-0.0000283511
0.00000276348
0.0000396524
0.000079441
0.000114729
0.000143917
0.000195534
0.000231731
0.000269542
0.000285531
0.000304802
0.000319572
0.00033517
0.000353482
0.000370302
0.000385747
0.00039974
0.000412511
0.000412937
0.000415024
0.000416887
0.000414295
0.000413065
0.000412406
0.000408861
0.000382818
0.0000949106
0.0000409994
0.0000282789
0.0000263738
0.000027453
0.0000271801
0.0000278296
0.0000285509
0.0000433505
0.0000549193
0.0000734056
0.0000903738
0.000106835
0.000119901
0.000138766
0.000157098
0.000170946
0.000220711
0.000261857
0.00030031
0.000328542
0.000373086
0.000408786
0.000449397
0.000472351
0.000442175
0.000405791
0.000363795
0.000333088
0.000288098
0.000251853
0.000208682
0.000167346
0.000153232
0.000133589
0.000117232
0.0000997866
0.0000846347
0.0000647748
0.0000498708
0.0000327998
0.0000221195
0.0000168883
0.0000146833
0.0000146447
0.0000136217
0.0000119372
0.0000140393
0.0000194482
0.0000409695
0.000325091
0.000384803
0.000394758
0.000397441
0.000398483
0.000396224
0.000395292
0.000393858
0.000381047
0.000364106
0.000344043
0.000330311
0.000307287
0.000294624
0.000276927
0.000259614
0.000237934
0.000189743
0.000153574
0.000128033
0.0000805934
0.0000466875
0.00000662652
-0.0000296918
-0.0000592437
MomentY Data
-0.000000247955
-0.00000411987
-0.00000104904
-0.00000382423
-0.00000173569
-0.00000123024
-0.00000228882
-0.00000347137
-0.00000231743
-0.00000173569
-0.00000383377
-0.000000629425
-0.000000991821
-0.00000141144
-0.00000393867
-0.00000490189
-0.0000043869
-0.00000413895
-0.00000142097
-0.0000036335
-0.00000435829
-0.00000328064
-0.00000371933
-0.00000519753
-0.00000411034
-0.00000579834
-0.00000366211
-0.00000305176
-0.00000314713
-0.000000190735
-0.00000230789
-0.00000260353
-0.00000348091
-0.0000022316
-0.00000313759
-0.00000317574
-0.0000033474
-0.00000128746
-0.000001688
0.000000286102
0.000000495911
-0.00000244141
-0.0000015831
-0.00000342369
-0.00000400543
-0.0000039196
-0.000004673
-0.00000434875
-0.000000886917
-0.00000259399
-0.00000544548
-0.00000228882
-0.000000333786
-0.00000210762
-0.00000395775
-0.00000184059
-0.00000249863
-0.00000211716
-0.00000231743
-0.000000724792
-0.00000212669
-0.00000103951
-0.00000225067
-0.00000304222
-0.00000637054
-0.00000498772
-0.00000284195
-0.00000497818
-0.00000451088
-0.00000581741
-0.00000414848
-0.0000048542
-0.00000530243
-0.00000239372
-0.00000407219
-0.00000470161
-0.00000530243
-0.00000556946
-0.00000589371
-0.00000353813
-0.00000394821
-0.00000460625
-0.00000530243
-0.00000529289
-0.00000538826
-0.00000297546
-0.00000404358
-0.00000164032
-0.000000600815
-0.00000240326
-0.00000303268
-0.00000253677
-0.00000368118
-0.00000351906
-0.0000041008
-0.000000629425
-0.00000304222
0.0000018692
-0.00000163078
-0.00000392914
-0.00000247955
Field Data
14748.6
13750
12500
11250
10000
8749.97
7499.97
6249.96
4999.95
4499.96
3999.99
3499.96
2999.99
2499.98
1999.97
1499.97
999.972
499.968
437.487
374.986
312.492
249.993
187.489
124.993
62.4898
-0.00382884
-62.5038
-125.01
-187.505
-250.005
-312.508
-375.007
-437.51
-500.004
-1000.02
-1500.02
-2000.03
-2500.03
-3000.03
-3500.05
-4000.03
-4500.03
-5000.03
-6250.07
-7500.05
-8750.05
-10000
-11250
-12500
-13750
-14756.1
-13750
-12500
-11250
-9999.99
-8749.98
-7499.96
-6249.95
-4999.96
-4499.97
-3999.98
-3499.99
-2999.97
-2499.98
-1999.97
-1499.97
-999.972
-499.971
-437.491
-374.99
-312.488
-249.988
-187.487
-124.991
-62.4886
0.00968905
62.5041
125.009
187.508
250.005
312.503
375.006
437.504
500.006
1000.02
1500.03
2000.03
2500.03
3000.04
3500.03
4000.04
4500.04
5000.03
6250.07
7500.04
8750.04
10000
11250
12500
13750
14759.3
Time Data
0
13.509
27.003
40.482
53.976
67.454
80.933
94.411
107.937
120.448
132.959
146.5
158.965
171.429
183.925
196.467
208.963
221.427
233.892
246.341
259.897
272.408
284.935
297.431
309.958
322.438
334.965
347.445
359.956
372.452
384.916
398.473
410.953
424.431
436.912
449.47
461.934
474.399
486.879
499.359
512.868
525.38
537.907
551.447
564.942
578.482
591.961
605.486
618.98
632.49
646
659.541
673.081
686.622
700.132
713.626
727.151
740.677
754.186
766.682
779.209
792.719
805.23
817.726
830.252
842.811
855.306
867.771
880.251
892.778
906.287
918.814
931.357
943.852
956.332
968.781
981.277
993.741
1006.28
1018.8
1031.32
1044.83
1057.31
1069.82
1082.33
1094.82
1107.31
1119.84
1132.33
1144.81
1158.32
1170.8
1183.28
1196.76
1210.26
1223.84
1237.38
1250.89
1264.42
1277.91
1291.39
Temperature Data
0
0
0
0
0
0
0
0
0
0
0
0
0
0
0
0
0
0
0
0
0
0
0
0
0
0
0
0
0
0
0
0
0
0
0
0
0
0
0
0
0
0
0
0
0
0
0
0
0
0
0
0
0
0
0
0
0
0
0
0
0
0
0
0
0
0
0
0
0
0
0
0
0
0
0
0
0
0
0
0
0
0
0
0
0
0
0
0
0
0
0
0
0
0
0
0
0
0
0
0
0
Angle Data
0
0
0
0
0
0
0
0
0
0
0
0
0
0
0
0
0
0
0
0
0
0
0
0
0
0
0
0
0
0
0
0
0
0
0
0
0
0
0
0
0
0
0
0
0
0
0
0
0
0
0
0
0
0
0
0
0
0
0
0
0
0
0
0
0
0
0
0
0
0
0
0
0
0
0
0
0
0
0
0
0
0
0
0
0
0
0
0
0
0
0
0
0
0
0
0
0
0
0
0
0
Bx Data
0
0
0
0
0
0
0
0
0
0
0
0
0
0
0
0
0
0
0
0
0
0
0
0
0
0
0
0
0
0
0
0
0
0
0
0
0
0
0
0
0
0
0
0
0
0
0
0
0
0
0
0
0
0
0
0
0
0
0
0
0
0
0
0
0
0
0
0
0
0
0
0
0
0
0
0
0
0
0
0
0
0
0
0
0
0
0
0
0
0
0
0
0
0
0
0
0
0
0
0
0
Hint Data
0
0
0
0
0
0
0
0
0
0
0
0
0
0
0
0
0
0
0
0
0
0
0
0
0
0
0
0
0
0
0
0
0
0
0
0
0
0
0
0
0
0
0
0
0
0
0
0
0
0
0
0
0
0
0
0
0
0
0
0
0
0
0
0
0
0
0
0
0
0
0
0
0
0
0
0
0
0
0
0
0
0
0
0
0
0
0
0
0
0
0
0
0
0
0
0
0
0
0
0
0
Torque Data
-0.003656989113
-0.0566482125
-0.013113
-0.0430225875
-0.0173569
-0.0107645630928
-0.0171660813354
-0.0216959236452
-0.0115870341285
-0.0078105355724
-0.0153350416623
-0.002202962323
-0.00297545308179
-0.0035285717712
-0.0078772218399
-0.0073526879433
-0.0043867771668
-0.0020693425536
-0.00062165590239
-0.001362511631
-0.00136193075868
-0.00082013703552
-0.00069733346237
-0.00064965486729
-0.000256854324532
2.22009161256E-08
0.000228895791018
0.0003815005176
0.00059010261065
0.000047684703675
0.00072123408812
0.00097634197471
0.0015229329341
0.0011158089264
0.0031376527518
0.0047636735148
0.006694900422
0.0032186886238
0.00506405064
-0.0010013713051
-0.00198365887733
0.0109864182423
0.007915547493
0.0213983021583
0.0300409252715
0.03429669598
0.04673
0.0489234375
0.0110864625
0.0356673625
0.080354047428
0.031471275
0.004172325
0.023710725
0.0395774604225
0.0161051256882
0.0187396250548
0.013232144142
0.0115870573028
0.00326154225624
0.0085067174662
0.0036382746049
0.0067519424799
0.0076054891556
0.0127408888838
0.0074814303684
0.0028418704254
0.00248894563278
0.00197346940208
0.0021814705759
0.00129635021824
0.0012134917496
0.00099413669341
0.00029919345652
0.000254465452034
-4.55541343705E-08
-0.000331423614963
-0.00069623262514
-0.00110511777468
-0.00088455019065
-0.00123382746963
-0.0017273713875
-0.00231983433472
-0.00264647675734
-0.0053883677652
-0.0044632792638
-0.0080872813074
-0.0041008492096
-0.0018024690326
-0.0084114820978
-0.0121308413072
-0.0114155664708
-0.0184060104354
-0.0219943713342
-0.030756164032
-0.005507493927
-0.0304222
0.0210285
-0.02038475
-0.054025675
-0.036596422315
dMdH Data
-3.11582014820749E-08
-0.000000029511136
-0.00000003183088
-0.0000000282304
-2.33498396038495E-08
-0.0000000412936
-2.89573683410533E-08
-3.02485580115359E-08
-3.19786395727915E-08
-3.85443126587595E-08
-2.95382277063376E-08
-3.11978718723123E-08
-3.66232675346494E-08
-3.36393272134557E-08
-0.00000003089
-2.79861119444478E-08
-2.55417956656347E-08
-6.81807269409877E-09
-3.33914657365483E-08
-2.9810861842737E-08
4.14726635626169E-08
1.96787405606043E-08
1.05446748591913E-08
5.67170960846802E-08
4.16730480905132E-07
4.60652052563283E-06
8.62493640630849E-07
2.03544283542683E-07
0.0000000304816
-1.72663712141817E-08
4.36646986351779E-09
-1.0391501207942E-08
-1.15419080231703E-08
-2.95982528559086E-08
-0.0000000231376
-3.69718605627887E-08
-0.0000000339364
-0.0000000329224
-2.61309547618095E-08
-3.77315092603704E-08
-0.000000036664
-0.000000027696
-3.98107260567662E-08
-3.29173266772268E-08
-0.0000000307624
-2.25865034601384E-08
-0.0000000356352
-0.00000002856
-0.0000000324888
-2.28148295398072E-08
-2.99930424411092E-08
-0.0000000291072
-0.0000000335968
-2.45654034767722E-08
-3.59917120663035E-08
-2.89955360714228E-08
-3.45365237078104E-08
-3.30690645525164E-08
-2.82285645712914E-08
-3.92867857357147E-08
-3.27146542930859E-08
-3.48894044238231E-08
-3.03044060881218E-08
-3.97190056198876E-08
-0.000000029808
-3.41421365685463E-08
-2.13605572788854E-08
-8.37259923175416E-08
-3.52794355290315E-08
-6.17580237432401E-10
-0.000000016368
-2.69515687748996E-08
3.3635752688172E-08
8.65390768994471E-08
3.44350226656325E-07
4.54635055648924E-06
9.55317103139114E-07
1.59282548520776E-07
4.29300606429111E-08
1.66725335210724E-08
-3.61422651712719E-08
-1.49124771992701E-08
-2.29432658154935E-08
-2.56212826040871E-08
-3.38813223735526E-08
-0.000000040126
-2.74639999999999E-08
-4.60470790584189E-08
-2.53265065301306E-08
-3.53932921341573E-08
-3.46259999999999E-08
-4.33608672173444E-08
-3.85515663498768E-08
-2.89358944614671E-08
-0.0000000204328
-3.79528944926238E-08
-0.00000002712472
-0.000000032048784
-0.000000029054656
-2.927959972258E-08
-2.927959972258E-08
dMdT Data
0
0
0
0
0
0
0
0
0
0
0
0
0
0
0
0
0
0
0
0
0
0
0
0
0
0
0
0
0
0
0
0
0
0
0
0
0
0
0
0
0
0
0
0
0
0
0
0
0
0
0
0
0
0
0
0
0
0
0
0
0
0
0
0
0
0
0
0
0
0
0
0
0
0
0
0
0
0
0
0
0
0
0
0
0
0
0
0
0
0
0
0
0
0
0
0
0
0
0
0
0
 
*********************************************** Results ***************************************
 
TotalArea 0.566899578583238
AreaFirstQuad 0.408585859240763
AreaSecondQuad 0.111772390883728
AreaThirdQuad 0
AreaFourthQuad 4.65413284587489E-02
Coercivity 555.310525110611
PositiveCoercivity 12728.0708468894
NegativeCoercivity 13838.6918971106
Retentivity 1.70926716010449E-04
PositiveRetentivity 3.82819595594334E-04
NegativeRetentivity 4.09661635734364E-05
Magnetization 0.00026579735
PositiveMagnetization 0.000472351
NegativeMagnetization -0.0000592437
Flatness 0.838462368871711
Squareness 0.643071558126705
SStar 10.8787424351313
SFD1 6.36631134135128
SFD2 13.4580260269898
Slope 0
Intercept 0
SlopeAtHc -3.11582014820749E-08
dH1 -2979.96916887281
dH2 7473.3835
InitialSlope -3.11582014820749E-08
FieldAtHalfMs 0
FieldAtMs -14756.1
MomentMean 2.11164203960396E-04
MomentRMS 1.55932483004755E-04
SFD3 7.70368857545579
dH3 -3722.62882301436
UserField1 0
UserField2 0
CenterField 0
ExchangeField 0
ExchangeMoment 0
ExRegionOneIntercept 0
ExRegionOneSlope 0
ExRegionTwoIntercept 0
ExRegionTwoSlope 0
NegativeIntercept 0
NegativeSlope 0
AutoCenterOffset 0
PinningField 0
PinningMoment 0
PinRegionOneIntercept 0
PinRegionOneSlope 0
PinRegionTwoIntercept 0
PinRegionTwoSlope 0
PositiveIntercept 0
PositiveSlope 0
TotalOffset 0
BHMax 0
BCoercivity 0
BRetentivity 0
BNegativeCoercivity 0
BPositiveCoercivity 0
BNegativeRetentivity 0
BPositiveRetentivity 0
MomentYMean -3.0541181980198E-06
MomentYRMS 1.6368119599013E-06
YOffCorrection 0
Mrt 0
Ms1 0
Ms2 0
Ms3 0
Hc2 0
Hex2 0
HsatValue 0
HsatIntercept 0
HsatSlope 0
CenterH 0
Span .0005315947
SpanAsPercentOfRange -35.4396466666667
RMSAsPercentOfRange -10.3954988669837
SpanAsPercentOfMean 251.744703898631
RMSAsPercentOfMean 73.8441838532445
