Version 1.25
******************************************** Units *******************************************
System CGS
TemperatureUnit K
MomentUnit emu
AppliedFieldUnit G
 
******************************************** Setup ********************************************
 
Experiment CustomField
Minor False
Acquisition PointByPoint
EditedPoint No
MaxField 15000
FieldIncrement 681.818181818182
Points 101
MinField 0
RampRate 0
AverageTime 5
TimeInterval 10
TimeConstant 1
TimeConstantIndex 2
Sensitivity -0.0015
SensitivityIndex 5
SensitivityY -4
SensitivityIndexY 0
SaturationField 8000
ExperimentTime 505
Use735Domains False
AutoRangeEnabled False
NumberOfVertices 11
VertexPts
0
8
17
33
42
50
58
67
83
92
100
VertexField
15000
5000
500
-500
-5000
-15000
-5000
-500
500
5000
15000
StartAngle 0
EndAngle 0
AngleIncrement 0
StartTemp 0
FinishTemp 0
TempIncrement 0
TempPoints 0
LengthofSetPointsArray 101
SetPointArray
15000
13750
12500
11250
10000
8750
7500
6250
5000
4500
4000
3500
3000
2500
2000
1500
1000
500
437.5
375
312.5
250
187.5
125
62.5
0
-62.5
-125
-187.5
-250
-312.5
-375
-437.5
-500
-1000
-1500
-2000
-2500
-3000
-3500
-4000
-4500
-5000
-6250
-7500
-8750
-10000
-11250
-12500
-13750
-15000
-13750
-12500
-11250
-10000
-8750
-7500
-6250
-5000
-4500
-4000
-3500
-3000
-2500
-2000
-1500
-1000
-500
-437.5
-375
-312.5
-250
-187.5
-125
-62.5
0
62.5
125
187.5
250
312.5
375
437.5
500
1000
1500
2000
2500
3000
3500
4000
4500
5000
6250
7500
8750
10000
11250
12500
13750
15000
FieldDomainFile c:\Ideasvsm\Default UserID\Experiments\Jason_1p5T_cus\fdomain.ini
TempDomainFile c:\Ideasvsm\Default UserID\Experiments\Jason_1p5T_cus\tdomain.ini
NumSelectedResults 0
ResultsSelected 
UserName1 
UserValue1 
UserName2 
UserValue2 
LinearBackgroundCorrection Off
MaxLinearFieldCorrection 
MinLinearFieldCorrection 
AutoLinearCorrection Off
FitOneRegion Off
BackgroundMode Off
BackgroundFilename 
AutoCenter Off
OffsetCorrection 
SmoothDeriv Off
DerivOrder 0
DerivPoints 0
MinExFieldOne 
MaxExFieldOne 
MinExFieldTwo 
MaxExFieldTwo 
MinPinFieldOne 
MaxPinFieldOne 
MinPinFieldTwo 
MaxPinFieldTwo 
HCenterStart 
Mass 
Volume 
Density 
MolarWeight 
NumberOfMoles 
Demagnetization 
SampleArea 
Thickness 
MomentScaling 0
XAxis 0
YAxis 0
SimpleSpinValve False
HsatMax 0
HsatMin 0
FieldAutoRange True
 
*************************************************** Experiment Data ********************************************
 
DataPoints 101
MomentX Data
-0.0000466716
-0.0000158921
0.0000198795
0.0000594543
0.000094765
0.000137024
0.000173332
0.00021729
0.000253636
0.000271172
0.000283173
0.000301383
0.000316427
0.00033264
0.000348921
0.0003625
0.000379623
0.000389172
0.000389248
0.000390789
0.000391138
0.000390812
0.000390502
0.000387153
0.000381567
0.000365045
0.000256837
0.0000230078
0.0000180459
0.0000168816
0.000015285
0.0000150432
0.0000161071
0.0000174281
0.0000303407
0.0000477298
0.000061687
0.0000754185
0.0000943464
0.000108074
0.000126308
0.000145067
0.000162393
0.000198534
0.000242305
0.000268205
0.000305636
0.000349161
0.000386151
0.000425982
0.000455295
0.00042097
0.000385071
0.000347967
0.0003049
0.000270889
0.000232565
0.000192041
0.000153567
0.000139756
0.000119169
0.000103092
0.0000842286
0.0000720327
0.0000537599
0.0000389025
0.0000247528
0.0000146203
0.0000142689
0.0000123096
0.0000105556
0.0000115873
0.0000129613
0.0000134704
0.0000193804
0.0000348099
0.000131041
0.000376248
0.000382314
0.000383994
0.000383877
0.000382257
0.000382946
0.000383048
0.000369191
0.00035423
0.000340392
0.000324883
0.000301349
0.000286939
0.000267984
0.000253662
0.000235541
0.000196953
0.000157072
0.00012658
0.0000910608
0.000048568
0.00000582445
-0.0000313515
-0.0000587919
MomentY Data
0.00000188828
-0.000000200272
0.000000715256
-0.00000337601
-0.00000203133
-0.00000337601
-0.00000337601
-0.00000369072
-0.00000137329
-0.00000545502
-0.00000407219
-0.00000352859
-0.0000041008
-0.00000250816
-0.00000576973
-0.00000576019
-0.00000455856
-0.00000412941
-0.00000332832
-0.00000323296
-0.00000278473
-0.00000329971
-0.0000053215
-0.000004282
-0.00000416756
-0.00000442505
-0.00000523567
-0.00000374794
-0.00000415802
-0.00000570297
-0.00000459671
-0.00000445366
-0.00000469208
-0.00000530243
-0.00000669479
-0.0000031662
-0.00000398636
-0.000000476837
0.000000171661
-0.00000246048
-0.00000275612
-0.00000232697
-0.000000391006
-0.00000109673
-0.000000572205
-0.000000391006
-0.00000133514
-0.00000165939
-0.00000159264
-0.00000231743
-0.00000494003
-0.00000370026
-0.00000185966
-0.00000393867
-0.00000347137
-0.0000032711
-0.00000212669
-0.00000203133
-0.00000237465
-0.00000461578
-0.00000255585
-0.000000572205
-0.00000292778
0.000000839233
-0.00000299454
-0.0000031662
-0.00000471115
-0.00000513077
-0.00000702858
-0.00000465393
-0.00000400543
-0.00000487328
-0.00000445366
-0.00000299454
-0.00000424385
-0.00000218391
-0.00000541687
-0.00000610352
-0.00000597
-0.00000657082
-0.0000056076
-0.00000530243
-0.00000631332
-0.00000431061
-0.00000384331
-0.00000406265
-0.00000479698
-0.00000179291
0.000000457764
-0.00000436783
-0.00000360489
-0.00000396729
-0.0000039959
-0.00000533104
-0.00000337601
-0.0000038147
-0.00000562668
-0.00000468254
-0.00000414848
-0.000000238419
0.00000126839
Field Data
14755
13750
12500
11250
9999.99
8749.97
7499.95
6249.97
4999.96
4499.96
3999.99
3499.97
2999.97
2499.97
1999.98
1499.97
999.973
499.972
437.486
374.995
312.489
249.991
187.488
124.988
62.4856
-0.00250133
-62.5106
-125.011
-187.507
-250.007
-312.505
-375.012
-437.508
-500.011
-1000.02
-1500.03
-2000.03
-2500.03
-3000.03
-3500.03
-4000.06
-4500.03
-5000.06
-6250.05
-7500.05
-8750.05
-10000
-11250
-12500
-13750
-14760.3
-13750
-12500
-11250
-9999.99
-8749.97
-7499.96
-6249.97
-4999.96
-4499.97
-3999.98
-3499.98
-2999.98
-2499.98
-1999.98
-1499.97
-999.975
-499.971
-437.491
-374.986
-312.493
-249.988
-187.492
-124.996
-62.4912
0.010154
62.5095
125.007
187.505
250.003
312.505
375.011
437.503
500.009
1000.02
1500.03
2000.03
2500.04
3000.03
3500.03
4000.04
4500.03
5000.05
6250.07
7500.05
8750.04
10000
11250
12500
13750
14760.3
Time Data
0
13.541
27.066
40.576
54.055
67.564
81.027
94.537
108.031
120.527
133.007
146.532
159.043
171.539
184.019
196.53
208.979
221.522
234.002
246.497
260.038
272.534
284.998
297.525
310.005
322.501
334.981
347.508
359.988
372.468
384.917
398.427
410.954
423.449
435.929
448.394
460.874
473.448
485.897
498.392
511.886
524.382
536.862
550.387
563.85
577.344
590.87
604.348
617.811
631.368
644.846
658.34
671.834
685.375
698.916
712.394
725.889
739.461
752.955
766.48
778.944
792.439
804.934
817.43
829.926
842.437
854.933
867.397
879.861
892.357
905.882
918.378
930.843
943.338
955.818
968.267
980.747
993.212
1005.72
1018.2
1030.67
1044.21
1057.75
1070.23
1082.73
1095.24
1107.75
1120.26
1132.8
1145.34
1158.85
1171.4
1183.88
1197.4
1210.91
1224.48
1238.04
1251.57
1265.04
1278.58
1292.13
Temperature Data
0
0
0
0
0
0
0
0
0
0
0
0
0
0
0
0
0
0
0
0
0
0
0
0
0
0
0
0
0
0
0
0
0
0
0
0
0
0
0
0
0
0
0
0
0
0
0
0
0
0
0
0
0
0
0
0
0
0
0
0
0
0
0
0
0
0
0
0
0
0
0
0
0
0
0
0
0
0
0
0
0
0
0
0
0
0
0
0
0
0
0
0
0
0
0
0
0
0
0
0
0
Angle Data
0
0
0
0
0
0
0
0
0
0
0
0
0
0
0
0
0
0
0
0
0
0
0
0
0
0
0
0
0
0
0
0
0
0
0
0
0
0
0
0
0
0
0
0
0
0
0
0
0
0
0
0
0
0
0
0
0
0
0
0
0
0
0
0
0
0
0
0
0
0
0
0
0
0
0
0
0
0
0
0
0
0
0
0
0
0
0
0
0
0
0
0
0
0
0
0
0
0
0
0
0
Bx Data
0
0
0
0
0
0
0
0
0
0
0
0
0
0
0
0
0
0
0
0
0
0
0
0
0
0
0
0
0
0
0
0
0
0
0
0
0
0
0
0
0
0
0
0
0
0
0
0
0
0
0
0
0
0
0
0
0
0
0
0
0
0
0
0
0
0
0
0
0
0
0
0
0
0
0
0
0
0
0
0
0
0
0
0
0
0
0
0
0
0
0
0
0
0
0
0
0
0
0
0
0
Hint Data
0
0
0
0
0
0
0
0
0
0
0
0
0
0
0
0
0
0
0
0
0
0
0
0
0
0
0
0
0
0
0
0
0
0
0
0
0
0
0
0
0
0
0
0
0
0
0
0
0
0
0
0
0
0
0
0
0
0
0
0
0
0
0
0
0
0
0
0
0
0
0
0
0
0
0
0
0
0
0
0
0
0
0
0
0
0
0
0
0
0
0
0
0
0
0
0
0
0
0
0
0
Torque Data
0.0278615714
-0.00275374
0.0089407
-0.0379801125
-0.0203132796867
-0.0295399862197
-0.0253199061995
-0.0230668892784
-0.0068663950684
-0.0245473717992
-0.0162887192781
-0.0123499591423
-0.012302276976
-0.0062703247552
-0.0115393446054
-0.0086401121943
-0.00455843691888
-0.00206458937652
-0.00145609340352
-0.0012123438352
-0.00087019749297
-0.00082489780261
-0.000997717392
-0.000535198616
-0.000260412487136
1.10685103165E-08
0.000327284873102
0.00046853372734
0.00077965785614
0.00142578242079
0.00143649485855
0.00167017594392
0.00205282253664
0.00265127332673
0.0066949238958
0.004749394986
0.0079728395908
0.00119210680511
-0.00051498814983
0.0086117538144
0.0110246453672
0.0104714348091
0.00195505346036
0.0068546173365
0.00429156611025
0.0034213220503
0.0133514
0.0186681375
0.019908
0.0318646625
0.072916324809
0.050878575
0.02324575
0.0443100375
0.0347136652863
0.028622026867
0.0159500899324
0.0126957515601
0.011873155014
0.0207708715266
0.010223348883
0.0020027060559
0.0087832814444
-0.00209806571534
0.0059890201092
0.004749205014
0.00471103222125
0.00256523620767
0.00307494049278
0.00174515859498
0.00125166883699
0.00121826152064
0.00083502562072
0.00037430552184
0.00026520327912
-2.217542214E-08
-0.000338605835265
-0.00076298272464
-0.00111940485
-0.00164272471246
-0.001752403038
-0.00198846957673
-0.00276209643996
-0.00215534379549
-0.0038433868662
-0.0060940968795
-0.0095941039094
-0.0044823467164
0.00137330573292
-0.0152875360349
-0.0144197041956
-0.0178529240187
-0.019979699795
-0.0333193731728
-0.0253202438005
-0.033378777588
-0.0562668
-0.052678575
-0.051856
-0.00327826125
0.018721816917
dMdH Data
-3.0626368159204E-08
-0.00000002861728
-0.00000003165984
-2.82483340133279E-08
-3.38066590934545E-08
-2.90459352650358E-08
-3.51669626714028E-08
-2.90765673874609E-08
-0.000000035072
-2.40034402064123E-08
-3.64185432582697E-08
-3.00879999999999E-08
-0.000000032426
-3.25626512530251E-08
-2.7157456850863E-08
-3.42462054772329E-08
-1.90979618040764E-08
-1.21627244502775E-09
-2.46595509753401E-08
-5.58346398745752E-09
5.21616691734195E-09
4.95976193142732E-09
5.35839999999997E-08
8.93725680933856E-08
2.64402336578403E-07
1.73110368580021E-06
3.74124325604316E-06
7.93954813108039E-08
0.0000000186288
2.55464174853596E-08
3.86836674292479E-09
-1.70234895033282E-08
-2.1134985520695E-08
-2.58247351547672E-08
-3.4777504449911E-08
-0.0000000279144
-0.000000027463
-0.0000000378558
-0.0000000274552
-3.64658120512769E-08
-3.75202512150729E-08
-3.46499210047397E-08
-2.89130313042504E-08
-0.0000000350168
-0.00000002072
-2.99459978399136E-08
-0.00000003482
-0.000000029592
-0.0000000318648
-2.90141542116203E-08
-3.3975056913788E-08
-0.0000000287192
-0.0000000296832
-3.4453324373405E-08
-2.72083646661653E-08
-3.06589547283622E-08
-3.24194593556749E-08
-3.07789537683699E-08
-2.7622552451049E-08
-4.11748234964699E-08
-0.000000032154
-0.0000000377268
-0.0000000243918
-0.0000000365456
-2.97142057158857E-08
-2.829968299683E-08
-2.0264837881297E-08
-5.62419974391805E-09
-3.13462922966163E-08
-2.80671435200743E-08
1.65058795296376E-08
2.19854070660522E-08
8.14612135176651E-09
9.45527383496948E-08
2.46866651880854E-07
1.53971371156428E-06
3.92346893875755E-06
9.70591058913893E-08
2.6880860187526E-08
-1.87194009791685E-09
-2.59175119188562E-08
1.10254112526404E-08
1.63184334303874E-09
-2.77133903054133E-08
-2.99214015719686E-08
-2.76759999999999E-08
-3.1017379652407E-08
-4.70689413788275E-08
-0.00000002882
-3.79092418151638E-08
-2.86445728914578E-08
-3.62405503779848E-08
-3.08699060815027E-08
-3.19053104849678E-08
-2.43937951503612E-08
-2.84162693206183E-08
-0.00000003399424
-0.00000003419484
-0.00000002974076
-2.71606453528655E-08
-2.71606453528655E-08
dMdT Data
0
0
0
0
0
0
0
0
0
0
0
0
0
0
0
0
0
0
0
0
0
0
0
0
0
0
0
0
0
0
0
0
0
0
0
0
0
0
0
0
0
0
0
0
0
0
0
0
0
0
0
0
0
0
0
0
0
0
0
0
0
0
0
0
0
0
0
0
0
0
0
0
0
0
0
0
0
0
0
0
0
0
0
0
0
0
0
0
0
0
0
0
0
0
0
0
0
0
0
0
0
 
*********************************************** Results ***************************************
 
TotalArea 0.28424598166494
AreaFirstQuad 0.183910494448101
AreaSecondQuad 8.89672012972832E-02
AreaThirdQuad 0
AreaFourthQuad 1.13682859195547E-02
Coercivity 249.413519771174
PositiveCoercivity 12695.8406577371
NegativeCoercivity 13194.6676972794
Retentivity 1.6511913402074E-04
PositiveRetentivity 3.65045661357497E-04
NegativeRetentivity 3.48073933160168E-05
Magnetization 0.00025704345
PositiveMagnetization 0.000455295
NegativeMagnetization -0.0000587919
Flatness 0.890494952110558
Squareness 0.642378298380059
SStar 24.1339108811286
SFD1 11.761583035038
SFD2 29.5900208514597
Slope 0
Intercept 0
SlopeAtHc -0.00000002861728
dH1 -2684.08430307858
dH2 7380.151250665
InitialSlope -3.0626368159204E-08
FieldAtHalfMs 0
FieldAtMs -14760.3
MomentMean 1.97908804455446E-04
MomentRMS 1.50886883823225E-04
SFD3 18.3536454553589
dH3 -4328.23379388209
UserField1 0
UserField2 0
CenterField 0
ExchangeField 0
ExchangeMoment 0
ExRegionOneIntercept 0
ExRegionOneSlope 0
ExRegionTwoIntercept 0
ExRegionTwoSlope 0
NegativeIntercept 0
NegativeSlope 0
AutoCenterOffset 0
PinningField 0
PinningMoment 0
PinRegionOneIntercept 0
PinRegionOneSlope 0
PinRegionTwoIntercept 0
PinRegionTwoSlope 0
PositiveIntercept 0
PositiveSlope 0
TotalOffset 0
BHMax 0
BCoercivity 0
BRetentivity 0
BNegativeCoercivity 0
BPositiveCoercivity 0
BNegativeRetentivity 0
BPositiveRetentivity 0
MomentYMean -3.40584491089109E-06
MomentYRMS 1.8875249861773E-06
YOffCorrection 0
Mrt 0
Ms1 0
Ms2 0
Ms3 0
Hc2 0
Hex2 0
HsatValue 0
HsatIntercept 0
HsatSlope 0
CenterH 0
Span .0005140869
SpanAsPercentOfRange -34.27246
RMSAsPercentOfRange -10.059125588215
SpanAsPercentOfMean 259.759489434809
RMSAsPercentOfMean 76.2406120528072
