Version 1.25
******************************************** Units *******************************************
System CGS
TemperatureUnit K
MomentUnit emu
AppliedFieldUnit G
 
******************************************** Setup ********************************************
 
Experiment CustomField
Minor False
Acquisition PointByPoint
EditedPoint No
MaxField 500
FieldIncrement 16.6666666666667
Points 143
MinField 0
RampRate 500
AverageTime 3
TimeInterval 0
TimeConstant 0.3
TimeConstantIndex 1
Sensitivity -0.0015
SensitivityIndex 5
SensitivityY -4
SensitivityIndexY 0
SaturationField 8000
ExperimentTime 429
Use735Domains False
AutoRangeEnabled False
NumberOfVertices 7
VertexPts
0
27
44
71
98
115
142
VertexField
500
50
-50
-500
-50
50
500
StartAngle 0
EndAngle 0
AngleIncrement 0
StartTemp 0
FinishTemp 0
TempIncrement 0
TempPoints 0
LengthofSetPointsArray 143
SetPointArray
500
483.333333333333
466.666666666667
450
433.333333333333
416.666666666667
400
383.333333333333
366.666666666667
350
333.333333333333
316.666666666666
300
283.333333333333
266.666666666666
250
233.333333333333
216.666666666666
200
183.333333333333
166.666666666666
150
133.333333333333
116.666666666666
99.9999999999998
83.3333333333331
66.6666666666665
50
44.1176470588235
38.2352941176471
32.3529411764706
26.4705882352941
20.5882352941176
14.7058823529412
8.8235294117647
2.94117647058823
-2.94117647058824
-8.82352941176471
-14.7058823529412
-20.5882352941177
-26.4705882352941
-32.3529411764706
-38.2352941176471
-44.1176470588235
-50
-66.6666666666667
-83.3333333333333
-100
-116.666666666667
-133.333333333333
-150
-166.666666666667
-183.333333333333
-200
-216.666666666667
-233.333333333333
-250
-266.666666666667
-283.333333333333
-300
-316.666666666667
-333.333333333333
-350
-366.666666666667
-383.333333333333
-400
-416.666666666667
-433.333333333333
-450
-466.666666666667
-483.333333333334
-500
-483.333333333333
-466.666666666667
-450
-433.333333333333
-416.666666666667
-400
-383.333333333333
-366.666666666667
-350
-333.333333333333
-316.666666666666
-300
-283.333333333333
-266.666666666666
-250
-233.333333333333
-216.666666666666
-200
-183.333333333333
-166.666666666666
-150
-133.333333333333
-116.666666666666
-99.9999999999998
-83.3333333333331
-66.6666666666665
-50
-44.1176470588235
-38.2352941176471
-32.3529411764706
-26.4705882352941
-20.5882352941176
-14.7058823529412
-8.8235294117647
-2.94117647058823
2.94117647058824
8.82352941176471
14.7058823529412
20.5882352941177
26.4705882352941
32.3529411764706
38.2352941176471
44.1176470588235
50
66.6666666666667
83.3333333333333
100
116.666666666667
133.333333333333
150
166.666666666667
183.333333333333
200
216.666666666667
233.333333333333
250
266.666666666667
283.333333333333
300
316.666666666667
333.333333333333
350
366.666666666667
383.333333333333
400
416.666666666667
433.333333333333
450
466.666666666667
483.333333333334
500
FieldDomainFile c:\Ideasvsm\Default UserID\Experiments\Jason_500G\fdomain.ini
TempDomainFile c:\Ideasvsm\Default UserID\Experiments\Jason_500G\tdomain.ini
NumSelectedResults 0
ResultsSelected 
UserName1 
UserValue1 
UserName2 
UserValue2 
LinearBackgroundCorrection Off
MaxLinearFieldCorrection 
MinLinearFieldCorrection 
AutoLinearCorrection Off
FitOneRegion Off
BackgroundMode Off
BackgroundFilename 
AutoCenter Off
OffsetCorrection 
SmoothDeriv Off
DerivOrder 0
DerivPoints 0
MinExFieldOne 
MaxExFieldOne 
MinExFieldTwo 
MaxExFieldTwo 
MinPinFieldOne 
MaxPinFieldOne 
MinPinFieldTwo 
MaxPinFieldTwo 
HCenterStart 
Mass 
Volume 
Density 
MolarWeight 
NumberOfMoles 
Demagnetization 
SampleArea 
Thickness 
MomentScaling 0
XAxis 0
YAxis 0
SimpleSpinValve False
HsatMax 0
HsatMin 0
FieldAutoRange False
 
*************************************************** Experiment Data ********************************************
 
DataPoints 143
MomentX Data
-0.000171949
-0.000171228
-0.000170126
-0.000169319
-0.000168519
-0.000165582
-0.000166411
-0.00016234
-0.000161408
-0.000162358
-0.000159151
-0.000158714
-0.000158822
-0.000158245
-0.000157106
-0.000154899
-0.000153266
-0.000153082
-0.000152996
-0.000152657
-0.000153354
-0.000155621
-0.000158962
-0.000164985
-0.000171335
-0.000174726
-0.000181892
-0.000185827
-0.000188863
-0.000190391
-0.000188763
-0.000190741
-0.000190327
-0.000190741
-0.000192002
-0.000193574
-0.000193908
-0.000195316
-0.000193518
-0.000197211
-0.000195786
-0.000196939
-0.00019521
-0.000195755
-0.000196703
-0.000198013
-0.000200754
-0.000205008
-0.000206496
-0.000210993
-0.000215835
-0.000219431
-0.000223131
-0.00022824
-0.000234238
-0.000239367
-0.000245195
-0.000246097
-0.000249414
-0.000247948
-0.000247123
-0.000245501
-0.00024626
-0.000244865
-0.000245015
-0.000243259
-0.000241697
-0.000241045
-0.000240756
-0.000238168
-0.000237738
-0.000239325
-0.000236746
-0.000236749
-0.000235768
-0.000235755
-0.00023802
-0.000234323
-0.000236906
-0.00023608
-0.000237813
-0.000236982
-0.0002336
-0.000235318
-0.000234595
-0.000233335
-0.000233986
-0.000233167
-0.000234744
-0.000234509
-0.000232347
-0.000229052
-0.000228238
-0.00022276
-0.000216306
-0.000209464
-0.000202149
-0.000194287
-0.000188376
-0.000183706
-0.000183485
-0.000179544
-0.000180863
-0.000175865
-0.000172682
-0.000171974
-0.000170524
-0.000168424
-0.000166778
-0.000166877
-0.000163252
-0.000163195
-0.000161105
-0.000158142
-0.000157689
-0.000154418
-0.00015081
-0.000149251
-0.000143546
-0.000143034
-0.000137107
-0.000130503
-0.000125321
-0.000119428
-0.000111994
-0.000105212
-0.0000993467
-0.0000921282
-0.0000903467
-0.0000887619
-0.0000874467
-0.0000859571
-0.0000846983
-0.0000827814
-0.0000842442
-0.0000858469
-0.0000833696
-0.0000838363
-0.0000830827
-0.0000833176
-0.000083139
-0.0000825586
-0.0000855645
MomentY Data
-0.000123167
-0.000121959
-0.000122039
-0.000120735
-0.000120242
-0.00012002
-0.000120211
-0.000121975
-0.000120672
-0.000122341
-0.00012188
-0.000122881
-0.00012339
-0.000123946
-0.000124343
-0.000121403
-0.0001218
-0.000120115
-0.000122627
-0.000121355
-0.000124216
-0.000121435
-0.000122166
-0.000123247
-0.00012242
-0.000123183
-0.000122054
-0.000123405
-0.000122738
-0.000122849
-0.000121069
-0.000123676
-0.000123533
-0.000124677
-0.000120099
-0.000123008
-0.000121959
-0.000125122
-0.000122786
-0.000122182
-0.000122356
-0.000120242
-0.000120831
-0.00012304
-0.000120783
-0.000121752
-0.000124153
-0.000123088
-0.000125249
-0.000123231
-0.000121546
-0.000120989
-0.000122086
-0.000121085
-0.000121657
-0.000121403
-0.000121307
-0.00012064
-0.000124296
-0.000121705
-0.000122309
-0.000121784
-0.00012296
-0.000121419
-0.000123787
-0.000123517
-0.000122245
-0.000122102
-0.000122658
-0.000121657
-0.000120974
-0.000121419
-0.000121848
-0.000122245
-0.000122356
-0.000122325
-0.000121037
-0.000120656
-0.000123247
-0.000124439
-0.00012358
-0.000122372
-0.000125329
-0.000123596
-0.000122563
-0.000124327
-0.000125233
-0.000124995
-0.000123866
-0.00012393
-0.000123866
-0.000122054
-0.000121355
-0.000121911
-0.000120242
-0.000121546
-0.000121228
-0.000121864
-0.000121021
-0.000121101
-0.000122229
-0.000124772
-0.000122833
-0.00012331
-0.000123771
-0.000123247
-0.000123262
-0.000122658
-0.000124057
-0.000122261
-0.000124137
-0.000122325
-0.000124709
-0.000123405
-0.000122992
-0.000122531
-0.00012358
-0.000122261
-0.000121466
-0.000121991
-0.000119813
-0.000121737
-0.000121085
-0.000121562
-0.000121355
-0.000122976
-0.000121212
-0.000124184
-0.000124121
-0.000124995
-0.000124153
-0.000119273
-0.000123215
-0.00012447
-0.000124311
-0.000122531
-0.000121021
-0.000121752
-0.000122976
-0.000121339
-0.000121466
-0.000124359
-0.000123278
Field Data
499.987
483.314
466.666
449.998
433.326
416.664
400
383.338
366.665
349.994
333.336
316.66
300
283.329
266.663
249.993
233.333
216.651
200.005
183.327
166.658
149.988
133.331
116.664
100.012
83.3551
66.6601
49.9892
44.1163
38.2198
32.356
26.4721
20.5796
14.6991
8.82452
2.94749
-2.94568
-8.83753
-14.7214
-20.596
-26.4756
-32.3752
-38.2378
-44.1329
-50.0194
-66.6694
-83.3444
-100.007
-116.682
-133.343
-150.01
-166.679
-183.346
-200.012
-216.668
-233.35
-250.011
-266.674
-283.336
-300.014
-316.671
-333.348
-350.015
-366.676
-383.329
-400.011
-416.654
-433.349
-450.012
-466.666
-483.341
-500.006
-483.329
-466.674
-449.997
-433.327
-416.671
-400.005
-383.338
-366.683
-350.001
-333.344
-316.674
-300.001
-283.338
-266.675
-250.007
-233.342
-216.671
-200.003
-183.324
-166.673
-150.012
-133.339
-116.67
-99.9971
-83.3217
-66.6874
-50.0097
-44.1224
-38.2295
-32.3607
-26.4761
-20.5992
-14.7106
-8.82477
-2.95443
2.93453
8.83075
14.7068
20.5838
26.4717
32.356
38.2254
44.1186
49.9993
66.664
83.3245
99.991
116.662
133.334
149.989
166.658
183.331
199.992
216.667
233.318
250.003
266.657
283.34
299.98
316.661
333.33
350.002
366.661
383.33
400.004
416.663
433.327
450.003
466.655
483.331
499.993
Time Data
0
10.39
20.78
31.201
41.59
52.011
62.432
72.853
83.258
93.648
104.069
114.49
124.91
135.316
145.705
156.095
166.5
176.921
187.326
197.716
208.137
218.527
228.932
239.337
249.742
260.148
270.553
280.958
291.332
301.753
312.174
322.564
334.014
344.435
354.856
365.277
375.698
386.087
396.446
406.851
417.241
427.615
438.02
448.425
458.799
469.205
479.61
490.031
500.42
510.826
521.215
531.621
542.026
552.431
562.836
573.273
583.663
594.068
604.489
614.894
625.33
635.736
646.141
657.591
667.997
678.402
688.792
699.197
709.587
719.992
730.413
740.787
751.192
761.566
771.971
782.361
792.798
803.187
813.577
823.982
834.387
844.793
856.212
866.586
876.976
887.381
897.802
908.223
918.612
929.018
939.454
949.828
960.202
970.592
980.997
991.371
1001.74
1012.17
1022.57
1034.04
1044.44
1054.86
1066.31
1076.72
1087.12
1097.51
1107.98
1118.4
1128.81
1139.26
1149.65
1160.05
1170.43
1180.83
1191.25
1201.63
1212.07
1222.47
1232.88
1243.28
1253.67
1264.08
1274.48
1284.87
1295.29
1305.68
1316.1
1326.51
1336.91
1347.3
1357.69
1368.1
1378.49
1388.88
1399.28
1409.69
1420.09
1430.51
1440.92
1451.37
1461.76
1472.17
1482.54
Temperature Data
0
0
0
0
0
0
0
0
0
0
0
0
0
0
0
0
0
0
0
0
0
0
0
0
0
0
0
0
0
0
0
0
0
0
0
0
0
0
0
0
0
0
0
0
0
0
0
0
0
0
0
0
0
0
0
0
0
0
0
0
0
0
0
0
0
0
0
0
0
0
0
0
0
0
0
0
0
0
0
0
0
0
0
0
0
0
0
0
0
0
0
0
0
0
0
0
0
0
0
0
0
0
0
0
0
0
0
0
0
0
0
0
0
0
0
0
0
0
0
0
0
0
0
0
0
0
0
0
0
0
0
0
0
0
0
0
0
0
0
0
0
0
0
Angle Data
0
0
0
0
0
0
0
0
0
0
0
0
0
0
0
0
0
0
0
0
0
0
0
0
0
0
0
0
0
0
0
0
0
0
0
0
0
0
0
0
0
0
0
0
0
0
0
0
0
0
0
0
0
0
0
0
0
0
0
0
0
0
0
0
0
0
0
0
0
0
0
0
0
0
0
0
0
0
0
0
0
0
0
0
0
0
0
0
0
0
0
0
0
0
0
0
0
0
0
0
0
0
0
0
0
0
0
0
0
0
0
0
0
0
0
0
0
0
0
0
0
0
0
0
0
0
0
0
0
0
0
0
0
0
0
0
0
0
0
0
0
0
0
Bx Data
0
0
0
0
0
0
0
0
0
0
0
0
0
0
0
0
0
0
0
0
0
0
0
0
0
0
0
0
0
0
0
0
0
0
0
0
0
0
0
0
0
0
0
0
0
0
0
0
0
0
0
0
0
0
0
0
0
0
0
0
0
0
0
0
0
0
0
0
0
0
0
0
0
0
0
0
0
0
0
0
0
0
0
0
0
0
0
0
0
0
0
0
0
0
0
0
0
0
0
0
0
0
0
0
0
0
0
0
0
0
0
0
0
0
0
0
0
0
0
0
0
0
0
0
0
0
0
0
0
0
0
0
0
0
0
0
0
0
0
0
0
0
0
Hint Data
0
0
0
0
0
0
0
0
0
0
0
0
0
0
0
0
0
0
0
0
0
0
0
0
0
0
0
0
0
0
0
0
0
0
0
0
0
0
0
0
0
0
0
0
0
0
0
0
0
0
0
0
0
0
0
0
0
0
0
0
0
0
0
0
0
0
0
0
0
0
0
0
0
0
0
0
0
0
0
0
0
0
0
0
0
0
0
0
0
0
0
0
0
0
0
0
0
0
0
0
0
0
0
0
0
0
0
0
0
0
0
0
0
0
0
0
0
0
0
0
0
0
0
0
0
0
0
0
0
0
0
0
0
0
0
0
0
0
0
0
0
0
0
Torque Data
-0.061581898829
-0.058944492126
-0.056951451974
-0.05433050853
-0.052103984892
-0.05000801328
-0.0480844
-0.04675765255
-0.04424619888
-0.042818615954
-0.04062699168
-0.03891149746
-0.037017
-0.035117496234
-0.033157677409
-0.030349900179
-0.0284199594
-0.026023034865
-0.024526013135
-0.022247648085
-0.020701590128
-0.01821379278
-0.016288514946
-0.014378488008
-0.01224346904
-0.0102679312833
-0.0081361318454
-0.006168917226
-0.0054147464294
-0.0046952642102
-0.003917308564
-0.0032739634396
-0.0025422597268
-0.0018326396907
-0.00105981602748
-0.00036256484992
0.00035925218712
0.00110576942866
0.0018075818204
0.002516460472
0.0032394485136
0.0038928587984
0.0046203116118
0.005430112016
0.0060414931902
0.0081171327888
0.0103474572932
0.012309661616
0.014614303818
0.016431991233
0.01823311546
0.020166325531
0.022383979756
0.02421845302
0.026359178876
0.02832939005
0.030328084377
0.03217155136
0.035217531456
0.03651320387
0.038731713339
0.040596452832
0.0430378444
0.044521433244
0.047451146923
0.049408158687
0.05093386823
0.052912779598
0.055197571896
0.056773185562
0.058471694134
0.060710228514
0.058892671992
0.05704856313
0.055059832932
0.053006725275
0.050432607827
0.04826300328
0.047245258486
0.045629665837
0.04325312358
0.040791971968
0.039688435746
0.037078923596
0.034726755294
0.033154902725
0.031309126631
0.02916658329
0.026838170086
0.02478637179
0.022707610584
0.020343106342
0.01820470626
0.016255490829
0.01402863414
0.0121542475166
0.0101009230476
0.0081267933136
0.0060522239037
0.0053432667624
0.0046727535555
0.0040377092604
0.0032521387913
0.002540087352
0.0018207456726
0.00108762642819
0.00036416895066
-0.00035994358074
-0.00109551635275
-0.0017980680748
-0.0025552111806
-0.0032381507025
-0.004035084404
-0.004717205487
-0.0054262348512
-0.0061264642283
-0.00823833712
-0.0101873366945
-0.012145506806
-0.014231714042
-0.015975146542
-0.018259210893
-0.02017978393
-0.022286083022
-0.02427002916
-0.026644840992
-0.028280941416
-0.031046372552
-0.033097733497
-0.0354160833
-0.03724341694
-0.037769107453
-0.04107125595
-0.04356474894
-0.045579995571
-0.04696980823
-0.048408884084
-0.050729553576
-0.053288821152
-0.054602914017
-0.05668271623
-0.060106559829
-0.061638137054
dMdH Data
-4.32435674443709E-08
-6.61941374339261E-08
-4.84161267098628E-08
-4.79846449136273E-08
-1.76269355419517E-07
4.97479596735471E-08
-2.44328411955348E-07
-5.58987584717797E-08
5.69851838521982E-08
-1.92520110457438E-07
-2.62053250179897E-08
6.48259303721445E-09
-3.4611001139704E-08
-6.83427337093478E-08
-1.32393521295741E-07
-9.80192076830742E-08
-1.1029852535667E-08
-5.16640634386632E-09
-2.03261781988247E-08
4.1814146019557E-08
1.35992801439712E-07
2.00576334273878E-07
3.61372772544551E-07
3.81335575306269E-07
2.03579297468316E-07
4.29230308475593E-07
2.36040045828359E-07
5.1695073983892E-07
2.59136776053589E-07
-2.77635662880725E-07
3.36171586872653E-07
-7.025880356385E-08
7.04021766856536E-08
2.14653643324291E-07
2.67482044502066E-07
5.66757789101622E-08
2.38974176192541E-07
-3.05581190610944E-07
6.28638545603106E-07
-2.42363426083406E-07
1.95436978778221E-07
-2.94920342510151E-07
9.24496615833516E-08
1.61046462244117E-07
7.86786786786786E-08
1.64377811094453E-07
2.55302293759677E-07
8.92353823088446E-08
2.69911770001801E-07
2.90514189716205E-07
2.15729797828304E-07
2.21995560088799E-07
3.06552262090483E-07
3.60110470701249E-07
3.07457139431722E-07
3.49798931636759E-07
5.41319090199844E-08
1.99075741207536E-07
-8.79002278450647E-08
-4.95287266614625E-08
-9.72596989866285E-08
4.55390892182139E-08
-8.37284676790114E-08
9.00738605656822E-09
-1.05263157894737E-07
-9.38532716457377E-08
-3.90536088649292E-08
-1.73438156394405E-08
-1.55398102557945E-07
-2.57871064467762E-08
9.52295229522953E-08
1.54644120645201E-07
-1.80126088261364E-10
5.88235294117646E-08
7.79844031193031E-10
-1.35987031700288E-07
2.21828873154926E-07
-1.5497690046199E-07
4.95947163014106E-08
-1.03884426327778E-07
4.98889355826375E-08
2.02879424115176E-07
-1.03040844479098E-07
4.33895457000541E-08
7.56166356598466E-08
-3.90568754499643E-08
4.91449144914488E-08
-9.45954051946494E-08
1.40988720902336E-08
1.29624078182145E-07
1.97886012852081E-07
4.8856611247824E-08
3.28555149043364E-07
3.8718579398884E-07
4.10366522920429E-07
4.38670136848292E-07
4.7263786272942E-07
3.54425370404792E-07
7.93232891138551E-07
3.75027575557044E-08
6.7151717557252E-07
-2.24144376848045E-07
8.50448365634941E-07
5.40535950820229E-07
1.20288897232847E-07
2.47004432451955E-07
3.56599467478128E-07
2.79161903728152E-07
-1.6848052688458E-08
6.16811298281439E-07
9.68087093870071E-09
3.55182434614143E-07
5.04821617201078E-07
7.68682549378952E-08
5.56226299590186E-07
2.16505547654623E-07
9.35746226103652E-08
3.4230342303423E-07
3.07120148761329E-08
3.55506238003839E-07
3.96517562293606E-07
3.1087647729318E-07
3.53445690637557E-07
4.46191705179761E-07
4.0671664167916E-07
3.52249114167317E-07
4.32634102487265E-07
1.06971298186622E-07
9.49949049931071E-08
7.90384615384612E-08
8.92992026856904E-08
7.55174275601414E-08
1.14977207293666E-07
-8.78083918602555E-08
-9.61485392045113E-08
1.48572628043661E-07
-2.80148868479501E-08
4.52232357177148E-08
-1.40861117774051E-08
1.07254383857794E-08
3.4804509474694E-08
-1.80404513263714E-07
-1.80404513263714E-07
dMdT Data
0
0
0
0
0
0
0
0
0
0
0
0
0
0
0
0
0
0
0
0
0
0
0
0
0
0
0
0
0
0
0
0
0
0
0
0
0
0
0
0
0
0
0
0
0
0
0
0
0
0
0
0
0
0
0
0
0
0
0
0
0
0
0
0
0
0
0
0
0
0
0
0
0
0
0
0
0
0
0
0
0
0
0
0
0
0
0
0
0
0
0
0
0
0
0
0
0
0
0
0
0
0
0
0
0
0
0
0
0
0
0
0
0
0
0
0
0
0
0
0
0
0
0
0
0
0
0
0
0
0
0
0
0
0
0
0
0
0
0
0
0
0
0
 
*********************************************** Results ***************************************
 
TotalArea -0.029791034648115
AreaFirstQuad 0
AreaSecondQuad 0
AreaThirdQuad -2.09103320538359E-03
AreaFourthQuad -2.77000014427314E-02
Coercivity 0
PositiveCoercivity 0
NegativeCoercivity 0
Retentivity 1.21352997281407E-05
PositiveRetentivity -1.9374105129158E-04
NegativeRetentivity -1.69470451835299E-04
Magnetization 0.000249414
PositiveMagnetization -0.0000825586
NegativeMagnetization -0.000249414
Flatness 16.9650816734515
Squareness 4.86552468110878E-02
SStar 0
SFD1 0
SFD2 0
Slope 0
Intercept 0
SlopeAtHc -1.80404513263714E-07
dH1 0
dH2 33.33615
InitialSlope -4.32435674443709E-08
FieldAtHalfMs 0
FieldAtMs 483.331
MomentMean -1.81566925874126E-04
MomentRMS 4.89747511783076E-05
SFD3 0
dH3 0
UserField1 0
UserField2 0
CenterField 0
ExchangeField 0
ExchangeMoment 0
ExRegionOneIntercept 0
ExRegionOneSlope 0
ExRegionTwoIntercept 0
ExRegionTwoSlope 0
NegativeIntercept 0
NegativeSlope 0
AutoCenterOffset 0
PinningField 0
PinningMoment 0
PinRegionOneIntercept 0
PinRegionOneSlope 0
PinRegionTwoIntercept 0
PinRegionTwoSlope 0
PositiveIntercept 0
PositiveSlope 0
TotalOffset 0
BHMax 0
BCoercivity 0
BRetentivity 0
BNegativeCoercivity 0
BPositiveCoercivity 0
BNegativeRetentivity 0
BPositiveRetentivity 0
MomentYMean -1.22477678321678E-04
MomentYRMS 1.33369615392923E-06
YOffCorrection 0
Mrt 0
Ms1 0
Ms2 0
Ms3 0
Hc2 0
Hex2 0
HsatValue 0
HsatIntercept 0
HsatSlope 0
CenterH 0
Span .0001668554
SpanAsPercentOfRange -11.1236933333333
RMSAsPercentOfRange -3.26498341188717
SpanAsPercentOfMean -91.8974638121455
RMSAsPercentOfMean -26.9733878802685
