Version 1.25
******************************************** Units *******************************************
System CGS
TemperatureUnit K
MomentUnit emu
AppliedFieldUnit G
 
******************************************** Setup ********************************************
 
Experiment CustomField
Minor False
Acquisition PointByPoint
EditedPoint No
MaxField 500
FieldIncrement 16.6666666666667
Points 143
MinField 0
RampRate 500
AverageTime 3
TimeInterval 0
TimeConstant 0.3
TimeConstantIndex 1
Sensitivity -0.0015
SensitivityIndex 5
SensitivityY -4
SensitivityIndexY 0
SaturationField 8000
ExperimentTime 429
Use735Domains False
AutoRangeEnabled False
NumberOfVertices 7
VertexPts
0
27
44
71
98
115
142
VertexField
500
50
-50
-500
-50
50
500
StartAngle 0
EndAngle 0
AngleIncrement 0
StartTemp 0
FinishTemp 0
TempIncrement 0
TempPoints 0
LengthofSetPointsArray 143
SetPointArray
500
483.333333333333
466.666666666667
450
433.333333333333
416.666666666667
400
383.333333333333
366.666666666667
350
333.333333333333
316.666666666666
300
283.333333333333
266.666666666666
250
233.333333333333
216.666666666666
200
183.333333333333
166.666666666666
150
133.333333333333
116.666666666666
99.9999999999998
83.3333333333331
66.6666666666665
50
44.1176470588235
38.2352941176471
32.3529411764706
26.4705882352941
20.5882352941176
14.7058823529412
8.8235294117647
2.94117647058823
-2.94117647058824
-8.82352941176471
-14.7058823529412
-20.5882352941177
-26.4705882352941
-32.3529411764706
-38.2352941176471
-44.1176470588235
-50
-66.6666666666667
-83.3333333333333
-100
-116.666666666667
-133.333333333333
-150
-166.666666666667
-183.333333333333
-200
-216.666666666667
-233.333333333333
-250
-266.666666666667
-283.333333333333
-300
-316.666666666667
-333.333333333333
-350
-366.666666666667
-383.333333333333
-400
-416.666666666667
-433.333333333333
-450
-466.666666666667
-483.333333333334
-500
-483.333333333333
-466.666666666667
-450
-433.333333333333
-416.666666666667
-400
-383.333333333333
-366.666666666667
-350
-333.333333333333
-316.666666666666
-300
-283.333333333333
-266.666666666666
-250
-233.333333333333
-216.666666666666
-200
-183.333333333333
-166.666666666666
-150
-133.333333333333
-116.666666666666
-99.9999999999998
-83.3333333333331
-66.6666666666665
-50
-44.1176470588235
-38.2352941176471
-32.3529411764706
-26.4705882352941
-20.5882352941176
-14.7058823529412
-8.8235294117647
-2.94117647058823
2.94117647058824
8.82352941176471
14.7058823529412
20.5882352941177
26.4705882352941
32.3529411764706
38.2352941176471
44.1176470588235
50
66.6666666666667
83.3333333333333
100
116.666666666667
133.333333333333
150
166.666666666667
183.333333333333
200
216.666666666667
233.333333333333
250
266.666666666667
283.333333333333
300
316.666666666667
333.333333333333
350
366.666666666667
383.333333333333
400
416.666666666667
433.333333333333
450
466.666666666667
483.333333333334
500
FieldDomainFile c:\Ideasvsm\Default UserID\Experiments\Jason_500G\fdomain.ini
TempDomainFile c:\Ideasvsm\Default UserID\Experiments\Jason_500G\tdomain.ini
NumSelectedResults 0
ResultsSelected 
UserName1 
UserValue1 
UserName2 
UserValue2 
LinearBackgroundCorrection Off
MaxLinearFieldCorrection 
MinLinearFieldCorrection 
AutoLinearCorrection Off
FitOneRegion Off
BackgroundMode Off
BackgroundFilename 
AutoCenter Off
OffsetCorrection 
SmoothDeriv Off
DerivOrder 0
DerivPoints 0
MinExFieldOne 
MaxExFieldOne 
MinExFieldTwo 
MaxExFieldTwo 
MinPinFieldOne 
MaxPinFieldOne 
MinPinFieldTwo 
MaxPinFieldTwo 
HCenterStart 
Mass 
Volume 
Density 
MolarWeight 
NumberOfMoles 
Demagnetization 
SampleArea 
Thickness 
MomentScaling 0
XAxis 0
YAxis 0
SimpleSpinValve False
HsatMax 0
HsatMin 0
FieldAutoRange False
 
*************************************************** Experiment Data ********************************************
 
DataPoints 143
MomentX Data
-0.0000530512
-0.000051489
-0.0000499915
-0.000049639
-0.0000484465
-0.0000470744
-0.0000489926
-0.0000466913
-0.0000474728
-0.000044419
-0.0000442083
-0.0000415525
-0.0000424539
-0.0000426406
-0.0000414714
-0.000042769
-0.0000411883
-0.0000406703
-0.0000409632
-0.0000402841
-0.000042253
-0.00004561
-0.0000473885
-0.0000550947
-0.000060893
-0.0000676034
-0.0000727463
-0.0000767604
-0.0000802824
-0.0000812756
-0.0000831594
-0.0000835922
-0.0000840579
-0.0000858017
-0.0000866476
-0.0000849764
-0.0000876264
-0.0000889307
-0.000089182
-0.0000887313
-0.0000901198
-0.0000913412
-0.0000924068
-0.0000920272
-0.0000959398
-0.0000959943
-0.0000998318
-0.000103673
-0.000105944
-0.000109714
-0.000114648
-0.000118063
-0.000124748
-0.000128529
-0.000135792
-0.000140761
-0.000145229
-0.000147963
-0.00014991
-0.000150885
-0.000150791
-0.000151226
-0.000149676
-0.000146945
-0.000146798
-0.000149966
-0.000150405
-0.000146709
-0.000145138
-0.000145281
-0.000143608
-0.00014209
-0.000146424
-0.000144042
-0.000144427
-0.000146398
-0.000144184
-0.000146382
-0.000144539
-0.000146317
-0.000146528
-0.000145061
-0.000146851
-0.000145586
-0.000144647
-0.00014388
-0.000146313
-0.000146608
-0.000146833
-0.000145854
-0.000143537
-0.000144413
-0.000141857
-0.000135663
-0.000130203
-0.00012461
-0.000117436
-0.000110905
-0.00010519
-0.00010164
-0.000100897
-0.0000985739
-0.0000955871
-0.000093819
-0.0000940361
-0.0000906109
-0.0000883884
-0.0000874862
-0.0000868536
-0.0000849925
-0.0000843666
-0.0000832001
-0.0000804979
-0.0000804548
-0.0000789478
-0.0000748803
-0.0000730009
-0.0000693881
-0.0000651922
-0.0000619612
-0.0000585097
-0.0000534418
-0.0000482856
-0.0000438704
-0.0000356447
-0.0000296204
-0.0000220802
-0.0000174054
-0.0000152432
-0.000011655
-0.0000099581
-0.00000992165
-0.00000899282
-0.00000885809
-0.0000105733
-0.0000104583
-0.00000883798
-0.00000897874
-0.0000110822
-0.0000109158
-0.00000985874
-0.00000973918
-0.0000104208
MomentY Data
-0.000123612
-0.00012366
-0.000120513
-0.000121641
-0.000121546
-0.000124359
-0.000122054
-0.000122468
-0.000122515
-0.000122213
-0.000122356
-0.000122309
-0.000123374
-0.000123628
-0.000123946
-0.000125806
-0.000125058
-0.000124264
-0.000123549
-0.000124963
-0.000124089
-0.000124788
-0.000123469
-0.000124073
-0.000121657
-0.000123707
-0.000119972
-0.0001242
-0.000123771
-0.000125043
-0.000122372
-0.000123866
-0.000124391
-0.000122166
-0.000122738
-0.000123549
-0.000123485
-0.000123247
-0.000123533
-0.000122372
-0.000123008
-0.000122388
-0.000124248
-0.000122849
-0.000121371
-0.000123485
-0.00012304
-0.000123564
-0.00012517
-0.000122595
-0.000122229
-0.00012269
-0.000123247
-0.000124168
-0.00012304
-0.000122261
-0.000123294
-0.000123676
-0.00012393
-0.000122293
-0.000121943
-0.000120004
-0.000122007
-0.000122817
-0.000122897
-0.000121752
-0.000121943
-0.000124041
-0.000121943
-0.000123088
-0.000124661
-0.000120735
-0.000123374
-0.000121625
-0.000120274
-0.000122341
-0.000123103
-0.000122484
-0.0001249
-0.000124343
-0.000123183
-0.000124327
-0.000122801
-0.000121562
-0.000121498
-0.000122293
-0.000123421
-0.000122468
-0.000124359
-0.00012447
-0.000123978
-0.000123612
-0.00012153
-0.000124343
-0.000121514
-0.00012571
-0.000121578
-0.000124391
-0.000123199
-0.000122166
-0.000122213
-0.000121355
-0.000122531
-0.000126791
-0.000125313
-0.00012509
-0.000124041
-0.000124137
-0.000125996
-0.00012447
-0.000124598
-0.000125408
-0.000124391
-0.000124741
-0.000124502
-0.000125504
-0.000124645
-0.000124947
-0.000125217
-0.000124582
-0.00012428
-0.000124518
-0.000123167
-0.000124772
-0.000122754
-0.000124486
-0.00012215
-0.000123612
-0.000124327
-0.000125027
-0.000123183
-0.000124741
-0.000124725
-0.000124645
-0.000126139
-0.000125027
-0.000124836
-0.000124407
-0.000125519
-0.00012207
-0.000123119
-0.000122722
-0.000122325
Field Data
500.011
483.326
466.66
449.978
433.335
416.651
399.991
383.338
366.649
349.997
333.329
316.655
300.004
283.327
266.674
249.995
233.323
216.666
200.007
183.317
166.663
149.995
133.328
116.655
99.983
83.348
66.6692
49.9877
44.111
38.2288
32.3663
26.4685
20.5787
14.6996
8.82402
2.93951
-2.94868
-8.83127
-14.7094
-20.5902
-26.4728
-32.3609
-38.2418
-44.1216
-50.001
-66.6657
-83.3459
-100.002
-116.673
-133.34
-150.022
-166.666
-183.341
-200.002
-216.662
-233.327
-250.007
-266.684
-283.341
-300.005
-316.666
-333.344
-350.002
-366.688
-383.339
-400.004
-416.672
-433.343
-450.01
-466.681
-483.336
-500.001
-483.349
-466.679
-450.001
-433.343
-416.679
-399.998
-383.348
-366.668
-350
-333.339
-316.686
-300.009
-283.338
-266.682
-250.003
-233.343
-216.671
-200.008
-183.332
-166.671
-149.992
-133.34
-116.667
-100.006
-83.3364
-66.6699
-50.0042
-44.1261
-38.2303
-32.3509
-26.4706
-20.5877
-14.7101
-8.82402
-2.94292
2.93702
8.83823
14.709
20.5839
26.4687
32.3572
38.2284
44.1005
50.0096
66.6474
83.3163
99.9972
116.671
133.321
150.004
166.668
183.327
199.994
216.672
233.335
249.993
266.666
283.336
299.986
316.661
333.336
350.005
366.664
383.324
399.996
416.658
433.324
450.006
466.662
483.346
500.001
Time Data
0
10.405
20.81
31.184
41.589
52.01
62.447
72.836
83.21
93.616
103.99
115.44
125.83
136.235
146.656
157.046
167.435
177.856
188.23
198.604
208.994
219.384
229.789
240.163
250.584
260.958
271.332
281.737
292.158
302.563
312.969
323.374
333.795
344.2
354.59
365.011
375.432
385.837
396.258
406.647
417.021
427.411
437.816
448.222
459.672
470.14
480.545
490.95
501.34
511.761
522.15
532.571
542.977
553.382
563.787
574.192
584.582
594.972
605.393
615.782
626.172
636.577
646.967
657.357
667.731
678.105
688.479
698.884
709.274
719.695
730.084
740.474
750.895
761.284
771.674
782.048
792.453
802.859
813.248
823.669
834.059
844.464
854.854
865.259
875.664
886.054
896.444
906.833
917.239
927.644
938.065
948.47
958.891
969.296
979.748
990.153
1000.56
1010.96
1021.37
1031.78
1042.16
1052.57
1062.94
1073.33
1084.78
1095.21
1105.66
1116.06
1126.47
1136.9
1147.32
1157.75
1168.15
1178.56
1188.95
1199.37
1209.74
1220.13
1230.54
1240.97
1251.36
1261.75
1272.13
1282.53
1292.94
1303.36
1313.76
1324.17
1334.57
1344.95
1355.35
1365.73
1376.12
1386.54
1396.94
1407.35
1417.75
1428.16
1438.58
1448.98
1459.37
1469.75
1480.14
Temperature Data
0
0
0
0
0
0
0
0
0
0
0
0
0
0
0
0
0
0
0
0
0
0
0
0
0
0
0
0
0
0
0
0
0
0
0
0
0
0
0
0
0
0
0
0
0
0
0
0
0
0
0
0
0
0
0
0
0
0
0
0
0
0
0
0
0
0
0
0
0
0
0
0
0
0
0
0
0
0
0
0
0
0
0
0
0
0
0
0
0
0
0
0
0
0
0
0
0
0
0
0
0
0
0
0
0
0
0
0
0
0
0
0
0
0
0
0
0
0
0
0
0
0
0
0
0
0
0
0
0
0
0
0
0
0
0
0
0
0
0
0
0
0
0
Angle Data
0
0
0
0
0
0
0
0
0
0
0
0
0
0
0
0
0
0
0
0
0
0
0
0
0
0
0
0
0
0
0
0
0
0
0
0
0
0
0
0
0
0
0
0
0
0
0
0
0
0
0
0
0
0
0
0
0
0
0
0
0
0
0
0
0
0
0
0
0
0
0
0
0
0
0
0
0
0
0
0
0
0
0
0
0
0
0
0
0
0
0
0
0
0
0
0
0
0
0
0
0
0
0
0
0
0
0
0
0
0
0
0
0
0
0
0
0
0
0
0
0
0
0
0
0
0
0
0
0
0
0
0
0
0
0
0
0
0
0
0
0
0
0
Bx Data
0
0
0
0
0
0
0
0
0
0
0
0
0
0
0
0
0
0
0
0
0
0
0
0
0
0
0
0
0
0
0
0
0
0
0
0
0
0
0
0
0
0
0
0
0
0
0
0
0
0
0
0
0
0
0
0
0
0
0
0
0
0
0
0
0
0
0
0
0
0
0
0
0
0
0
0
0
0
0
0
0
0
0
0
0
0
0
0
0
0
0
0
0
0
0
0
0
0
0
0
0
0
0
0
0
0
0
0
0
0
0
0
0
0
0
0
0
0
0
0
0
0
0
0
0
0
0
0
0
0
0
0
0
0
0
0
0
0
0
0
0
0
0
Hint Data
0
0
0
0
0
0
0
0
0
0
0
0
0
0
0
0
0
0
0
0
0
0
0
0
0
0
0
0
0
0
0
0
0
0
0
0
0
0
0
0
0
0
0
0
0
0
0
0
0
0
0
0
0
0
0
0
0
0
0
0
0
0
0
0
0
0
0
0
0
0
0
0
0
0
0
0
0
0
0
0
0
0
0
0
0
0
0
0
0
0
0
0
0
0
0
0
0
0
0
0
0
0
0
0
0
0
0
0
0
0
0
0
0
0
0
0
0
0
0
0
0
0
0
0
0
0
0
0
0
0
0
0
0
0
0
0
0
0
0
0
0
0
0
Torque Data
-0.061807359732
-0.05976809316
-0.05623859658
-0.054735773898
-0.05267013591
-0.051814301709
-0.048820501514
-0.046946638184
-0.044920002235
-0.042774183361
-0.040784803124
-0.038729756395
-0.037012693496
-0.035027150356
-0.033053175604
-0.03145087097
-0.029178907734
-0.026923783824
-0.024710664843
-0.022907842271
-0.020681045007
-0.01871757606
-0.016461874832
-0.014473735815
-0.012163631831
-0.010310731036
-0.0079984372624
-0.00620847234
-0.005459662581
-0.0047802438384
-0.0039607288636
-0.003278547221
-0.0025598050717
-0.0017957913336
-0.00108304256676
-0.00036317352099
0.0003641177498
0.00108842753369
0.0018170963102
0.0025196639544
0.0032563661824
0.0039605858292
0.0047514671664
0.0054202944384
0.006068671371
0.0082322139645
0.010254879536
0.012356647128
0.01460395941
0.0163468173
0.018337039038
0.02044825154
0.022596228227
0.024833848336
0.02665809248
0.028526792347
0.030824363058
0.032982410384
0.03511445013
0.036688511465
0.038615202038
0.040002613376
0.042702694014
0.045035520096
0.047111213083
0.048701287008
0.050810233696
0.053752299063
0.05487556943
0.057442830928
0.060253149096
0.060367620735
0.059632699526
0.056759833375
0.054123420274
0.053015615963
0.051294434937
0.048993355032
0.0478801652
0.045592599124
0.04311405
0.041443037853
0.038889357486
0.036469694058
0.034425000324
0.032613341826
0.030855620263
0.028577050524
0.026944988889
0.02489499576
0.022729134696
0.020602535652
0.01822852776
0.01657989562
0.014176673838
0.01257175426
0.0101318728392
0.0082931355309
0.0061604674358
0.0053907091326
0.0046722396539
0.0039259434695
0.0032434690886
0.0026103350707
0.0018433667613
0.0011037966618
0.00036504273972
-0.00036459285174
-0.00111358162708
-0.00183082923
-0.0025647127722
-0.0033193867296
-0.0040249444652
-0.0047686488444
-0.005490600451
-0.0062764048384
-0.008307265173
-0.0104101217361
-0.0125213493924
-0.014535106522
-0.01656913388
-0.018678198072
-0.020527997556
-0.022874076444
-0.024550063476
-0.026972630592
-0.02850187025
-0.030902134716
-0.033153783782
-0.035424650072
-0.036953175438
-0.039500609801
-0.0415753326
-0.043626373225
-0.046250630296
-0.047925849748
-0.049933900656
-0.051835171806
-0.054390395156
-0.05493223242
-0.057454958778
-0.059317187812
-0.061162622325
dMdH Data
-9.36290080910996E-08
-8.9853594143766E-08
-2.11305598849059E-08
-7.16517454785794E-08
-8.22404699112924E-08
1.15138055222089E-07
-1.38191316879842E-07
4.68272514830127E-08
-1.83389382656738E-07
-1.26409887209024E-08
-1.59277917716205E-07
5.4134886793586E-08
1.11950590633809E-08
-7.02095718489162E-08
7.77984291624203E-08
-9.48116602687142E-08
-3.10980368613794E-08
1.75820877603697E-08
-4.06890353505092E-08
1.18223850126095E-07
2.01403887688985E-07
1.06707865842683E-07
4.62196365381155E-07
3.47786708253359E-07
4.03390441839495E-07
3.08349521548313E-07
2.40631837664479E-07
5.99315942620858E-07
1.68848390058141E-07
3.21330490405117E-07
7.3383295466106E-08
7.90688987741516E-08
2.96610025344015E-07
1.43968765636755E-07
-2.83999857252346E-07
4.50053411999275E-07
2.21722064600795E-07
4.27516914392846E-08
-7.6639232757449E-08
2.36035086526366E-07
2.07435335677045E-07
1.81196755598632E-07
-6.45600190482656E-08
6.65476068986632E-07
3.2703859055363E-09
2.30063188690783E-07
2.30618211946374E-07
1.36224581608782E-07
2.26195476090478E-07
2.95767893537946E-07
2.05179043499158E-07
4.00899550224887E-07
2.26937158633936E-07
4.35954381752701E-07
2.98169816981697E-07
2.67865707434053E-07
1.63938358217905E-07
1.16887794921054E-07
5.85093614978387E-08
-5.64191825220511E-09
2.60822640604384E-08
-9.30483851602823E-08
-1.63670142634545E-07
-8.82829860068365E-09
1.90099009900989E-07
2.63378929685625E-08
-2.21702357387079E-07
-9.42581148377027E-08
8.57776977985735E-09
-1.00450315220654E-07
-9.10891089108926E-08
-2.60269036752343E-07
1.42891421715658E-07
-2.30843026741826E-08
-1.18321527194141E-07
1.32861257801248E-07
-1.31766680654637E-07
1.1069069069069E-07
-1.06594724220623E-07
-1.26589872810168E-08
8.80499369785714E-08
-1.07488140275025E-07
7.5852971157882E-08
5.63253554075948E-08
4.60494716618628E-08
-1.45872054679536E-07
-1.77070828331338E-08
-1.34956813819573E-08
5.87529256436412E-08
1.38942192372271E-07
-5.25778764780023E-08
1.53246597517836E-07
3.71967331251502E-07
3.27475559287472E-07
3.35694136006242E-07
4.30364255890962E-07
3.91863918639187E-07
3.42919889353582E-07
6.039366461952E-07
1.26021913904812E-07
3.9512535292717E-07
5.07933268710781E-07
3.00549048938448E-07
-3.69368449707355E-08
5.81915298466892E-07
3.77905493870195E-07
1.53436939832719E-07
1.07198354235825E-07
3.17011226806707E-07
1.06537983625253E-07
1.982225394236E-07
4.58894455294218E-07
7.34091838124963E-09
2.5663731884675E-07
6.88345094853701E-07
1.12959646107057E-07
2.16738956979764E-07
2.51539185535553E-07
1.93777063416857E-07
2.07297297297297E-07
3.03776299226758E-07
3.0942150744119E-07
2.65033915601177E-07
4.93532129357413E-07
3.61212375584603E-07
4.52511552541559E-07
2.80633929643415E-07
1.29682720566185E-07
2.15248950209958E-07
1.01915915915916E-07
2.18590704647678E-09
5.57019490254873E-08
8.08266842642027E-09
-1.02959961582328E-07
6.90276110444175E-09
9.71880998080616E-08
-8.44796543032053E-09
-1.2621264850594E-07
9.97482316269039E-09
6.34642170989433E-08
7.16614720690482E-09
-4.09258480936656E-08
-4.09258480936656E-08
dMdT Data
0
0
0
0
0
0
0
0
0
0
0
0
0
0
0
0
0
0
0
0
0
0
0
0
0
0
0
0
0
0
0
0
0
0
0
0
0
0
0
0
0
0
0
0
0
0
0
0
0
0
0
0
0
0
0
0
0
0
0
0
0
0
0
0
0
0
0
0
0
0
0
0
0
0
0
0
0
0
0
0
0
0
0
0
0
0
0
0
0
0
0
0
0
0
0
0
0
0
0
0
0
0
0
0
0
0
0
0
0
0
0
0
0
0
0
0
0
0
0
0
0
0
0
0
0
0
0
0
0
0
0
0
0
0
0
0
0
0
0
0
0
0
0
 
*********************************************** Results ***************************************
 
TotalArea -5.8570085811185E-03
AreaFirstQuad 0
AreaSecondQuad 0
AreaThirdQuad 3.21421196946208E-03
AreaFourthQuad -9.07122055058058E-03
Coercivity 0
PositiveCoercivity 0
NegativeCoercivity 0
Retentivity 8.1875542796075E-07
PositiveRetentivity -8.6299336505106E-05
NegativeRetentivity -8.79368473610275E-05
Magnetization 0.000151226
PositiveMagnetization -0.00000883798
NegativeMagnetization -0.000151226
Flatness 106.403071000151
Squareness 5.41411812757562E-03
SStar 0
SFD1 0
SFD2 0
Slope 0
Intercept 0
SlopeAtHc -4.09258480936656E-08
dH1 0
dH2 50.008
InitialSlope -9.36290080910996E-08
FieldAtHalfMs 0
FieldAtMs 399.996
MomentMean -8.7510834965035E-05
MomentRMS 4.62306747718618E-05
SFD3 0
dH3 0
UserField1 0
UserField2 0
CenterField 0
ExchangeField 0
ExchangeMoment 0
ExRegionOneIntercept 0
ExRegionOneSlope 0
ExRegionTwoIntercept 0
ExRegionTwoSlope 0
NegativeIntercept 0
NegativeSlope 0
AutoCenterOffset 0
PinningField 0
PinningMoment 0
PinRegionOneIntercept 0
PinRegionOneSlope 0
PinRegionTwoIntercept 0
PinRegionTwoSlope 0
PositiveIntercept 0
PositiveSlope 0
TotalOffset 0
BHMax 0
BCoercivity 0
BRetentivity 0
BNegativeCoercivity 0
BPositiveCoercivity 0
BNegativeRetentivity 0
BPositiveRetentivity 0
MomentYMean -1.23416566433566E-04
MomentYRMS 1.33370153427494E-06
YOffCorrection 0
Mrt 0
Ms1 0
Ms2 0
Ms3 0
Hc2 0
Hex2 0
HsatValue 0
HsatIntercept 0
HsatSlope 0
CenterH 0
Span .00014238802
SpanAsPercentOfRange -9.49253466666667
RMSAsPercentOfRange -3.08204498479079
SpanAsPercentOfMean -162.709017754077
RMSAsPercentOfMean -52.8285152236672
