Version 1.25
******************************************** Units *******************************************
System CGS
TemperatureUnit K
MomentUnit emu
AppliedFieldUnit G
 
******************************************** Setup ********************************************
 
Experiment CustomField
Minor False
Acquisition PointByPoint
EditedPoint No
MaxField 500
FieldIncrement 16.6666666666667
Points 143
MinField 0
RampRate 500
AverageTime 3
TimeInterval 0
TimeConstant 0.3
TimeConstantIndex 1
Sensitivity -0.0015
SensitivityIndex 5
SensitivityY -4
SensitivityIndexY 0
SaturationField 8000
ExperimentTime 429
Use735Domains False
AutoRangeEnabled False
NumberOfVertices 7
VertexPts
0
27
44
71
98
115
142
VertexField
500
50
-50
-500
-50
50
500
StartAngle 0
EndAngle 0
AngleIncrement 0
StartTemp 0
FinishTemp 0
TempIncrement 0
TempPoints 0
LengthofSetPointsArray 143
SetPointArray
500
483.333333333333
466.666666666667
450
433.333333333333
416.666666666667
400
383.333333333333
366.666666666667
350
333.333333333333
316.666666666666
300
283.333333333333
266.666666666666
250
233.333333333333
216.666666666666
200
183.333333333333
166.666666666666
150
133.333333333333
116.666666666666
99.9999999999998
83.3333333333331
66.6666666666665
50
44.1176470588235
38.2352941176471
32.3529411764706
26.4705882352941
20.5882352941176
14.7058823529412
8.8235294117647
2.94117647058823
-2.94117647058824
-8.82352941176471
-14.7058823529412
-20.5882352941177
-26.4705882352941
-32.3529411764706
-38.2352941176471
-44.1176470588235
-50
-66.6666666666667
-83.3333333333333
-100
-116.666666666667
-133.333333333333
-150
-166.666666666667
-183.333333333333
-200
-216.666666666667
-233.333333333333
-250
-266.666666666667
-283.333333333333
-300
-316.666666666667
-333.333333333333
-350
-366.666666666667
-383.333333333333
-400
-416.666666666667
-433.333333333333
-450
-466.666666666667
-483.333333333334
-500
-483.333333333333
-466.666666666667
-450
-433.333333333333
-416.666666666667
-400
-383.333333333333
-366.666666666667
-350
-333.333333333333
-316.666666666666
-300
-283.333333333333
-266.666666666666
-250
-233.333333333333
-216.666666666666
-200
-183.333333333333
-166.666666666666
-150
-133.333333333333
-116.666666666666
-99.9999999999998
-83.3333333333331
-66.6666666666665
-50
-44.1176470588235
-38.2352941176471
-32.3529411764706
-26.4705882352941
-20.5882352941176
-14.7058823529412
-8.8235294117647
-2.94117647058823
2.94117647058824
8.82352941176471
14.7058823529412
20.5882352941177
26.4705882352941
32.3529411764706
38.2352941176471
44.1176470588235
50
66.6666666666667
83.3333333333333
100
116.666666666667
133.333333333333
150
166.666666666667
183.333333333333
200
216.666666666667
233.333333333333
250
266.666666666667
283.333333333333
300
316.666666666667
333.333333333333
350
366.666666666667
383.333333333333
400
416.666666666667
433.333333333333
450
466.666666666667
483.333333333334
500
FieldDomainFile c:\Ideasvsm\Default UserID\Experiments\Jason_500G\fdomain.ini
TempDomainFile c:\Ideasvsm\Default UserID\Experiments\Jason_500G\tdomain.ini
NumSelectedResults 0
ResultsSelected 
UserName1 
UserValue1 
UserName2 
UserValue2 
LinearBackgroundCorrection Off
MaxLinearFieldCorrection 
MinLinearFieldCorrection 
AutoLinearCorrection Off
FitOneRegion Off
BackgroundMode Off
BackgroundFilename 
AutoCenter Off
OffsetCorrection 
SmoothDeriv Off
DerivOrder 0
DerivPoints 0
MinExFieldOne 
MaxExFieldOne 
MinExFieldTwo 
MaxExFieldTwo 
MinPinFieldOne 
MaxPinFieldOne 
MinPinFieldTwo 
MaxPinFieldTwo 
HCenterStart 
Mass 
Volume 
Density 
MolarWeight 
NumberOfMoles 
Demagnetization 
SampleArea 
Thickness 
MomentScaling 0
XAxis 0
YAxis 0
SimpleSpinValve False
HsatMax 0
HsatMin 0
FieldAutoRange False
 
*************************************************** Experiment Data ********************************************
 
DataPoints 143
MomentX Data
-0.00000860596
-0.00000759494
-0.00000785365
-0.00000793115
-0.00000597823
-0.00000484117
-0.00000426245
-0.00000263273
-0.000000791986
-0.00000136538
-0.00000124012
0.000000971934
-0.000000518135
0.000000124219
0.0000016234
0.00000336291
0.000001718
0.00000356891
0.00000153801
0.00000139207
-0.000000255704
-0.0000026667
-0.00000619999
-0.0000124333
-0.0000187501
-0.000023495
-0.0000304187
-0.0000342202
-0.0000363625
-0.0000370038
-0.0000395545
-0.0000397315
-0.000040417
-0.0000427034
-0.0000446761
-0.0000457949
-0.0000468656
-0.0000477053
-0.0000479652
-0.0000494634
-0.0000495837
-0.0000509014
-0.000049837
-0.0000517705
-0.0000523457
-0.0000559391
-0.0000583886
-0.000059184
-0.0000648014
-0.0000691235
-0.0000704994
-0.0000800139
-0.0000837183
-0.0000898156
-0.0000950155
-0.000102576
-0.000103984
-0.000106023
-0.000108824
-0.000108182
-0.000109659
-0.000109409
-0.000107559
-0.000107197
-0.000106969
-0.000108062
-0.000105161
-0.000106316
-0.000105363
-0.000104924
-0.00010427
-0.000105148
-0.000103258
-0.000106387
-0.000103447
-0.000104269
-0.000105161
-0.000103916
-0.00010574
-0.000105524
-0.000105135
-0.0001079
-0.000105424
-0.00010646
-0.000104965
-0.000106727
-0.00010555
-0.000107819
-0.000106754
-0.000103189
-0.000104536
-0.000102431
-0.000098967
-0.0000967734
-0.0000902043
-0.0000837807
-0.0000764633
-0.0000717469
-0.0000645659
-0.0000612042
-0.0000603464
-0.0000579377
-0.000056634
-0.0000539023
-0.0000525329
-0.0000489592
-0.0000490002
-0.0000469108
-0.0000462517
-0.0000451752
-0.0000423421
-0.0000415109
-0.0000412604
-0.0000384699
-0.0000363504
-0.0000361147
-0.0000333493
-0.0000302623
-0.0000260714
-0.0000224456
-0.0000187046
-0.0000130443
-0.00000820525
-0.00000350963
0.00000264225
0.0000115705
0.000016585
0.0000201855
0.0000248976
0.0000261196
0.0000302157
0.0000296877
0.0000302243
0.0000303966
0.0000302103
0.0000322876
0.0000312979
0.0000279352
0.0000307514
0.0000307754
0.0000275914
0.0000306812
0.0000298018
MomentY Data
-0.000121832
-0.000122595
-0.000121911
-0.000123167
-0.000124439
-0.000122658
-0.000122452
-0.000124931
-0.000122786
-0.000124963
-0.000121975
-0.000123851
-0.00012358
-0.000122627
-0.000122531
-0.000123247
-0.000122436
-0.000126394
-0.000125933
-0.000124709
-0.000122976
-0.000125138
-0.000124439
-0.000125742
-0.000127474
-0.000127204
-0.000125647
-0.000125074
-0.000126314
-0.000126346
-0.000124121
-0.000125488
-0.00012687
-0.000127506
-0.000124915
-0.000124248
-0.000126155
-0.000126584
-0.000124264
-0.000124073
-0.000125599
-0.00012269
-0.000124057
-0.000125249
-0.000125837
-0.000126155
-0.00012366
-0.000123723
-0.000123247
-0.000124582
-0.00012304
-0.000122929
-0.000124296
-0.000125662
-0.000123549
-0.000122881
-0.000127363
-0.000123692
-0.000121784
-0.000123787
-0.000122468
-0.000123374
-0.000124756
-0.00012339
-0.000124693
-0.000123247
-0.000122341
-0.00012358
-0.000125186
-0.000125186
-0.000124836
-0.000125996
-0.000124296
-0.000122674
-0.000123485
-0.000124772
-0.000122658
-0.000123882
-0.00012188
-0.000123533
-0.000122086
-0.000122229
-0.000121705
-0.000122706
-0.000125202
-0.000123596
-0.000124296
-0.000123501
-0.000123453
-0.000125154
-0.000125202
-0.000124995
-0.000123739
-0.000121705
-0.000123199
-0.000121752
-0.000122229
-0.000124296
-0.00012296
-0.000123008
-0.000121625
-0.000122118
-0.000125917
-0.000125329
-0.000126918
-0.000124391
-0.000123088
-0.000124756
-0.000124566
-0.000124232
-0.000123262
-0.000123103
-0.000122738
-0.000123294
-0.000124264
-0.000123755
-0.000124963
-0.000123405
-0.000122706
-0.000123405
-0.000122118
-0.000121927
-0.000123453
-0.000122547
-0.000121291
-0.000121975
-0.00012455
-0.00012269
-0.000122627
-0.000124343
-0.000124153
-0.000125186
-0.000124439
-0.00012304
-0.000124375
-0.000125774
-0.000124995
-0.000123755
-0.000125249
-0.000123803
-0.000123072
-0.000123851
-0.000125376
Field Data
499.988
483.322
466.668
449.996
433.334
416.656
399.984
383.337
366.656
349.998
333.319
316.666
300.005
283.334
266.663
250.001
233.342
216.671
200.001
183.325
166.659
150
133.33
116.667
100.003
83.3056
66.6559
49.982
44.1086
38.2456
32.3375
26.4645
20.5741
14.7016
8.80981
2.95023
-2.95243
-8.83703
-14.7189
-20.5957
-26.4673
-32.3564
-38.236
-44.1271
-50.0035
-66.6702
-83.3494
-100.012
-116.668
-133.35
-150.006
-166.684
-183.327
-200.006
-216.671
-233.34
-250.002
-266.673
-283.346
-300.007
-316.675
-333.334
-350.003
-366.682
-383.347
-400.006
-416.668
-433.336
-450
-466.668
-483.349
-500.016
-483.878
-466.673
-450.005
-433.347
-416.674
-399.992
-383.335
-366.67
-350.003
-333.344
-316.665
-299.992
-283.334
-266.667
-250
-233.346
-216.676
-200.007
-183.333
-166.674
-150.004
-133.332
-116.662
-100.01
-83.3511
-66.6627
-50.0012
-44.1098
-38.2405
-32.3574
-26.4701
-20.5837
-14.7146
-8.82652
-2.94392
2.93079
8.82103
14.7001
20.5777
26.4717
32.3499
38.2329
44.1334
50.0027
66.642
83.3546
99.9996
116.667
133.331
149.998
166.658
183.33
199.99
216.666
233.34
250.007
266.665
283.332
300.006
316.655
333.335
350.002
366.659
383.331
400.01
416.668
433.329
450
466.658
483.337
500.012
Time Data
0
10.39
20.779
31.153
41.528
51.948
62.354
72.728
83.149
93.507
103.944
114.302
124.66
135.066
145.471
155.892
166.25
176.671
187.076
197.482
207.903
218.308
228.666
239.072
249.461
259.851
270.241
280.63
291.051
302.502
312.938
323.343
333.733
344.169
354.59
365.027
375.416
385.791
396.18
406.585
417.022
427.412
437.786
448.222
458.627
469.033
479.438
489.843
500.28
510.701
521.121
531.511
541.932
552.306
562.696
573.101
583.506
593.896
604.317
614.722
625.143
635.579
645.953
656.343
666.764
677.185
687.559
697.98
708.369
718.79
729.227
739.632
750.037
760.427
770.848
781.237
791.658
802.064
812.453
822.859
833.248
843.622
854.043
864.417
874.854
885.259
895.664
906.069
916.459
927.91
938.315
948.705
959.125
969.499
979.889
990.326
1000.73
1011.15
1021.56
1031.96
1042.37
1052.79
1063.19
1073.57
1084
1094.39
1104.8
1115.19
1125.59
1135.97
1146.36
1156.76
1167.18
1177.59
1187.99
1198.4
1208.81
1219.18
1229.58
1240.01
1250.43
1260.82
1271.22
1281.63
1292.06
1302.48
1312.92
1323.33
1333.73
1344.15
1354.57
1365.01
1375.4
1385.8
1396.21
1406.6
1417
1427.41
1437.85
1448.27
1458.67
1469.09
1479.51
Temperature Data
0
0
0
0
0
0
0
0
0
0
0
0
0
0
0
0
0
0
0
0
0
0
0
0
0
0
0
0
0
0
0
0
0
0
0
0
0
0
0
0
0
0
0
0
0
0
0
0
0
0
0
0
0
0
0
0
0
0
0
0
0
0
0
0
0
0
0
0
0
0
0
0
0
0
0
0
0
0
0
0
0
0
0
0
0
0
0
0
0
0
0
0
0
0
0
0
0
0
0
0
0
0
0
0
0
0
0
0
0
0
0
0
0
0
0
0
0
0
0
0
0
0
0
0
0
0
0
0
0
0
0
0
0
0
0
0
0
0
0
0
0
0
0
Angle Data
0
0
0
0
0
0
0
0
0
0
0
0
0
0
0
0
0
0
0
0
0
0
0
0
0
0
0
0
0
0
0
0
0
0
0
0
0
0
0
0
0
0
0
0
0
0
0
0
0
0
0
0
0
0
0
0
0
0
0
0
0
0
0
0
0
0
0
0
0
0
0
0
0
0
0
0
0
0
0
0
0
0
0
0
0
0
0
0
0
0
0
0
0
0
0
0
0
0
0
0
0
0
0
0
0
0
0
0
0
0
0
0
0
0
0
0
0
0
0
0
0
0
0
0
0
0
0
0
0
0
0
0
0
0
0
0
0
0
0
0
0
0
0
Bx Data
0
0
0
0
0
0
0
0
0
0
0
0
0
0
0
0
0
0
0
0
0
0
0
0
0
0
0
0
0
0
0
0
0
0
0
0
0
0
0
0
0
0
0
0
0
0
0
0
0
0
0
0
0
0
0
0
0
0
0
0
0
0
0
0
0
0
0
0
0
0
0
0
0
0
0
0
0
0
0
0
0
0
0
0
0
0
0
0
0
0
0
0
0
0
0
0
0
0
0
0
0
0
0
0
0
0
0
0
0
0
0
0
0
0
0
0
0
0
0
0
0
0
0
0
0
0
0
0
0
0
0
0
0
0
0
0
0
0
0
0
0
0
0
Hint Data
0
0
0
0
0
0
0
0
0
0
0
0
0
0
0
0
0
0
0
0
0
0
0
0
0
0
0
0
0
0
0
0
0
0
0
0
0
0
0
0
0
0
0
0
0
0
0
0
0
0
0
0
0
0
0
0
0
0
0
0
0
0
0
0
0
0
0
0
0
0
0
0
0
0
0
0
0
0
0
0
0
0
0
0
0
0
0
0
0
0
0
0
0
0
0
0
0
0
0
0
0
0
0
0
0
0
0
0
0
0
0
0
0
0
0
0
0
0
0
0
0
0
0
0
0
0
0
0
0
0
0
0
0
0
0
0
0
0
0
0
0
0
0
Torque Data
-0.060914538016
-0.05925286059
-0.056891962548
-0.055424657332
-0.053923649626
-0.051106191648
-0.048978840768
-0.047890674747
-0.045020223616
-0.043736800074
-0.040656585025
-0.039219400766
-0.0370746179
-0.034744398418
-0.032674484053
-0.030811873247
-0.028569461112
-0.027385914374
-0.025186725933
-0.022862277425
-0.020495057184
-0.0187707
-0.01659145187
-0.014669941914
-0.012747782422
-0.0105968055424
-0.0083751138673
-0.006251448668
-0.0055715337004
-0.0048321785776
-0.0040137628375
-0.003320977176
-0.002610236067
-0.0018745422096
-0.00110047741615
-0.00036656017704
0.00037246380665
0.00111862660552
0.0018290293896
0.0025553702861
0.0033242664127
0.003969806716
0.004743443452
0.0055268751479
0.0062922904295
0.008410779081
0.010306986804
0.012373784676
0.014378980996
0.0166130097
0.01845673824
0.020490297436
0.022786812792
0.025133153972
0.026769485379
0.02867305254
0.031841004726
0.032985316716
0.034507009264
0.037136966509
0.0387825539
0.041124748916
0.043664974268
0.04524489198
0.047800687471
0.049299539482
0.050975579788
0.05355166288
0.0563337
0.058420300248
0.060339355764
0.063000015936
0.060144099888
0.057248643602
0.055568867425
0.054069571884
0.051108399492
0.049551808944
0.0467208698
0.04529584511
0.042730466258
0.040744303776
0.038539713825
0.036810818352
0.035473983468
0.032958974532
0.031074
0.028818464346
0.026749302228
0.025031676078
0.022953658266
0.02083341663
0.018561344956
0.01622717106
0.014372641738
0.01217641752
0.0101879216019
0.0082859069592
0.006148147552
0.0054258582784
0.0046510008125
0.0039514209732
0.0033330355817
0.0025797345373
0.0018675476028
0.00109793964932
0.00036236122496
-0.00036563363724
-0.00109880042298
-0.0018262228232
-0.0025364484574
-0.0032587456851
-0.0039705620262
-0.0047138871726
-0.0054841928176
-0.0061880841385
-0.008327784246
-0.010286374413
-0.0122705509176
-0.014397291135
-0.016282115058
-0.018288806146
-0.020574430074
-0.02246654151
-0.02425698709
-0.02642783535
-0.029062497
-0.03067335883
-0.032700328955
-0.035230350876
-0.037246644918
-0.03964077283
-0.041479874065
-0.04306424608
-0.045603213125
-0.048213073194
-0.04999924995
-0.05156474834
-0.054274023921
-0.05571135
-0.057432533376
-0.059861770787
-0.062689504512
dMdH Data
-6.06636265450618E-08
1.5534406148673E-08
4.6485124760076E-09
-1.17208018245109E-07
-6.81772394771556E-08
-3.47120921305182E-08
-9.78987204901785E-08
-1.10349739224267E-07
3.44215392003842E-08
-7.51004256849933E-09
-1.32832162373146E-07
8.94345477462337E-08
-3.85312218823106E-08
-8.99274788554976E-08
-1.04399831952947E-07
9.87400204093884E-08
-1.11025733309339E-07
1.21829634073185E-07
8.75149916047013E-09
9.88703948157926E-08
1.44726334113692E-07
2.11955008998201E-07
3.74080897797515E-07
3.79068650984157E-07
2.84169990537449E-07
4.15845330546496E-07
2.27991051883483E-07
3.64746143630606E-07
1.09380863039399E-07
4.3172932076302E-07
3.01379192916729E-08
1.16375797908462E-07
3.89340144742443E-07
3.34821845313563E-07
1.90935186480942E-07
1.81392795790373E-07
1.42694490704551E-07
4.41866277221361E-08
2.54934658317451E-07
2.04884528918863E-08
2.23752356047614E-07
-1.81032723314512E-07
3.28206956256048E-07
9.78830576543463E-08
2.15603568792862E-07
1.46859561609669E-07
4.77356474979897E-08
3.37259846301633E-07
2.59087639371778E-07
8.26068683957734E-08
5.7048207219091E-07
2.2258006369044E-07
3.65567480064752E-07
3.12025202520253E-07
4.53566500689903E-07
8.45036610250868E-08
1.22308199868034E-07
1.67996161458646E-07
-3.85331012544264E-08
8.86129109671226E-08
-1.50069031754611E-08
-1.10984462175295E-07
-2.17039390850775E-08
-1.36813681368136E-08
6.56101806831141E-08
-1.74108750450125E-07
6.92944564434844E-08
-5.71891502640424E-08
-2.63378929685625E-08
-3.92062825969665E-08
5.26789464210715E-08
1.17114884124426E-07
-1.81865736704446E-07
1.76385889128869E-07
-4.93456597430663E-08
-5.34996701253526E-08
7.4631339167966E-08
-1.09503512036981E-07
1.29612961296129E-08
2.33395332093357E-08
-1.65976349120595E-07
1.484501468913E-07
-6.21363881724941E-08
8.97466682674989E-08
-1.05717885642287E-07
7.06185876282471E-08
-1.36243545094272E-07
6.38872225554891E-08
2.13870058191853E-07
-8.07844548398704E-08
1.2635812473738E-07
2.07798440311937E-07
1.31573896353167E-07
3.94067186562688E-07
3.85755464809032E-07
4.39248689889488E-07
2.82615469427866E-07
4.30993608018486E-07
5.70611399667311E-07
1.46150307532415E-07
4.09427002770649E-07
2.21442766633261E-07
4.64069720032618E-07
2.33323678247091E-07
6.06938085080366E-07
-6.96970727229487E-09
3.55660109179858E-07
1.11896968544575E-07
1.83107192123925E-07
4.820164693072E-07
1.41024770953512E-07
4.26150862508932E-08
4.74332823389427E-07
3.59206846877384E-07
4.01581108479708E-08
1.66196895302086E-07
1.84710936658569E-07
2.51781315710424E-07
2.17538428309154E-07
2.24495919347096E-07
3.39611207775844E-07
2.90459183673469E-07
2.8164707293666E-07
3.69260504201681E-07
5.35395178699928E-07
3.00737675422814E-07
2.1602567948641E-07
2.82873094008884E-07
7.33185336293275E-08
2.45657910519372E-07
-3.17136164334194E-08
3.21702637889689E-08
1.0337793244135E-08
-1.11844870024614E-08
1.24598128598848E-07
-5.93380898135382E-08
-2.01866970824829E-07
1.69029470019807E-07
1.4396256973186E-09
-1.91139392484091E-07
1.85250914323401E-07
-5.27376311844078E-08
-5.27376311844078E-08
dMdT Data
0
0
0
0
0
0
0
0
0
0
0
0
0
0
0
0
0
0
0
0
0
0
0
0
0
0
0
0
0
0
0
0
0
0
0
0
0
0
0
0
0
0
0
0
0
0
0
0
0
0
0
0
0
0
0
0
0
0
0
0
0
0
0
0
0
0
0
0
0
0
0
0
0
0
0
0
0
0
0
0
0
0
0
0
0
0
0
0
0
0
0
0
0
0
0
0
0
0
0
0
0
0
0
0
0
0
0
0
0
0
0
0
0
0
0
0
0
0
0
0
0
0
0
0
0
0
0
0
0
0
0
0
0
0
0
0
0
0
0
0
0
0
0
 
*********************************************** Results ***************************************
 
TotalArea -0.003862306360319
AreaFirstQuad -7.75398533532274E-03
AreaSecondQuad 0
AreaThirdQuad 3.6031903343606E-03
AreaFourthQuad 2.88488640643145E-04
Coercivity 9.09227667528785
PositiveCoercivity 305.798454689011
NegativeCoercivity 323.983008039587
Retentivity 8.115573117293E-07
PositiveRetentivity -4.63300504679246E-05
NegativeRetentivity -4.79531650913832E-05
Magnetization 0.0000709733
PositiveMagnetization 0.0000322876
NegativeMagnetization -0.000109659
Flatness 59.427626936062
Squareness 1.14346847579202E-02
SStar 1.67195982697999
SFD1 1.33597991349
SFD2 4.58229566564317
Slope 0
Intercept 0
SlopeAtHc -1.32832162373146E-07
dH1 -3.05482233079033
dH2 41.6635
InitialSlope -6.06636265450618E-08
FieldAtHalfMs 0
FieldAtMs 383.331
MomentMean -4.64356284755245E-05
MomentRMS 4.64862517470394E-05
SFD3 1.67195982697999
dH3 -6.1096446615806
UserField1 0
UserField2 0
CenterField 0
ExchangeField 0
ExchangeMoment 0
ExRegionOneIntercept 0
ExRegionOneSlope 0
ExRegionTwoIntercept 0
ExRegionTwoSlope 0
NegativeIntercept 0
NegativeSlope 0
AutoCenterOffset 0
PinningField 0
PinningMoment 0
PinRegionOneIntercept 0
PinRegionOneSlope 0
PinRegionTwoIntercept 0
PinRegionTwoSlope 0
PositiveIntercept 0
PositiveSlope 0
TotalOffset 0
BHMax 0
BCoercivity 0
BRetentivity 0
BNegativeCoercivity 0
BPositiveCoercivity 0
BNegativeRetentivity 0
BPositiveRetentivity 0
MomentYMean -1.2397934965035E-04
MomentYRMS 1.41769966554007E-06
YOffCorrection 0
Mrt 0
Ms1 0
Ms2 0
Ms3 0
Hc2 0
Hex2 0
HsatValue 0
HsatIntercept 0
HsatSlope 0
CenterH 0
Span .0001419466
SpanAsPercentOfRange -9.46310666666666
RMSAsPercentOfRange -3.09908344980263
SpanAsPercentOfMean -305.684675022366
RMSAsPercentOfMean -100.109018168111
