Version 1.25
******************************************** Units *******************************************
System CGS
TemperatureUnit K
MomentUnit emu
AppliedFieldUnit G
 
******************************************** Setup ********************************************
 
Experiment CustomField
Minor False
Acquisition PointByPoint
EditedPoint No
MaxField 15000
FieldIncrement 750
Points 101
MinField 0
RampRate 10
AverageTime 6
TimeInterval 10
TimeConstant 1
TimeConstantIndex 2
Sensitivity -0.0015
SensitivityIndex 5
SensitivityY -4
SensitivityIndexY 0
SaturationField 8000
ExperimentTime 606
Use735Domains False
AutoRangeEnabled False
NumberOfVertices 11
VertexPts
0
10
15
35
40
50
60
65
85
90
100
VertexField
15000
2000
500
-500
-2000
-15000
-2000
-500
500
2000
15000
StartAngle 0
EndAngle 0
AngleIncrement 0
StartTemp 0
FinishTemp 0
TempIncrement 0
TempPoints 0
LengthofSetPointsArray 101
SetPointArray
15000
13700
12400
11100
9800
8500
7200
5900
4600
3300
2000
1700
1400
1100
800
500
450
400
350
300
250
200
150
100
50
0
-50
-100
-150
-200
-250
-300
-350
-400
-450
-500
-800
-1100
-1400
-1700
-2000
-3300
-4600
-5900
-7200
-8500
-9800
-11100
-12400
-13700
-15000
-13700
-12400
-11100
-9800
-8500
-7200
-5900
-4600
-3300
-2000
-1700
-1400
-1100
-800
-500
-450
-400
-350
-300
-250
-200
-150
-100
-50
0
50
100
150
200
250
300
350
400
450
500
800
1100
1400
1700
2000
3300
4600
5900
7200
8500
9800
11100
12400
13700
15000
FieldDomainFile c:\Ideasvsm\Default UserID\Experiments\Jason_1p5T_cus\fdomain.ini
TempDomainFile c:\Ideasvsm\Default UserID\Experiments\Jason_1p5T_cus\tdomain.ini
NumSelectedResults 0
ResultsSelected 
UserName1 
UserValue1 
UserName2 
UserValue2 
LinearBackgroundCorrection Off
MaxLinearFieldCorrection 
MinLinearFieldCorrection 
AutoLinearCorrection Off
FitOneRegion Off
BackgroundMode Off
BackgroundFilename 
AutoCenter Off
OffsetCorrection 
SmoothDeriv Off
DerivOrder 0
DerivPoints 0
MinExFieldOne 
MaxExFieldOne 
MinExFieldTwo 
MaxExFieldTwo 
MinPinFieldOne 
MaxPinFieldOne 
MinPinFieldTwo 
MaxPinFieldTwo 
HCenterStart 
Mass 
Volume 
Density 
MolarWeight 
NumberOfMoles 
Demagnetization 
SampleArea 
Thickness 
MomentScaling 0
XAxis 0
YAxis 0
SimpleSpinValve False
HsatMax 0
HsatMin 0
FieldAutoRange True
 
*************************************************** Experiment Data ********************************************
 
DataPoints 101
MomentX Data
-0.000194813
-0.000151077
-0.000101698
-0.0000552916
-0.0000139383
0.0000350931
0.0000823283
0.000125519
0.000156611
0.000185552
0.0002023
0.000206168
0.000209373
0.000211076
0.00021626
0.000216127
0.000219039
0.000217336
0.00021743
0.000217694
0.000217403
0.000220424
0.000217729
0.000218458
0.000219746
0.000216411
0.000214918
0.000213088
0.000211954
0.000211461
0.000209975
0.000211606
0.000211597
0.000212526
0.000211549
0.000210041
0.000214081
0.00021712
0.000220465
0.000225228
0.000227835
0.000246998
0.000263591
0.000298079
0.000345108
0.000394945
0.000438021
0.000486903
0.000534973
0.000582402
0.000627594
0.000581314
0.000535773
0.000487272
0.000440926
0.000392985
0.0003493
0.000302563
0.000268669
0.000241828
0.000224137
0.0002223
0.000221139
0.000214483
0.000215365
0.00021279
0.000209961
0.000210822
0.00021087
0.00021067
0.000211691
0.000208972
0.000211047
0.000211643
0.000210365
0.000212132
0.000213761
0.000215587
0.000216771
0.000217026
0.000218501
0.000218172
0.000218145
0.000217606
0.00021674
0.00021763
0.000216261
0.000211697
0.000207552
0.00020551
0.000200444
0.000176617
0.000157101
0.000118958
0.0000785384
0.0000395143
-0.00000553875
-0.0000546828
-0.000104523
-0.000147707
-0.000196271
MomentY Data
-0.000115967
-0.000119003
-0.000119607
-0.000117008
-0.000116642
-0.000117556
-0.000118359
-0.000116372
-0.000115561
-0.000116014
-0.000118399
-0.00011882
-0.000119249
-0.000118685
-0.000116579
-0.000119336
-0.000117469
-0.000119209
-0.000117548
-0.000118264
-0.000117842
-0.000118001
-0.000120568
-0.000119686
-0.00012277
-0.000121427
-0.00012091
-0.00012188
-0.000121506
-0.000118907
-0.000119623
-0.000121029
-0.000121307
-0.000121593
-0.000120521
-0.000120886
-0.000121435
-0.000122444
-0.000122396
-0.000123032
-0.000122738
-0.000118899
-0.000120552
-0.000119305
-0.00011816
-0.000120576
-0.000120378
-0.00011994
-0.00011797
-0.000119599
-0.000120616
-0.000121284
-0.000119638
-0.000120449
-0.0001206
-0.000119909
-0.000120608
-0.000119861
-0.000120648
-0.000120258
-0.000121514
-0.000121204
-0.000122007
-0.000121808
-0.000121466
-0.000122388
-0.00012211
-0.000121204
-0.000120934
-0.000121482
-0.000123652
-0.000123405
-0.000123811
-0.000124629
-0.000122261
-0.000121784
-0.000122388
-0.000122182
-0.000122921
-0.000124836
-0.000123231
-0.000124518
-0.000126918
-0.000125106
-0.000124105
-0.000123906
-0.00012308
-0.000122531
-0.000122269
-0.000122388
-0.000123668
-0.000121212
-0.00012118
-0.000120529
-0.000120759
-0.000119352
-0.000121442
-0.000120799
-0.000119074
-0.00012029
-0.000122786
Field Data
15000
13700
12400
11100
9799.99
8499.98
7199.95
5899.96
4599.97
3299.96
1999.96
1699.98
1399.98
1099.98
799.979
499.98
449.988
399.988
349.993
299.99
249.992
199.993
149.994
99.9896
49.9941
-0.00288132
-50.0091
-100.001
-150.001
-200.009
-250.003
-300.008
-350.006
-400.002
-450.005
-500.009
-800.011
-1100.02
-1400.01
-1700.02
-2000.02
-3300.04
-4600.06
-5900.07
-7200.06
-8500.04
-9800.03
-11100
-12400
-13700
-15000
-13700
-12400
-11100
-9799.98
-8499.97
-7199.96
-5899.96
-4599.97
-3299.99
-1999.96
-1699.98
-1399.97
-1099.98
-799.98
-499.978
-449.991
-399.99
-349.997
-299.995
-249.989
-199.99
-149.994
-99.9942
-49.9931
0.0104446
50.0054
100.005
150.006
200.002
250.007
300.006
350.01
400.006
450.005
500.002
800.012
1100.01
1400.02
1700.02
2000.02
3300.04
4600.06
5900.06
7200.08
8500.05
9800.03
11100
12400
13700
15000
Time Data
0
14.539
30.108
44.694
59.296
73.866
88.406
102.976
117.547
133.116
147.67
161.18
174.737
188.293
201.787
215.312
228.885
242.441
256.996
270.537
284.062
297.603
311.159
324.685
338.226
351.735
365.276
378.786
392.311
405.836
419.362
432.871
447.426
462.012
476.536
490.03
503.602
517.128
530.684
545.223
558.764
574.318
589.902
604.457
618.981
633.536
648.122
662.661
677.169
691.724
707.277
721.863
736.387
750.957
765.512
780.083
794.607
809.146
823.716
839.301
853.887
867.428
880.984
894.463
907.957
921.513
935.007
948.564
964.07
977.627
991.137
1004.69
1018.27
1031.78
1045.32
1058.87
1073.41
1086.92
1100.43
1113.97
1127.53
1141.05
1155.64
1170.21
1183.77
1197.29
1210.85
1225.42
1238.96
1252.5
1266.01
1280.61
1296.2
1311.8
1326.35
1340.91
1355.48
1370.06
1384.65
1399.24
1413.78
Temperature Data
0
0
0
0
0
0
0
0
0
0
0
0
0
0
0
0
0
0
0
0
0
0
0
0
0
0
0
0
0
0
0
0
0
0
0
0
0
0
0
0
0
0
0
0
0
0
0
0
0
0
0
0
0
0
0
0
0
0
0
0
0
0
0
0
0
0
0
0
0
0
0
0
0
0
0
0
0
0
0
0
0
0
0
0
0
0
0
0
0
0
0
0
0
0
0
0
0
0
0
0
0
Angle Data
0
0
0
0
0
0
0
0
0
0
0
0
0
0
0
0
0
0
0
0
0
0
0
0
0
0
0
0
0
0
0
0
0
0
0
0
0
0
0
0
0
0
0
0
0
0
0
0
0
0
0
0
0
0
0
0
0
0
0
0
0
0
0
0
0
0
0
0
0
0
0
0
0
0
0
0
0
0
0
0
0
0
0
0
0
0
0
0
0
0
0
0
0
0
0
0
0
0
0
0
0
Bx Data
0
0
0
0
0
0
0
0
0
0
0
0
0
0
0
0
0
0
0
0
0
0
0
0
0
0
0
0
0
0
0
0
0
0
0
0
0
0
0
0
0
0
0
0
0
0
0
0
0
0
0
0
0
0
0
0
0
0
0
0
0
0
0
0
0
0
0
0
0
0
0
0
0
0
0
0
0
0
0
0
0
0
0
0
0
0
0
0
0
0
0
0
0
0
0
0
0
0
0
0
0
Hint Data
0
0
0
0
0
0
0
0
0
0
0
0
0
0
0
0
0
0
0
0
0
0
0
0
0
0
0
0
0
0
0
0
0
0
0
0
0
0
0
0
0
0
0
0
0
0
0
0
0
0
0
0
0
0
0
0
0
0
0
0
0
0
0
0
0
0
0
0
0
0
0
0
0
0
0
0
0
0
0
0
0
0
0
0
0
0
0
0
0
0
0
0
0
0
0
0
0
0
0
0
0
Torque Data
-1.739505
-1.6303411
-1.4831268
-1.2987888
-1.14309043358
-0.99922364888
-0.85217888205
-0.68659014512
-0.53157713317
-0.38284155944
-0.23679326404
-0.2019916236
-0.16694621502
-0.1305511263
-0.093260751841
-0.05966561328
-0.052859640372
-0.047682169492
-0.041140977164
-0.03547801736
-0.029459557264
-0.023599373993
-0.018084476592
-0.0119673552656
-0.006137775657
3.4987004364E-07
0.006046600281
0.01218812188
0.018226021506
0.023782470163
0.029906108869
0.036309668232
0.042458177842
0.048637443186
0.054235052605
0.060444087974
0.097149335785
0.13469084888
0.17135562396
0.20915686064
0.24547845476
0.39237145596
0.55454643312
0.70390785135
0.8507590896
1.02490082304
1.17970801134
1.331334
1.462828
1.6385063
1.80924
1.6615908
1.4835112
1.3369839
1.181877588
1.01922290273
0.86837277568
0.70717510556
0.55497718056
0.39685019742
0.24302313944
0.20604437592
0.17080613979
0.13398636384
0.09717037068
0.061191307464
0.05494840101
0.04848038796
0.042326537198
0.03644399259
0.030911639828
0.02467976595
0.018570907134
0.0124621771518
0.0061122063991
-1.2719851664E-06
-0.0061200608952
-0.01221881091
-0.018438887526
-0.024967449672
-0.030808612617
-0.037356147108
-0.04442256918
-0.050043150636
-0.055847870525
-0.061953247812
-0.09846547696
-0.13478532531
-0.17117904538
-0.20806204776
-0.24733847336
-0.40000444848
-0.5574352708
-0.71112833174
-0.86947446072
-1.0144979676
-1.19013524326
-1.3408689
-1.4765176
-1.647973
-1.84179
dMdH Data
-3.36430769230769E-08
-3.79838461538462E-08
-3.56972307692308E-08
-3.18099860770302E-08
-3.7716171414066E-08
-3.63339307554441E-08
-3.32238709528535E-08
-2.39171070546697E-08
-2.22621364451043E-08
-1.28830769230769E-08
-1.28941929461964E-08
-1.06833333333333E-08
-5.67666666666669E-09
-1.72799424001919E-08
4.4333481111597E-10
-5.82493198911823E-08
3.40600000000001E-08
-1.88018801880221E-09
-5.27968321900651E-09
5.82023280931239E-09
-6.04212084241684E-08
5.39010780215602E-08
-1.45787170728973E-08
-2.57623186086749E-08
6.67040271622539E-08
2.98562866661449E-08
3.6605930160686E-08
2.26799999999999E-08
9.85842265237583E-09
2.97235668280195E-08
-3.26167383261676E-08
1.80007200288135E-10
-1.85814865189213E-08
1.95388276703395E-08
3.01575873930085E-08
-1.34665768894874E-08
-1.01296961091168E-08
-1.1150371679056E-08
-1.58761374620846E-08
-8.68999999999995E-09
-1.4740542453193E-08
-1.27636497900032E-08
-2.65290266997946E-08
-3.6176432126401E-08
-3.83367436422099E-08
-3.31356395049193E-08
-3.76024062093741E-08
-3.69769230769231E-08
-3.64838461538461E-08
-3.47630769230769E-08
-0.0000000356
-3.50315384615384E-08
-3.73084615384615E-08
-3.56502207658344E-08
-3.68774086353182E-08
-3.36035876647103E-08
-3.59515384615384E-08
-2.60725082500634E-08
-2.06472407267804E-08
-1.36081475042884E-08
-6.12374158277219E-09
-3.8698710042999E-09
-2.21874062468748E-08
2.93999999999994E-09
-8.58327611149257E-09
-5.65947146258029E-08
1.7219655606888E-08
9.60134418818571E-10
-3.99984000639984E-09
2.04175498940128E-08
-5.43810876217521E-08
4.15033202656209E-08
1.19200476801908E-08
-2.55594376923704E-08
3.53374948543145E-08
3.25832873930318E-08
3.65202921623372E-08
2.36795264094717E-08
5.10040803264268E-09
2.94970502949704E-08
-6.58013160263158E-09
-5.39956803456094E-10
-1.07808624689976E-08
-1.73203464069282E-08
1.78010680640838E-08
-4.56318122729236E-09
-1.52134347562317E-08
-1.38162061264624E-08
-6.80666666666668E-09
-1.68866666666667E-08
-1.83281795664682E-08
-1.5012076737281E-08
-2.93407692307692E-08
-3.10915216688974E-08
-3.0019231213028E-08
-3.46567254880844E-08
-3.78039877843335E-08
-3.83386153846154E-08
-3.32184615384615E-08
-3.73569230769231E-08
-3.73569230769231E-08
dMdT Data
0
0
0
0
0
0
0
0
0
0
0
0
0
0
0
0
0
0
0
0
0
0
0
0
0
0
0
0
0
0
0
0
0
0
0
0
0
0
0
0
0
0
0
0
0
0
0
0
0
0
0
0
0
0
0
0
0
0
0
0
0
0
0
0
0
0
0
0
0
0
0
0
0
0
0
0
0
0
0
0
0
0
0
0
0
0
0
0
0
0
0
0
0
0
0
0
0
0
0
0
0
 
*********************************************** Results ***************************************
 
TotalArea 9.97542810203288E-03
AreaFirstQuad 2.74855512402072E-02
AreaSecondQuad -8.17000185189772E-03
AreaThirdQuad 0
AreaFourthQuad -9.34012128627816E-03
Coercivity 104.890096994741
PositiveCoercivity 9640.21253536664
NegativeCoercivity 9430.43234137716
Retentivity 2.13978064082316E-06
PositiveRetentivity 2.16411192195648E-04
NegativeRetentivity 2.12131630914001E-04
Magnetization 0.0004119325
PositiveMagnetization 0.000627594
NegativeMagnetization -0.000196271
Flatness -98.9489975130686
Squareness 5.19449337166443E-03
SStar 1.54088777548482
SFD1 1.27044388774242
SFD2 1.90667570848016
Slope 0
Intercept 0
SlopeAtHc -3.7716171414066E-08
dH1 -28.366885616937
dH2 199.9914
InitialSlope -3.36430769230769E-08
FieldAtHalfMs 0
FieldAtMs -15000
MomentMean 2.10353897524752E-04
MomentRMS 1.48025164159076E-04
SFD3 1.54088777548484
dH3 -56.733771233874
UserField1 0
UserField2 0
CenterField 0
ExchangeField 0
ExchangeMoment 0
ExRegionOneIntercept 0
ExRegionOneSlope 0
ExRegionTwoIntercept 0
ExRegionTwoSlope 0
NegativeIntercept 0
NegativeSlope 0
AutoCenterOffset 0
PinningField 0
PinningMoment 0
PinRegionOneIntercept 0
PinRegionOneSlope 0
PinRegionTwoIntercept 0
PinRegionTwoSlope 0
PositiveIntercept 0
PositiveSlope 0
TotalOffset 0
BHMax 0
BCoercivity 0
BRetentivity 0
BNegativeCoercivity 0
BPositiveCoercivity 0
BNegativeRetentivity 0
BPositiveRetentivity 0
MomentYMean -1.20718089108911E-04
MomentYRMS 2.20640834434159E-06
YOffCorrection 0
Mrt 0
Ms1 0
Ms2 0
Ms3 0
Hc2 0
Hex2 0
HsatValue 0
HsatIntercept 0
HsatSlope 0
CenterH 0
Span .000823865
SpanAsPercentOfRange -54.9243333333333
RMSAsPercentOfRange -9.86834427727174
SpanAsPercentOfMean 391.656636598832
RMSAsPercentOfMean 70.3695847335835
