Version 1.25
******************************************** Units *******************************************
System CGS
TemperatureUnit K
MomentUnit emu
AppliedFieldUnit G
 
******************************************** Setup ********************************************
 
Experiment CustomField
Minor False
Acquisition PointByPoint
EditedPoint No
MaxField 500
FieldIncrement 16.6666666666667
Points 143
MinField 0
RampRate 500
AverageTime 3
TimeInterval 0
TimeConstant 0.3
TimeConstantIndex 1
Sensitivity -0.0015
SensitivityIndex 5
SensitivityY -4
SensitivityIndexY 0
SaturationField 8000
ExperimentTime 429
Use735Domains False
AutoRangeEnabled False
NumberOfVertices 7
VertexPts
0
27
44
71
98
115
142
VertexField
500
50
-50
-500
-50
50
500
StartAngle 0
EndAngle 0
AngleIncrement 0
StartTemp 0
FinishTemp 0
TempIncrement 0
TempPoints 0
LengthofSetPointsArray 143
SetPointArray
500
483.333333333333
466.666666666667
450
433.333333333333
416.666666666667
400
383.333333333333
366.666666666667
350
333.333333333333
316.666666666666
300
283.333333333333
266.666666666666
250
233.333333333333
216.666666666666
200
183.333333333333
166.666666666666
150
133.333333333333
116.666666666666
99.9999999999998
83.3333333333331
66.6666666666665
50
44.1176470588235
38.2352941176471
32.3529411764706
26.4705882352941
20.5882352941176
14.7058823529412
8.8235294117647
2.94117647058823
-2.94117647058824
-8.82352941176471
-14.7058823529412
-20.5882352941177
-26.4705882352941
-32.3529411764706
-38.2352941176471
-44.1176470588235
-50
-66.6666666666667
-83.3333333333333
-100
-116.666666666667
-133.333333333333
-150
-166.666666666667
-183.333333333333
-200
-216.666666666667
-233.333333333333
-250
-266.666666666667
-283.333333333333
-300
-316.666666666667
-333.333333333333
-350
-366.666666666667
-383.333333333333
-400
-416.666666666667
-433.333333333333
-450
-466.666666666667
-483.333333333334
-500
-483.333333333333
-466.666666666667
-450
-433.333333333333
-416.666666666667
-400
-383.333333333333
-366.666666666667
-350
-333.333333333333
-316.666666666666
-300
-283.333333333333
-266.666666666666
-250
-233.333333333333
-216.666666666666
-200
-183.333333333333
-166.666666666666
-150
-133.333333333333
-116.666666666666
-99.9999999999998
-83.3333333333331
-66.6666666666665
-50
-44.1176470588235
-38.2352941176471
-32.3529411764706
-26.4705882352941
-20.5882352941176
-14.7058823529412
-8.8235294117647
-2.94117647058823
2.94117647058824
8.82352941176471
14.7058823529412
20.5882352941177
26.4705882352941
32.3529411764706
38.2352941176471
44.1176470588235
50
66.6666666666667
83.3333333333333
100
116.666666666667
133.333333333333
150
166.666666666667
183.333333333333
200
216.666666666667
233.333333333333
250
266.666666666667
283.333333333333
300
316.666666666667
333.333333333333
350
366.666666666667
383.333333333333
400
416.666666666667
433.333333333333
450
466.666666666667
483.333333333334
500
FieldDomainFile c:\Ideasvsm\Default UserID\Experiments\Jason_500G\fdomain.ini
TempDomainFile c:\Ideasvsm\Default UserID\Experiments\Jason_500G\tdomain.ini
NumSelectedResults 0
ResultsSelected 
UserName1 
UserValue1 
UserName2 
UserValue2 
LinearBackgroundCorrection Off
MaxLinearFieldCorrection 
MinLinearFieldCorrection 
AutoLinearCorrection Off
FitOneRegion Off
BackgroundMode Off
BackgroundFilename 
AutoCenter Off
OffsetCorrection 
SmoothDeriv Off
DerivOrder 0
DerivPoints 0
MinExFieldOne 
MaxExFieldOne 
MinExFieldTwo 
MaxExFieldTwo 
MinPinFieldOne 
MaxPinFieldOne 
MinPinFieldTwo 
MaxPinFieldTwo 
HCenterStart 
Mass 
Volume 
Density 
MolarWeight 
NumberOfMoles 
Demagnetization 
SampleArea 
Thickness 
MomentScaling 0
XAxis 0
YAxis 0
SimpleSpinValve False
HsatMax 0
HsatMin 0
FieldAutoRange False
 
*************************************************** Experiment Data ********************************************
 
DataPoints 143
MomentX Data
0.000214766
0.0002161
0.000215036
0.000216753
0.000216927
0.000218244
0.000217596
0.00021731
0.000217445
0.000217618
0.000218021
0.000217226
0.000219257
0.000219161
0.000216776
0.000217464
0.000217041
0.000216578
0.000217846
0.000216857
0.000218277
0.000216273
0.000219712
0.000218449
0.000218479
0.000218838
0.000217701
0.000218015
0.000215327
0.000218755
0.000216316
0.000217217
0.000215859
0.000218301
0.000216451
0.000217787
0.000213932
0.000218935
0.000214812
0.000216346
0.00021576
0.00021695
0.000217154
0.000217684
0.000217794
0.000215311
0.000214448
0.00021195
0.000211359
0.00021205
0.000211777
0.000211614
0.000211743
0.000209316
0.000211216
0.000210304
0.000210274
0.00021157
0.00021137
0.000209626
0.000209176
0.000210348
0.000211036
0.00021043
0.000212161
0.000210694
0.000209385
0.000211011
0.000211703
0.000210819
0.000211063
0.000212744
0.000212111
0.000211979
0.000213807
0.000210945
0.000212431
0.000212165
0.000210659
0.000211288
0.000208705
0.000210974
0.000211691
0.000208822
0.000211952
0.000210155
0.000210729
0.000209425
0.000210896
0.000211104
0.000209264
0.000208685
0.000211491
0.000209488
0.000211236
0.000209059
0.000209959
0.000209872
0.000209363
0.000209276
0.000209575
0.000210613
0.000209722
0.000210673
0.000210856
0.000209677
0.000207654
0.00021128
0.000210765
0.000209977
0.000209976
0.000211168
0.000211938
0.000213796
0.000211739
0.000214015
0.000214979
0.000215552
0.000214333
0.000215751
0.000215574
0.000217057
0.000218081
0.000216098
0.000215888
0.000216906
0.000217452
0.000216635
0.000216392
0.000216541
0.000214842
0.000217349
0.000216515
0.000215696
0.000219185
0.000215386
0.000216423
0.000216533
0.000215501
0.000214209
0.000215052
0.000214681
0.000215834
MomentY Data
-0.000120894
-0.000122293
-0.000119972
-0.000120608
-0.000120242
-0.000121005
-0.000122722
-0.000120942
-0.000121546
-0.000121943
-0.000122627
-0.000123405
-0.000120799
-0.000123183
-0.000121927
-0.000122277
-0.000122484
-0.000122865
-0.000121641
-0.000121832
-0.00012037
-0.000122817
-0.000123326
-0.000124121
-0.000123517
-0.000124089
-0.000124248
-0.000122913
-0.000122182
-0.000120989
-0.000121895
-0.000121291
-0.000122023
-0.000123421
-0.000123215
-0.000122166
-0.000120242
-0.000121053
-0.000120862
-0.000121339
-0.000124248
-0.000122738
-0.000123628
-0.000121117
-0.000122658
-0.00012118
-0.00012296
-0.000123167
-0.000123215
-0.000123167
-0.000123501
-0.000121943
-0.000122388
-0.000123676
-0.000124375
-0.000123088
-0.000123056
-0.000123612
-0.000123978
-0.000124296
-0.000124788
-0.000123596
-0.000125376
-0.000124168
-0.000123501
-0.00012366
-0.00012331
-0.000124343
-0.000123628
-0.00012393
-0.000122182
-0.000123549
-0.000123437
-0.000123517
-0.000124025
-0.000122499
-0.000123835
-0.00012482
-0.000124248
-0.000123803
-0.000121705
-0.00012277
-0.000123088
-0.000124645
-0.000124486
-0.000122754
-0.000123374
-0.000123517
-0.000123215
-0.000122643
-0.000123628
-0.000122674
-0.000123326
-0.000123612
-0.000125058
-0.000123835
-0.000124931
-0.00012455
-0.000123119
-0.000122849
-0.000123024
-0.000122849
-0.000123215
-0.000123072
-0.000123994
-0.000123008
-0.00012153
-0.000122388
-0.000121705
-0.000119591
-0.000121593
-0.000120672
-0.000121482
-0.000121593
-0.000121657
-0.000121721
-0.000121355
-0.000122531
-0.000119479
-0.000119988
-0.000118605
-0.000121276
-0.00011994
-0.000120529
-0.000119845
-0.000120989
-0.000120513
-0.000120322
-0.000119114
-0.000118764
-0.000120195
-0.000118589
-0.000118176
-0.000116698
-0.000120099
-0.000117779
-0.000117318
-0.000120131
-0.000118923
-0.000119098
-0.000118574
-0.000118351
-0.000119511
Field Data
500
483.321
466.673
449.991
433.332
416.55
400.013
383.323
366.668
349.99
333.335
316.667
299.987
283.332
266.661
250.001
233.324
216.671
199.992
183.335
166.657
149.997
133.33
116.657
99.9922
83.3386
66.6438
49.9978
44.1092
38.2416
32.3398
26.4686
20.575
14.7023
8.81006
2.92754
-2.94993
-8.82652
-14.7029
-20.5947
-26.4681
-32.3652
-38.2212
-44.1276
-50.0047
-66.6812
-83.3509
-100.008
-116.662
-133.347
-150.014
-166.676
-183.354
-200.006
-216.684
-233.34
-250.005
-266.675
-283.331
-299.999
-316.675
-333.332
-350.02
-366.662
-383.346
-400.008
-416.679
-433.335
-450.022
-466.663
-483.34
-500.007
-483.343
-466.679
-449.997
-433.335
-416.67
-400.005
-383.341
-366.655
-350.006
-333.343
-316.667
-299.997
-283.347
-266.66
-250.009
-233.351
-216.676
-200.009
-183.344
-166.677
-150.01
-133.337
-116.677
-100.004
-83.3449
-66.6612
-50.0067
-44.1133
-38.238
-32.3572
-26.4648
-20.5932
-14.7051
-8.81601
-2.93942
2.94425
8.82278
14.7018
20.5834
26.4903
32.3593
38.2301
44.124
49.9952
66.6505
83.3343
99.9986
116.663
133.337
149.989
166.674
183.336
199.998
216.666
233.323
250.016
266.657
283.335
300.002
316.665
333.346
350.004
366.675
383.329
399.998
416.649
433.316
450.002
466.668
483.337
499.989
Time Data
0
10.374
20.748
31.138
41.527
49.983
60.372
70.762
81.136
91.557
101.993
112.383
122.788
133.178
143.568
153.973
164.378
174.799
185.22
195.61
206.015
216.42
226.872
237.277
247.683
259.118
269.538
279.975
290.443
300.832
311.253
321.658
332.095
342.5
352.937
363.342
373.763
384.184
394.573
404.978
415.384
425.805
436.21
446.6
457.052
467.504
477.925
488.345
498.751
509.14
519.53
529.951
540.372
550.73
561.104
571.494
581.884
592.32
602.725
613.162
623.567
633.988
644.409
654.83
665.219
675.64
686.061
696.482
706.918
717.308
727.713
738.119
748.508
758.914
769.288
779.677
790.098
800.488
810.909
821.314
831.719
842.156
852.53
862.966
873.387
883.808
894.229
904.665
915.055
925.476
935.881
946.286
956.707
967.097
977.487
987.907
998.297
1008.69
1019.11
1029.5
1039.92
1050.37
1060.77
1071.18
1082.63
1093.02
1103.41
1113.82
1124.25
1134.69
1145.09
1155.5
1165.86
1176.28
1186.7
1197.1
1207.49
1217.87
1228.3
1238.68
1249.07
1259.46
1269.89
1280.32
1290.7
1301.13
1311.55
1321.94
1332.33
1342.72
1353.12
1363.54
1373.96
1384.37
1394.76
1405.19
1415.58
1426.02
1436.43
1446.82
1457.2
1467.63
1478.03
Temperature Data
0
0
0
0
0
0
0
0
0
0
0
0
0
0
0
0
0
0
0
0
0
0
0
0
0
0
0
0
0
0
0
0
0
0
0
0
0
0
0
0
0
0
0
0
0
0
0
0
0
0
0
0
0
0
0
0
0
0
0
0
0
0
0
0
0
0
0
0
0
0
0
0
0
0
0
0
0
0
0
0
0
0
0
0
0
0
0
0
0
0
0
0
0
0
0
0
0
0
0
0
0
0
0
0
0
0
0
0
0
0
0
0
0
0
0
0
0
0
0
0
0
0
0
0
0
0
0
0
0
0
0
0
0
0
0
0
0
0
0
0
0
0
0
Angle Data
0
0
0
0
0
0
0
0
0
0
0
0
0
0
0
0
0
0
0
0
0
0
0
0
0
0
0
0
0
0
0
0
0
0
0
0
0
0
0
0
0
0
0
0
0
0
0
0
0
0
0
0
0
0
0
0
0
0
0
0
0
0
0
0
0
0
0
0
0
0
0
0
0
0
0
0
0
0
0
0
0
0
0
0
0
0
0
0
0
0
0
0
0
0
0
0
0
0
0
0
0
0
0
0
0
0
0
0
0
0
0
0
0
0
0
0
0
0
0
0
0
0
0
0
0
0
0
0
0
0
0
0
0
0
0
0
0
0
0
0
0
0
0
Bx Data
0
0
0
0
0
0
0
0
0
0
0
0
0
0
0
0
0
0
0
0
0
0
0
0
0
0
0
0
0
0
0
0
0
0
0
0
0
0
0
0
0
0
0
0
0
0
0
0
0
0
0
0
0
0
0
0
0
0
0
0
0
0
0
0
0
0
0
0
0
0
0
0
0
0
0
0
0
0
0
0
0
0
0
0
0
0
0
0
0
0
0
0
0
0
0
0
0
0
0
0
0
0
0
0
0
0
0
0
0
0
0
0
0
0
0
0
0
0
0
0
0
0
0
0
0
0
0
0
0
0
0
0
0
0
0
0
0
0
0
0
0
0
0
Hint Data
0
0
0
0
0
0
0
0
0
0
0
0
0
0
0
0
0
0
0
0
0
0
0
0
0
0
0
0
0
0
0
0
0
0
0
0
0
0
0
0
0
0
0
0
0
0
0
0
0
0
0
0
0
0
0
0
0
0
0
0
0
0
0
0
0
0
0
0
0
0
0
0
0
0
0
0
0
0
0
0
0
0
0
0
0
0
0
0
0
0
0
0
0
0
0
0
0
0
0
0
0
0
0
0
0
0
0
0
0
0
0
0
0
0
0
0
0
0
0
0
0
0
0
0
0
0
0
0
0
0
0
0
0
0
0
0
0
0
0
0
0
0
0
Torque Data
-0.060447
-0.059106775053
-0.055987693156
-0.054272514528
-0.052104706344
-0.05040463275
-0.049090395386
-0.046359850266
-0.044567028728
-0.04267883057
-0.040875871045
-0.039078291135
-0.036238129613
-0.034901685756
-0.032513175747
-0.030569372277
-0.028578456816
-0.026621282415
-0.024327226872
-0.02233606972
-0.02006050309
-0.018422181549
-0.01644305558
-0.014479583497
-0.0123507365674
-0.0103414035354
-0.0082803588624
-0.0061453795914
-0.0053893502744
-0.0046268129424
-0.003942059921
-0.0032104029626
-0.002510623225
-0.0018145725683
-0.0010855315429
-0.00035764585164
0.00035470548306
0.00106847672556
0.0017770218998
0.0024989403033
0.0032886084888
0.0039724399176
0.0047252105136
0.0053446025292
0.0061334764926
0.008080427816
0.010248826664
0.012317685336
0.01437450833
0.016423949949
0.018526879014
0.020324971468
0.022440329352
0.024735942056
0.0269500725
0.02872135392
0.03076461528
0.0329642301
0.035126810718
0.037288675704
0.0395172399
0.041198501872
0.04388410752
0.045527687216
0.047343614346
0.04946498928
0.05138068749
0.053882173905
0.055635319816
0.05783354559
0.05905544788
0.061775364843
0.059662409891
0.057642790043
0.055810877925
0.053083104165
0.05159832945
0.0499286241
0.047629352568
0.045392988965
0.04259748023
0.04092452011
0.038977907696
0.037393126065
0.035272734642
0.03273358164
0.030844610366
0.028822815467
0.02669773334
0.024529703787
0.022666452032
0.020446934298
0.01850013326
0.016482053244
0.014591392266
0.01238399534
0.0104123617019
0.00830265246
0.0061567748973
0.0054192747917
0.004704191712
0.0039750496628
0.003260860332
0.0025344463104
0.0018233441694
0.00108443975808
0.0003572277126
-0.000360340869
-0.0010737764399
-0.0017582029638
-0.0025027973562
-0.0031966374816
-0.0039310724826
-0.0046485125493
-0.005367993468
-0.0060854657392
-0.0080883714275
-0.0102110351133
-0.0119477327294
-0.013998160044
-0.015814434885
-0.018190065964
-0.01999087956
-0.022097304744
-0.02396876031
-0.026214202674
-0.028118454699
-0.030082425152
-0.031762581898
-0.03364999794
-0.03605874039
-0.037552985685
-0.039393496896
-0.040844766792
-0.044037300825
-0.045148106291
-0.046926965364
-0.050052461019
-0.051531238668
-0.053594338196
-0.055334691432
-0.057203417287
-0.059754185379
dMdH Data
-7.99808141974939E-08
6.39115809706872E-08
-1.02925308715982E-07
-1.04448046101208E-08
-7.84769395781196E-08
3.91848581967715E-08
1.7136009586579E-08
-8.10567397178095E-09
-1.03729463964496E-08
-2.41969378564997E-08
4.76961843052553E-08
-1.21762589928058E-07
5.76403482437667E-09
1.43062803671045E-07
-4.12965186074424E-08
2.53642741500265E-08
2.78027982946015E-08
-7.60237424306007E-08
5.93744371735616E-08
-8.514210336971E-08
1.20288115246099E-07
-2.06335873282534E-07
7.57512145384748E-08
-1.8002016225808E-09
-2.15569006100792E-08
6.81050386946842E-08
-1.886339060435E-08
4.56475223312844E-07
-5.84225236894132E-07
4.13263750042359E-07
-1.53460961983919E-07
2.30419438034477E-07
-4.15822364500147E-07
3.13972275399512E-07
-2.27113549975181E-07
6.55894457989574E-07
-8.5134406177732E-07
7.01622427412795E-07
-2.6036185885468E-07
9.97718527598978E-08
-2.01794102185817E-07
-3.48360655737728E-08
-8.97331707977781E-08
-1.87167140256244E-08
1.48892153629358E-07
5.17705777548492E-08
1.49966080530224E-07
3.54869700972744E-08
-4.1414444111478E-08
1.63796724065528E-08
9.78273916696625E-09
-7.73474037654383E-09
1.45748258467451E-07
-1.13922532677779E-07
5.47550432276653E-08
1.80018001800087E-09
-7.77444511097777E-08
1.2007684918348E-08
1.04631629469643E-07
2.69848884624617E-08
-7.03608092693776E-08
-4.12272291466917E-08
3.64138925609903E-08
-1.03752097818268E-07
8.80446525026995E-08
7.85195849079246E-08
-9.76224783861664E-08
-4.14694073230658E-08
5.3121807583678E-08
-1.46309288241286E-08
-1.00857982840344E-07
-3.79860777724448E-08
-7.9212674027839E-09
1.09579187147824E-07
-1.71768095066618E-07
8.91689168916897E-08
-1.59615961596168E-08
-9.0374459913586E-08
3.7696272324103E-08
-1.55144453120307E-07
1.36169957390626E-07
4.29959222835203E-08
-1.72105578884223E-07
1.87987987987988E-07
-1.07688619883742E-07
3.44724040598152E-08
-7.82807059671021E-08
8.82158920539721E-08
1.24797504049916E-08
-1.1041104110411E-07
-3.47393052138946E-08
1.68356632867343E-07
-1.20134348947401E-07
1.04921968787516E-07
-1.30570383254364E-07
5.40245271353191E-08
-5.21467060663926E-09
-3.05623104866547E-08
-1.47622764448391E-08
5.0891018330982E-08
1.76506597741804E-07
-1.5121173036454E-07
1.61966073983243E-07
3.10796351964099E-08
-2.00200710126691E-07
-3.44247259039682E-07
6.16282014456965E-07
-8.76069357475431E-08
-1.34035944766303E-07
-1.70021762783705E-10
2.01797897374255E-07
1.31197819049243E-07
3.16481569803095E-07
-3.4900490337468E-07
3.87654993868375E-07
5.78794738011324E-08
3.43446936549241E-08
-7.31503873550046E-08
8.50915724538533E-08
-1.06153292551275E-08
8.90583713668018E-08
6.13724902607129E-08
-1.19013323730644E-07
-1.26035289881167E-08
6.10751139908813E-08
3.27790118268598E-08
-4.89426705804838E-08
-1.46024878312588E-08
8.93392493104616E-09
-1.01937961240775E-07
1.5045309968193E-07
-4.99970025777839E-08
-4.91655660943686E-08
2.09285585747705E-07
-2.2811336615828E-07
6.2211290419342E-08
6.60620983724684E-09
-6.19187616247684E-08
-7.74301809900506E-08
5.05820232809308E-08
-2.22568840362342E-08
6.92409320201774E-08
6.92409320201774E-08
dMdT Data
0
0
0
0
0
0
0
0
0
0
0
0
0
0
0
0
0
0
0
0
0
0
0
0
0
0
0
0
0
0
0
0
0
0
0
0
0
0
0
0
0
0
0
0
0
0
0
0
0
0
0
0
0
0
0
0
0
0
0
0
0
0
0
0
0
0
0
0
0
0
0
0
0
0
0
0
0
0
0
0
0
0
0
0
0
0
0
0
0
0
0
0
0
0
0
0
0
0
0
0
0
0
0
0
0
0
0
0
0
0
0
0
0
0
0
0
0
0
0
0
0
0
0
0
0
0
0
0
0
0
0
0
0
0
0
0
0
0
0
0
0
0
0
 
*********************************************** Results ***************************************
 
TotalArea 0.0015668967031
AreaFirstQuad 9.42460525230081E-04
AreaSecondQuad 6.24436177869919E-04
AreaThirdQuad 0
AreaFourthQuad 0
Coercivity 0
PositiveCoercivity 0
NegativeCoercivity 0
Retentivity 3.20066552976106E-06
PositiveRetentivity 2.15866842738457E-04
NegativeRetentivity 2.09465511678935E-04
Magnetization 0.000219712
PositiveMagnetization 0.000219712
NegativeMagnetization 0.000207654
Flatness -66.4443614089762
Squareness 1.45675499279104E-02
SStar 0
SFD1 0
SFD2 0
Slope 0
Intercept 0
SlopeAtHc 6.92409320201774E-08
dH1 0
dH2 28.920455
InitialSlope -7.99808141974939E-08
FieldAtHalfMs 0
FieldAtMs 133.33
MomentMean 2.13881426573427E-04
MomentRMS 3.25350449513325E-06
SFD3 0
dH3 0
UserField1 0
UserField2 0
CenterField 0
ExchangeField 0
ExchangeMoment 0
ExRegionOneIntercept 0
ExRegionOneSlope 0
ExRegionTwoIntercept 0
ExRegionTwoSlope 0
NegativeIntercept 0
NegativeSlope 0
AutoCenterOffset 0
PinningField 0
PinningMoment 0
PinRegionOneIntercept 0
PinRegionOneSlope 0
PinRegionTwoIntercept 0
PinRegionTwoSlope 0
PositiveIntercept 0
PositiveSlope 0
TotalOffset 0
BHMax 0
BCoercivity 0
BRetentivity 0
BNegativeCoercivity 0
BPositiveCoercivity 0
BNegativeRetentivity 0
BPositiveRetentivity 0
MomentYMean -1.22161237762238E-04
MomentYRMS 1.78949319663906E-06
YOffCorrection 0
Mrt 0
Ms1 0
Ms2 0
Ms3 0
Hc2 0
Hex2 0
HsatValue 0
HsatIntercept 0
HsatSlope 0
CenterH 0
Span .000012058
SpanAsPercentOfRange -.803866666666668
RMSAsPercentOfRange -.21690029967555
SpanAsPercentOfMean 5.63770318591008
RMSAsPercentOfMean 1.52117205652558
