Version 1.25
******************************************** Units *******************************************
System CGS
TemperatureUnit K
MomentUnit emu
AppliedFieldUnit G
 
******************************************** Setup ********************************************
 
Experiment CustomField
Minor False
Acquisition PointByPoint
EditedPoint No
MaxField 15000
FieldIncrement 750
Points 101
MinField 0
RampRate 10
AverageTime 6
TimeInterval 10
TimeConstant 1
TimeConstantIndex 2
Sensitivity -0.0015
SensitivityIndex 5
SensitivityY -4
SensitivityIndexY 0
SaturationField 8000
ExperimentTime 606
Use735Domains False
AutoRangeEnabled False
NumberOfVertices 11
VertexPts
0
10
15
35
40
50
60
65
85
90
100
VertexField
15000
2000
500
-500
-2000
-15000
-2000
-500
500
2000
15000
StartAngle 0
EndAngle 0
AngleIncrement 0
StartTemp 0
FinishTemp 0
TempIncrement 0
TempPoints 0
LengthofSetPointsArray 101
SetPointArray
15000
13700
12400
11100
9800
8500
7200
5900
4600
3300
2000
1700
1400
1100
800
500
450
400
350
300
250
200
150
100
50
0
-50
-100
-150
-200
-250
-300
-350
-400
-450
-500
-800
-1100
-1400
-1700
-2000
-3300
-4600
-5900
-7200
-8500
-9800
-11100
-12400
-13700
-15000
-13700
-12400
-11100
-9800
-8500
-7200
-5900
-4600
-3300
-2000
-1700
-1400
-1100
-800
-500
-450
-400
-350
-300
-250
-200
-150
-100
-50
0
50
100
150
200
250
300
350
400
450
500
800
1100
1400
1700
2000
3300
4600
5900
7200
8500
9800
11100
12400
13700
15000
FieldDomainFile c:\Ideasvsm\Default UserID\Experiments\Jason_1p5T_cus\fdomain.ini
TempDomainFile c:\Ideasvsm\Default UserID\Experiments\Jason_1p5T_cus\tdomain.ini
NumSelectedResults 0
ResultsSelected 
UserName1 
UserValue1 
UserName2 
UserValue2 
LinearBackgroundCorrection Off
MaxLinearFieldCorrection 
MinLinearFieldCorrection 
AutoLinearCorrection Off
FitOneRegion Off
BackgroundMode Off
BackgroundFilename 
AutoCenter Off
OffsetCorrection 
SmoothDeriv Off
DerivOrder 0
DerivPoints 0
MinExFieldOne 
MaxExFieldOne 
MinExFieldTwo 
MaxExFieldTwo 
MinPinFieldOne 
MaxPinFieldOne 
MinPinFieldTwo 
MaxPinFieldTwo 
HCenterStart 
Mass 
Volume 
Density 
MolarWeight 
NumberOfMoles 
Demagnetization 
SampleArea 
Thickness 
MomentScaling 0
XAxis 0
YAxis 0
SimpleSpinValve False
HsatMax 0
HsatMin 0
FieldAutoRange True
 
*************************************************** Experiment Data ********************************************
 
DataPoints 101
MomentX Data
-0.000519678
-0.000471964
-0.000426035
-0.000370344
-0.000320734
-0.000273407
-0.000222596
-0.000177388
-0.00012627
-0.0000757788
-0.0000172849
-0.0000073136
0.00000388226
0.0000188267
0.0000284675
0.0000376133
0.0000400637
0.0000428367
0.0000444931
0.0000451666
0.0000483619
0.0000469093
0.0000425156
0.0000243713
0.00000713179
-0.00000690055
-0.0000161798
-0.0000252183
-0.0000377733
-0.0000535546
-0.0000690903
-0.0000752019
-0.0000742388
-0.0000734966
-0.0000735181
-0.0000723368
-0.0000597687
-0.0000512154
-0.0000350966
-0.0000273649
-0.0000160474
0.0000383966
0.0000882431
0.00013482
0.000198443
0.000242307
0.000290047
0.000336766
0.000386536
0.000436305
0.000482526
0.000433486
0.000385648
0.000341801
0.000288606
0.000245592
0.000193529
0.000143112
0.000096269
0.000038438
-0.00000790661
-0.000019318
-0.0000320142
-0.0000405598
-0.00004983
-0.0000614752
-0.0000630208
-0.0000645839
-0.0000650696
-0.0000667604
-0.0000664796
-0.0000674685
-0.0000627257
-0.0000442747
-0.0000252796
-0.0000110015
-0.000000560125
0.00000959528
0.0000226775
0.0000395454
0.0000556674
0.0000629873
0.000063354
0.0000644989
0.0000618913
0.0000618224
0.0000520455
0.0000427953
0.0000288681
0.0000159574
0.00000639931
-0.000044768
-0.0000984696
-0.000151316
-0.000199995
-0.000245124
-0.000293237
-0.000344783
-0.000390977
-0.0004375
-0.000487775
MomentY Data
-0.000119774
-0.000120584
-0.000122404
-0.000121331
-0.00012118
-0.000121435
-0.000121323
-0.000122086
-0.000123556
-0.000122039
-0.000123684
-0.000125639
-0.000125504
-0.00012416
-0.000123437
-0.000123191
-0.000125718
-0.000125353
-0.000125178
-0.000124868
-0.000125527
-0.00012509
-0.000125869
-0.000124502
-0.000123111
-0.000125233
-0.000123572
-0.000126521
-0.000124145
-0.000122849
-0.000121824
-0.000122682
-0.000123787
-0.000124296
-0.000122968
-0.000123167
-0.000122722
-0.000125567
-0.000125869
-0.000126346
-0.000126123
-0.00012335
-0.000123326
-0.000123779
-0.000124288
-0.000124089
-0.000122929
-0.00012513
-0.00012188
-0.000124494
-0.000126648
-0.000124041
-0.000123676
-0.000128102
-0.000124749
-0.00012517
-0.000124303
-0.00012277
-0.00012579
-0.000122627
-0.000125456
-0.000125893
-0.000124232
-0.000126179
-0.000126338
-0.000125384
-0.000124017
-0.000124009
-0.000125011
-0.000125575
-0.000126147
-0.000124685
-0.000123366
-0.000126171
-0.00012637
-0.000125202
-0.000126394
-0.000124987
-0.000127387
-0.00012687
-0.000126235
-0.000128047
-0.000125901
-0.000126719
-0.000128555
-0.00012691
-0.000128158
-0.000128516
-0.000127395
-0.000127427
-0.000126553
-0.000125122
-0.000125758
-0.000124939
-0.0001242
-0.000125599
-0.00012517
-0.000125949
-0.000120664
-0.000125488
-0.000121713
Field Data
15000
13700
12400
11100
9799.99
8499.97
7199.96
5899.96
4599.97
3299.95
1999.95
1699.97
1399.98
1099.98
799.978
499.979
449.99
399.992
349.992
299.995
249.993
199.993
149.992
99.9913
49.9933
-0.0056544
-50.0079
-100.005
-150.004
-200.008
-250.002
-300.009
-350.005
-400.007
-450.008
-500.003
-800.013
-1100.02
-1400.01
-1700.02
-2000.02
-3300.05
-4600.06
-5900.07
-7200.06
-8500.05
-9800.03
-11100
-12400
-13700
-15000
-13700
-12400
-11100
-9799.97
-8499.97
-7199.97
-5899.96
-4599.97
-3299.98
-1999.96
-1699.97
-1399.98
-1099.98
-799.978
-499.979
-449.991
-399.989
-349.997
-299.99
-249.994
-199.992
-149.991
-99.9966
-49.9916
0.00468628
50.0025
100.006
150.007
200.007
250.007
300.004
350.006
400.002
450.004
500.004
800.011
1100.01
1400.02
1700.02
2000.02
3300.04
4600.05
5900.07
7200.07
8500.04
9800.02
11100
12400
13700
15000
Time Data
0
14.54
29.079
44.586
59.125
73.664
88.203
102.79
117.329
132.898
147.453
160.994
174.566
188.091
201.679
215.235
228.776
242.301
256.809
270.319
283.844
297.385
310.926
324.483
337.977
351.518
365.058
378.584
392.156
405.712
419.238
432.732
446.241
460.781
474.306
487.816
501.356
514.882
528.438
542.01
555.551
570.122
585.691
600.199
615.799
630.354
644.94
659.479
674.096
688.604
703.128
717.699
732.269
746.824
761.395
775.981
790.551
805.122
819.63
835.183
849.769
863.294
876.882
890.454
903.948
917.474
931.014
944.54
959.079
972.651
986.176
999.702
1013.27
1026.86
1040.4
1053.9
1067.42
1080.95
1094.55
1108.09
1121.65
1135.17
1148.76
1163.33
1176.84
1190.38
1203.89
1217.45
1230.96
1244.54
1258.02
1272.59
1288.21
1302.8
1317.37
1331.94
1346.54
1361.09
1375.65
1390.22
1404.74
Temperature Data
0
0
0
0
0
0
0
0
0
0
0
0
0
0
0
0
0
0
0
0
0
0
0
0
0
0
0
0
0
0
0
0
0
0
0
0
0
0
0
0
0
0
0
0
0
0
0
0
0
0
0
0
0
0
0
0
0
0
0
0
0
0
0
0
0
0
0
0
0
0
0
0
0
0
0
0
0
0
0
0
0
0
0
0
0
0
0
0
0
0
0
0
0
0
0
0
0
0
0
0
0
Angle Data
0
0
0
0
0
0
0
0
0
0
0
0
0
0
0
0
0
0
0
0
0
0
0
0
0
0
0
0
0
0
0
0
0
0
0
0
0
0
0
0
0
0
0
0
0
0
0
0
0
0
0
0
0
0
0
0
0
0
0
0
0
0
0
0
0
0
0
0
0
0
0
0
0
0
0
0
0
0
0
0
0
0
0
0
0
0
0
0
0
0
0
0
0
0
0
0
0
0
0
0
0
Bx Data
0
0
0
0
0
0
0
0
0
0
0
0
0
0
0
0
0
0
0
0
0
0
0
0
0
0
0
0
0
0
0
0
0
0
0
0
0
0
0
0
0
0
0
0
0
0
0
0
0
0
0
0
0
0
0
0
0
0
0
0
0
0
0
0
0
0
0
0
0
0
0
0
0
0
0
0
0
0
0
0
0
0
0
0
0
0
0
0
0
0
0
0
0
0
0
0
0
0
0
0
0
Hint Data
0
0
0
0
0
0
0
0
0
0
0
0
0
0
0
0
0
0
0
0
0
0
0
0
0
0
0
0
0
0
0
0
0
0
0
0
0
0
0
0
0
0
0
0
0
0
0
0
0
0
0
0
0
0
0
0
0
0
0
0
0
0
0
0
0
0
0
0
0
0
0
0
0
0
0
0
0
0
0
0
0
0
0
0
0
0
0
0
0
0
0
0
0
0
0
0
0
0
0
0
0
Torque Data
-1.79661
-1.6520008
-1.5178096
-1.3467741
-1.1875627882
-1.03219385695
-0.87352074708
-0.72030251656
-0.56835389332
-0.40272259805
-0.2473618158
-0.21358253083
-0.17570308992
-0.1365735168
-0.098746884386
-0.061592912989
-0.05657184282
-0.050140197176
-0.043811298576
-0.03745977566
-0.031380871311
-0.02501712437
-0.018879343048
-0.0124491168326
-0.0061547251563
7.081174752E-07
0.0061795762188
0.012652732605
0.01862224658
0.024570782792
0.030456243648
0.036805704138
0.043326068935
0.049719270072
0.055336583744
0.061583869501
0.098179195386
0.13812621134
0.17621785869
0.21479072692
0.25224852246
0.4070611675
0.56730699956
0.73030476453
0.89488105728
1.05476270445
1.20470788787
1.388943
1.511312
1.7055678
1.89972
1.6993617
1.5335824
1.4219322
1.22253645753
1.0639412449
0.89497787091
0.7243380892
0.5786302263
0.40466664746
0.25090698176
0.21401432321
0.17392231536
0.13879437642
0.101067620564
0.062689366936
0.055806533847
0.049602235901
0.043753474967
0.03767124425
0.031535993118
0.02493600252
0.018503789706
0.0126166710186
0.006317438492
-5.8673162856E-07
-0.006320015985
-0.012499449922
-0.019108941709
-0.02537488809
-0.031559633645
-0.038414612188
-0.044066105406
-0.050687853438
-0.05785026422
-0.06345550764
-0.102527809738
-0.14136888516
-0.1783555479
-0.21662844854
-0.25310853106
-0.41290760488
-0.5784930879
-0.73714884573
-0.894248694
-1.06759652396
-1.2266685034
-1.3980339
-1.4962336
-1.7191856
-1.825695
dMdH Data
-3.67030769230769E-08
-0.00000003533
-4.28392307692308E-08
-3.81612449135007E-08
-3.64048245411609E-08
-3.90850839608926E-08
-3.47753846153846E-08
-3.9321840937238E-08
-3.88387870955831E-08
-4.49953076923077E-08
-3.32398826588439E-08
-3.73207773592453E-08
-0.0000000498148
-3.21357857614283E-08
-3.04861016203387E-08
-4.90187841325092E-08
-5.54622184887396E-08
-0.000000033128
-1.34708082484949E-08
-6.39034438622455E-08
0.000000029052
8.78722425551489E-08
3.62880919667125E-07
3.44803992159686E-07
2.80652669008614E-07
1.85576665380804E-07
1.80780485268146E-07
2.51105022100442E-07
3.15600751939845E-07
3.10751290154819E-07
1.22214889915412E-07
-1.92635410832865E-08
-1.48434062637495E-08
4.29991400171991E-10
-2.36283628362838E-08
-4.1892270257658E-08
-2.85103347588556E-08
-5.37311243708124E-08
-2.57714742841905E-08
-0.000000037725
-4.1879033560764E-08
-3.83431665910262E-08
-3.58281090145461E-08
-4.89411457011208E-08
-3.37417980138309E-08
-3.67236419021831E-08
-3.59385216581922E-08
-3.82846153846154E-08
-3.82838461538462E-08
-3.55546153846154E-08
-3.77230769230769E-08
-3.67984615384616E-08
-3.37284615384616E-08
-4.09182865010807E-08
-3.30876923076923E-08
-4.00484615384616E-08
-3.87820093691587E-08
-3.60333541027239E-08
-4.44857268132832E-08
-3.56491515515146E-08
-3.80392346411547E-08
-4.23220774025801E-08
-2.84853333333333E-08
-3.09004606635956E-08
-3.88174627248758E-08
-3.09194206609587E-08
-3.1260749570017E-08
-9.71555448871823E-09
-3.3811266422701E-08
5.61644931594539E-09
-1.97772089116437E-08
9.48541029179418E-08
3.69061334869505E-07
3.7986401359864E-07
2.85583211521686E-07
2.08836631507015E-07
2.0309388342816E-07
2.61639167216656E-07
0.000000337358
0.00000032244
1.46406784407064E-07
7.33370665173389E-09
2.28998319865588E-08
-5.21499140034398E-08
-1.3779999999999E-09
-3.2588906258854E-08
-3.08341027803426E-08
-4.64224525849138E-08
-4.30356666666667E-08
-0.0000000318603
-3.93588637097891E-08
-4.13086053184206E-08
-4.06504515315149E-08
-3.74453846153846E-08
-3.47154165096117E-08
-3.70105693933753E-08
-3.96513792519885E-08
-3.55338461538462E-08
-3.57869230769231E-08
-3.86730769230769E-08
-3.86730769230769E-08
dMdT Data
0
0
0
0
0
0
0
0
0
0
0
0
0
0
0
0
0
0
0
0
0
0
0
0
0
0
0
0
0
0
0
0
0
0
0
0
0
0
0
0
0
0
0
0
0
0
0
0
0
0
0
0
0
0
0
0
0
0
0
0
0
0
0
0
0
0
0
0
0
0
0
0
0
0
0
0
0
0
0
0
0
0
0
0
0
0
0
0
0
0
0
0
0
0
0
0
0
0
0
0
0
 
*********************************************** Results ***************************************
 
TotalArea -0.464342386343701
AreaFirstQuad -3.74499960449009E-02
AreaSecondQuad -1.59077773307763E-02
AreaThirdQuad -1.39061202509274E-02
AreaFourthQuad -0.397078492717097
Coercivity 739.711119045802
PositiveCoercivity 24.5818545104825
NegativeCoercivity 1504.00409260209
Retentivity 2.05193762267207E-06
PositiveRetentivity -6.89896307754836E-06
NegativeRetentivity -1.10028383228925E-05
Magnetization 0.000501102
PositiveMagnetization 0.000482526
NegativeMagnetization -0.000519678
Flatness 35.1345304301619
Squareness 4.09485019551322E-03
SStar 1.07432780819888
SFD1 1.03716390409944
SFD2 0.405562143755506
Slope 0
Intercept 0
SlopeAtHc -3.73207773592453E-08
dH1 -27.4905530895078
dH2 299.9988272
InitialSlope -3.67030769230769E-08
FieldAtHalfMs 0
FieldAtMs -15000
MomentMean -1.38460657920792E-05
MomentRMS 1.92125192242579E-04
SFD3 1.07432780819888
dH3 -54.9811061790153
UserField1 0
UserField2 0
CenterField 0
ExchangeField 0
ExchangeMoment 0
ExRegionOneIntercept 0
ExRegionOneSlope 0
ExRegionTwoIntercept 0
ExRegionTwoSlope 0
NegativeIntercept 0
NegativeSlope 0
AutoCenterOffset 0
PinningField 0
PinningMoment 0
PinRegionOneIntercept 0
PinRegionOneSlope 0
PinRegionTwoIntercept 0
PinRegionTwoSlope 0
PositiveIntercept 0
PositiveSlope 0
TotalOffset 0
BHMax 0
BCoercivity 0
BRetentivity 0
BNegativeCoercivity 0
BPositiveCoercivity 0
BNegativeRetentivity 0
BPositiveRetentivity 0
MomentYMean -1.24653920792079E-04
MomentYRMS 1.86612834865755E-06
YOffCorrection 0
Mrt 0
Ms1 0
Ms2 0
Ms3 0
Hc2 0
Hex2 0
HsatValue 0
HsatIntercept 0
HsatSlope 0
CenterH 0
Span .001002204
SpanAsPercentOfRange -66.8136
RMSAsPercentOfRange -12.8083461495053
SpanAsPercentOfMean -7238.18603096138
RMSAsPercentOfMean -1387.57965712171
