Version 1.25
******************************************** Units *******************************************
System CGS
TemperatureUnit K
MomentUnit emu
AppliedFieldUnit G
 
******************************************** Setup ********************************************
 
Experiment CustomField
Minor False
Acquisition PointByPoint
EditedPoint No
MaxField 15000
FieldIncrement 750
Points 101
MinField 0
RampRate 10
AverageTime 6
TimeInterval 10
TimeConstant 1
TimeConstantIndex 2
Sensitivity -0.0015
SensitivityIndex 5
SensitivityY -4
SensitivityIndexY 0
SaturationField 8000
ExperimentTime 606
Use735Domains False
AutoRangeEnabled False
NumberOfVertices 11
VertexPts
0
10
15
35
40
50
60
65
85
90
100
VertexField
15000
2000
500
-500
-2000
-15000
-2000
-500
500
2000
15000
StartAngle 0
EndAngle 0
AngleIncrement 0
StartTemp 0
FinishTemp 0
TempIncrement 0
TempPoints 0
LengthofSetPointsArray 101
SetPointArray
15000
13700
12400
11100
9800
8500
7200
5900
4600
3300
2000
1700
1400
1100
800
500
450
400
350
300
250
200
150
100
50
0
-50
-100
-150
-200
-250
-300
-350
-400
-450
-500
-800
-1100
-1400
-1700
-2000
-3300
-4600
-5900
-7200
-8500
-9800
-11100
-12400
-13700
-15000
-13700
-12400
-11100
-9800
-8500
-7200
-5900
-4600
-3300
-2000
-1700
-1400
-1100
-800
-500
-450
-400
-350
-300
-250
-200
-150
-100
-50
0
50
100
150
200
250
300
350
400
450
500
800
1100
1400
1700
2000
3300
4600
5900
7200
8500
9800
11100
12400
13700
15000
FieldDomainFile c:\Ideasvsm\Default UserID\Experiments\Jason_1p5T_cus\fdomain.ini
TempDomainFile c:\Ideasvsm\Default UserID\Experiments\Jason_1p5T_cus\tdomain.ini
NumSelectedResults 0
ResultsSelected 
UserName1 
UserValue1 
UserName2 
UserValue2 
LinearBackgroundCorrection Off
MaxLinearFieldCorrection 
MinLinearFieldCorrection 
AutoLinearCorrection Off
FitOneRegion Off
BackgroundMode Off
BackgroundFilename 
AutoCenter Off
OffsetCorrection 
SmoothDeriv Off
DerivOrder 0
DerivPoints 0
MinExFieldOne 
MaxExFieldOne 
MinExFieldTwo 
MaxExFieldTwo 
MinPinFieldOne 
MaxPinFieldOne 
MinPinFieldTwo 
MaxPinFieldTwo 
HCenterStart 
Mass 
Volume 
Density 
MolarWeight 
NumberOfMoles 
Demagnetization 
SampleArea 
Thickness 
MomentScaling 0
XAxis 0
YAxis 0
SimpleSpinValve False
HsatMax 0
HsatMin 0
FieldAutoRange True
 
*************************************************** Experiment Data ********************************************
 
DataPoints 101
MomentX Data
-0.000432758
-0.000381854
-0.000337244
-0.000284982
-0.000236509
-0.000186348
-0.000137398
-0.0000870427
-0.0000363071
0.0000159975
0.0000670567
0.00008272
0.0000916716
0.000106405
0.000115909
0.000126577
0.000127589
0.000131581
0.000130984
0.000134806
0.000135703
0.00013547
0.000129928
0.000112393
0.0000939666
0.0000795023
0.0000718231
0.0000622906
0.000050261
0.0000330312
0.0000168441
0.0000112069
0.0000109665
0.0000131769
0.0000141357
0.0000157468
0.0000254496
0.000037478
0.0000480513
0.0000585562
0.0000718799
0.000126477
0.000179323
0.000230715
0.000272857
0.000336394
0.000371791
0.000424615
0.000477714
0.000526264
0.000571549
0.000524207
0.000476382
0.000426462
0.000373895
0.0003301
0.000284653
0.000230582
0.0001716
0.000128663
0.0000736984
0.0000652411
0.0000516709
0.0000424031
0.0000330766
0.0000233493
0.0000206666
0.0000206423
0.0000183035
0.0000178343
0.0000164152
0.0000161073
0.0000209445
0.0000415393
0.000058194
0.0000728251
0.0000841164
0.0000922216
0.000103688
0.000122555
0.00013823
0.000144667
0.000144835
0.00014617
0.000145452
0.000144092
0.000133014
0.000121483
0.000111403
0.000101023
0.0000886342
0.0000321654
-0.0000151275
-0.0000606057
-0.000119082
-0.0001659
-0.00021562
-0.000264688
-0.000312443
-0.000359581
-0.000407866
MomentY Data
-0.000117294
-0.00011731
-0.000119734
-0.000120449
-0.000120529
-0.000117914
-0.000118955
-0.000118446
-0.000120529
-0.000122086
-0.000124852
-0.000124256
-0.000124868
-0.000126561
-0.000126497
-0.000125678
-0.000127045
-0.000127006
-0.000125066
-0.000124892
-0.000124526
-0.000124248
-0.000126203
-0.000125869
-0.00012571
-0.000124065
-0.000124367
-0.000126521
-0.000123421
-0.000123858
-0.000124963
-0.000126648
-0.0001242
-0.000125559
-0.000124002
-0.000124502
-0.000122714
-0.000125289
-0.000123636
-0.000124264
-0.00012153
-0.000121212
-0.000122992
-0.000123882
-0.000123143
-0.000123636
-0.000123827
-0.000123334
-0.000126108
-0.00012598
-0.000123382
-0.000125011
-0.000120926
-0.000125631
-0.000122563
-0.00012517
-0.00012509
-0.000124804
-0.000124804
-0.000124788
-0.00012784
-0.00012904
-0.000126751
-0.000125678
-0.000125662
-0.000127546
-0.000125941
-0.000126274
-0.000127538
-0.000126402
-0.000128396
-0.000126624
-0.000127037
-0.000126147
-0.000125718
-0.000126219
-0.000127157
-0.000126362
-0.000127371
-0.000126545
-0.000127427
-0.000127618
-0.000126576
-0.000127331
-0.000128635
-0.000128746
-0.000128778
-0.000127586
-0.000128023
-0.000127101
-0.000127029
-0.00012397
-0.000124256
-0.000125194
-0.000124788
-0.000125845
-0.000123978
-0.000125591
-0.000122229
-0.000124033
-0.000123858
Field Data
15000
13700
12400
11100
9799.98
8499.97
7199.96
5899.96
4599.96
3299.96
1999.96
1699.98
1399.98
1099.98
799.98
499.977
449.991
399.993
349.997
299.992
249.995
199.993
149.993
99.993
49.9953
-0.00432616
-50.0042
-100.006
-150.001
-200.006
-250.006
-300.002
-350.002
-400.004
-450.005
-500.007
-800.013
-1100.02
-1400.01
-1700.02
-2000.01
-3300.04
-4600.06
-5900.07
-7200.06
-8500.05
-9800.02
-11100
-12400
-13700
-15000
-13700
-12400
-11100
-9799.98
-8499.97
-7199.97
-5899.97
-4599.97
-3299.98
-1999.96
-1699.98
-1399.98
-1099.97
-799.977
-499.977
-449.988
-399.989
-349.994
-299.995
-249.995
-199.994
-149.991
-99.9904
-49.9946
0.005632
50.0069
100.006
150.008
200.005
250.007
300.006
350.004
400.007
450.003
500.004
800.014
1100.01
1400.02
1700.02
2000.02
3300.04
4600.05
5900.06
7200.06
8500.05
9800.03
11100
12400
13700
15000
Time Data
0
14.508
29.032
43.618
59.124
73.695
88.156
102.711
117.219
132.788
147.296
160.837
174.315
187.841
201.335
214.891
228.448
241.973
256.559
270.038
283.61
297.151
310.676
324.17
337.742
351.283
364.777
379.332
392.842
406.351
419.861
433.386
446.912
461.451
474.992
488.501
502.042
515.599
529.077
542.571
556.097
570.683
586.236
600.791
615.361
629.885
644.362
658.917
673.425
687.996
702.566
717.074
732.627
747.229
761.831
776.401
790.956
806.525
821.096
836.68
851.204
864.776
878.239
891.764
905.258
918.768
932.293
945.818
960.373
973.883
988.422
1001.93
1015.44
1028.95
1043.51
1057.06
1070.64
1085.14
1098.68
1112.23
1125.81
1140.37
1153.88
1168.46
1181.97
1195.56
1209.05
1223.59
1237.18
1250.72
1264.22
1278.77
1294.36
1308.94
1323.48
1338.1
1352.67
1367.21
1381.75
1396.32
1410.89
Temperature Data
0
0
0
0
0
0
0
0
0
0
0
0
0
0
0
0
0
0
0
0
0
0
0
0
0
0
0
0
0
0
0
0
0
0
0
0
0
0
0
0
0
0
0
0
0
0
0
0
0
0
0
0
0
0
0
0
0
0
0
0
0
0
0
0
0
0
0
0
0
0
0
0
0
0
0
0
0
0
0
0
0
0
0
0
0
0
0
0
0
0
0
0
0
0
0
0
0
0
0
0
0
Angle Data
0
0
0
0
0
0
0
0
0
0
0
0
0
0
0
0
0
0
0
0
0
0
0
0
0
0
0
0
0
0
0
0
0
0
0
0
0
0
0
0
0
0
0
0
0
0
0
0
0
0
0
0
0
0
0
0
0
0
0
0
0
0
0
0
0
0
0
0
0
0
0
0
0
0
0
0
0
0
0
0
0
0
0
0
0
0
0
0
0
0
0
0
0
0
0
0
0
0
0
0
0
Bx Data
0
0
0
0
0
0
0
0
0
0
0
0
0
0
0
0
0
0
0
0
0
0
0
0
0
0
0
0
0
0
0
0
0
0
0
0
0
0
0
0
0
0
0
0
0
0
0
0
0
0
0
0
0
0
0
0
0
0
0
0
0
0
0
0
0
0
0
0
0
0
0
0
0
0
0
0
0
0
0
0
0
0
0
0
0
0
0
0
0
0
0
0
0
0
0
0
0
0
0
0
0
Hint Data
0
0
0
0
0
0
0
0
0
0
0
0
0
0
0
0
0
0
0
0
0
0
0
0
0
0
0
0
0
0
0
0
0
0
0
0
0
0
0
0
0
0
0
0
0
0
0
0
0
0
0
0
0
0
0
0
0
0
0
0
0
0
0
0
0
0
0
0
0
0
0
0
0
0
0
0
0
0
0
0
0
0
0
0
0
0
0
0
0
0
0
0
0
0
0
0
0
0
0
0
0
Torque Data
-1.75941
-1.607147
-1.4847016
-1.3369839
-1.18118178942
-1.00226546258
-0.8564712418
-0.69882666216
-0.55442857884
-0.40287891656
-0.24969900592
-0.21123271488
-0.17481270264
-0.13921456878
-0.10119507006
-0.062836109406
-0.057169106595
-0.050801510958
-0.043772724802
-0.037466600864
-0.03113087737
-0.024848730264
-0.018929566579
-0.012586018917
-0.006284909163
5.367250404E-07
0.0062188723414
0.012652859126
0.018513273421
0.024772343148
0.031241499778
0.037994653296
0.0434702484
0.050224102236
0.05580152001
0.062251871514
0.098172795282
0.13782040578
0.17309163636
0.21125128528
0.2430612153
0.40000444848
0.56577057952
0.73091247174
0.88663698858
1.0509121818
1.21350707654
1.3690074
1.5637392
1.725926
1.85073
1.7126507
1.4994824
1.3945041
1.20111494874
1.0639412449
0.9006442473
0.73633985588
0.57409465588
0.41179790424
0.2556748864
0.2193654192
0.17744886498
0.13824202966
0.100526709774
0.063770066442
0.056671938708
0.050508210986
0.044637534772
0.03791996799
0.03209835802
0.025324040256
0.019054406667
0.0126134889888
0.0062852211228
-0.000000710865408
-0.0063587273833
-0.012636958172
-0.019106668968
-0.025309632725
-0.031857641989
-0.038286165708
-0.044302106304
-0.050933291317
-0.057886135905
-0.064373514984
-0.103024202892
-0.14034587586
-0.17923476046
-0.21607424202
-0.25406054058
-0.4091059588
-0.5715838128
-0.73865211164
-0.89848108728
-1.06968879225
-1.21498811934
-1.3940601
-1.5156396
-1.6992521
-1.85787
dMdH Data
-3.91569230769231E-08
-3.43153846153846E-08
-4.02015384615385E-08
-3.72863494407778E-08
-3.85850878070169E-08
-3.76535565111038E-08
-3.87348461538462E-08
-3.90273846153846E-08
-4.02343076923077E-08
-3.92763076923077E-08
-5.22144809653977E-08
-2.98386666666667E-08
-4.91113333333333E-08
-0.00000003168
-3.5559644403556E-08
-2.02456687872604E-08
-7.98431937277491E-08
1.1940955276422E-08
-7.64323567643237E-08
-1.79410764645879E-08
4.65981360745589E-09
0.00000011084
0.0000003507
3.68544953067841E-07
2.89288162949737E-07
1.53584387524127E-07
1.90643136847073E-07
2.40616061606161E-07
3.44561543845615E-07
0.000000323742
1.12753020241619E-07
4.80799999999997E-09
-4.420623175073E-08
-1.91756164876702E-08
-3.22207111715531E-08
-3.23420198262701E-08
-4.00937311462733E-08
-3.52455081836061E-08
-3.5015166161128E-08
-4.44138137937931E-08
-4.19968000738444E-08
-4.06501438439409E-08
-3.95320035999723E-08
-3.2417172439788E-08
-4.88749913460873E-08
-2.72290899020746E-08
-4.06344712995585E-08
-4.08453846153846E-08
-3.73461538461539E-08
-3.48346153846153E-08
-3.64169230769231E-08
-3.67884615384615E-08
-0.0000000384
-4.04355317610498E-08
-3.36882023984431E-08
-3.49592307692308E-08
-4.15930769230769E-08
-4.53707692307692E-08
-3.30287156055046E-08
-4.22798110798295E-08
-2.81928795253017E-08
-0.000000045234
-3.08916369454352E-08
-3.1089058744704E-08
-3.24243333333333E-08
-5.36658064774251E-08
-4.86009720194385E-10
-4.67806780678069E-08
-9.38418768375365E-09
-0.000000028382
-6.15787684246317E-09
9.67381957082575E-08
4.11891057307312E-07
3.33121982246509E-07
2.9262064224022E-07
2.25820273197872E-07
1.62106917924522E-07
2.2931882724691E-07
3.77362641758505E-07
3.1348746050158E-07
1.28742574851497E-07
3.36013440537653E-09
2.6698398096114E-08
-1.43611488919114E-08
-2.71994560108798E-08
-3.6925435818806E-08
-3.84371791623889E-08
-3.35988800373321E-08
-0.0000000346
-0.000000041296
-4.34368702019969E-08
-3.63788740086615E-08
-3.49829616695256E-08
-4.49817692307692E-08
-3.6014123185563E-08
-3.82467422575732E-08
-3.77454864343024E-08
-3.67346153846154E-08
-0.00000003626
-3.71423076923077E-08
-3.71423076923077E-08
dMdT Data
0
0
0
0
0
0
0
0
0
0
0
0
0
0
0
0
0
0
0
0
0
0
0
0
0
0
0
0
0
0
0
0
0
0
0
0
0
0
0
0
0
0
0
0
0
0
0
0
0
0
0
0
0
0
0
0
0
0
0
0
0
0
0
0
0
0
0
0
0
0
0
0
0
0
0
0
0
0
0
0
0
0
0
0
0
0
0
0
0
0
0
0
0
0
0
0
0
0
0
0
0
 
*********************************************** Results ***************************************
 
TotalArea -0.287312014931351
AreaFirstQuad -5.03255596181061E-02
AreaSecondQuad -6.99319810522223E-03
AreaThirdQuad 0
AreaFourthQuad -0.229993257208022
Coercivity 243.324783058174
PositiveCoercivity 4184.2179982619
NegativeCoercivity 3697.56843214555
Retentivity 3.34004977316807E-06
PositiveRetentivity 7.9503551506879E-05
NegativeRetentivity 7.28234519605429E-05
Magnetization 0.0005021535
PositiveMagnetization 0.000571549
NegativeMagnetization -0.000432758
Flatness -10.6960244941244
Squareness 6.65145174367613E-03
SStar 1.34116939156491
SFD1 1.17058469578245
SFD2 0.719197871259013
Slope 0
Intercept 0
SlopeAtHc -4.02343076923077E-08
dH1 -41.5074840943098
dH2 174.998666
InitialSlope -3.91569230769231E-08
FieldAtHalfMs 0
FieldAtMs -15000
MomentMean 7.15713425742574E-05
MomentRMS 1.93200391108012E-04
SFD3 1.34116939156491
dH3 -83.0149681886201
UserField1 0
UserField2 0
CenterField 0
ExchangeField 0
ExchangeMoment 0
ExRegionOneIntercept 0
ExRegionOneSlope 0
ExRegionTwoIntercept 0
ExRegionTwoSlope 0
NegativeIntercept 0
NegativeSlope 0
AutoCenterOffset 0
PinningField 0
PinningMoment 0
PinRegionOneIntercept 0
PinRegionOneSlope 0
PinRegionTwoIntercept 0
PinRegionTwoSlope 0
PositiveIntercept 0
PositiveSlope 0
TotalOffset 0
BHMax 0
BCoercivity 0
BRetentivity 0
BNegativeCoercivity 0
BPositiveCoercivity 0
BNegativeRetentivity 0
BPositiveRetentivity 0
MomentYMean -1.24823613861386E-04
MomentYRMS 2.51127801714703E-06
YOffCorrection 0
Mrt 0
Ms1 0
Ms2 0
Ms3 0
Hc2 0
Hex2 0
HsatValue 0
HsatIntercept 0
HsatSlope 0
CenterH 0
Span .001004307
SpanAsPercentOfRange -66.9538
RMSAsPercentOfRange -12.8800260738675
SpanAsPercentOfMean 1403.22503934868
RMSAsPercentOfMean 269.940990568342
